* Measurement data measured by REW V5.40 beta 55
* Source: Headset (USB-C to 3.5mm Headphone Jack Adapter), MICROPHONE (Master Volume), L, volume: 0.500
* Format: 256k Log Swept Sine, 1 sweep at -6.0 dBFS with no timing reference
* Dated: Jan 13, 2025 12:27:18 AM
* REW Settings:
*  C-weighting compensation: Off
*  Target level: 75.0 dB
* Note: ; 
* Measurement: L9
* Smoothing: 1/12 octave
* Frequency Step: 96 ppo
* Start Frequency: 20.0 Hz
*
* Freq(Hz), SPL(dB), Phase(degrees)
19.995176, 79.180, -11.2059
20.140070, 79.302, -12.5155
20.286013, 79.394, -13.8622
20.433014, 79.451, -15.1969
20.581080, 79.474, -16.4640
20.730219, 79.467, -17.6074
20.880438, 79.436, -18.5747
21.031747, 79.392, -19.3259
21.184151, 79.348, -19.8433
21.337660, 79.320, -20.1388
21.492282, 79.322, -20.2602
21.648024, 79.366, -20.2904
21.804894, 79.457, -20.3364
21.962902, 79.592, -20.5128
22.122054, 79.763, -20.9201
22.282359, 79.953, -21.6270
22.443827, 80.146, -22.6628
22.606464, 80.324, -24.0161
22.770280, 80.471, -25.6410
22.935282, 80.578, -27.4664
23.101481, 80.638, -29.4041
23.268884, 80.650, -31.3589
23.437500, 80.618, -33.2357
23.607337, 80.551, -34.9499
23.778406, 80.464, -36.4385
23.950714, 80.375, -37.6705
24.124271, 80.303, -38.6571
24.299085, 80.265, -39.4545
24.475166, 80.273, -40.1565
24.652524, 80.329, -40.8759
24.831166, 80.425, -41.7177
25.011103, 80.547, -42.7560
25.192344, 80.675, -44.0186
25.374898, 80.793, -45.4849
25.558775, 80.884, -47.0942
25.743984, 80.942, -48.7581
25.930536, 80.966, -50.3778
26.118439, 80.962, -51.8600
26.307704, 80.943, -53.1357
26.498340, 80.928, -54.1757
26.690358, 80.934, -55.0026
26.883768, 80.977, -55.6913
27.078578, 81.062, -56.3543
27.274801, 81.186, -57.1144
27.472445, 81.333, -58.0716
27.671522, 81.483, -59.2790
27.872041, 81.614, -60.7323
28.074014, 81.706, -62.3741
28.277450, 81.746, -64.1052
28.482360, 81.729, -65.8025
28.688755, 81.659, -67.3353
28.896645, 81.548, -68.5863
29.106042, 81.416, -69.4732
29.316956, 81.289, -69.9719
29.529399, 81.194, -70.1328
29.743381, 81.152, -70.0817
29.958914, 81.171, -69.9935
30.176009, 81.245, -70.0485
30.394677, 81.356, -70.3842
30.614929, 81.477, -71.0670
30.836777, 81.583, -72.0877
31.060233, 81.653, -73.3762
31.285309, 81.674, -74.8222
31.512015, 81.641, -76.2968
31.740364, 81.557, -77.6692
31.970368, 81.432, -78.8215
32.202038, 81.284, -79.6648
32.435387, 81.134, -80.1535
32.670428, 81.008, -80.3003
32.907171, 80.927, -80.1827
33.145630, 80.908, -79.9355
33.385817, 80.954, -79.7249
33.627744, 81.057, -79.7114
33.871425, 81.200, -80.0141
34.116871, 81.357, -80.6895
34.364096, 81.506, -81.7287
34.613112, 81.625, -83.0684
34.863933, 81.702, -84.6089
35.116572, 81.729, -86.2325
35.371041, 81.708, -87.8203
35.627354, 81.646, -89.2689
35.885524, 81.557, -90.5035
36.145566, 81.455, -91.4872
36.407491, 81.357, -92.2243
36.671315, 81.273, -92.7529
36.937051, 81.212, -93.1307
37.204712, 81.175, -93.4169
37.474312, 81.162, -93.6590
37.745867, 81.169, -93.8891
38.019389, 81.195, -94.1297
38.294893, 81.240, -94.4021
38.572393, 81.301, -94.7322
38.851905, 81.377, -95.1478
39.133442, 81.462, -95.6701
39.417019, 81.548, -96.3039
39.702651, 81.629, -97.0332
39.990353, 81.701, -97.8253
40.280139, 81.762, -98.6417
40.572026, 81.816, -99.4510
40.866027, 81.865, -100.2383
41.162159, 81.913, -101.0055
41.460437, 81.960, -101.7639
41.760877, 82.006, -102.5220
42.063493, 82.045, -103.2773
42.368303, 82.077, -104.0141
42.675321, 82.101, -104.7114
42.984564, 82.120, -105.3524
43.296048, 82.135, -105.9314
43.609789, 82.151, -106.4543
43.925803, 82.169, -106.9327
44.244108, 82.188, -107.3772
44.564719, 82.209, -107.7955
44.887653, 82.234, -108.1982
45.212928, 82.265, -108.6057
45.540559, 82.302, -109.0502
45.870565, 82.342, -109.5669
46.202962, 82.380, -110.1768
46.537767, 82.407, -110.8734
46.874999, 82.418, -111.6194
47.214675, 82.413, -112.3613
47.556812, 82.396, -113.0528
47.901428, 82.378, -113.6771
48.248542, 82.365, -114.2534
48.598170, 82.363, -114.8252
48.950333, 82.370, -115.4360
49.305047, 82.378, -116.1070
49.662332, 82.383, -116.8303
50.022206, 82.378, -117.5752
50.384687, 82.365, -118.3039
50.749795, 82.344, -118.9827
51.117549, 82.318, -119.5879
51.487968, 82.292, -120.1079
51.861071, 82.269, -120.5446
52.236878, 82.255, -120.9176
52.615408, 82.252, -121.2633
52.996681, 82.258, -121.6259
53.380716, 82.268, -122.0398
53.767535, 82.275, -122.5139
54.157157, 82.273, -123.0293
54.549602, 82.261, -123.5525
54.944891, 82.242, -124.0576
55.343044, 82.222, -124.5420
55.744083, 82.204, -125.0270
56.148027, 82.191, -125.5447
56.554899, 82.179, -126.1200
56.964719, 82.165, -126.7594
57.377509, 82.146, -127.4512
57.793290, 82.119, -128.1688
58.212084, 82.084, -128.8762
58.633913, 82.045, -129.5342
59.058798, 82.005, -130.1118
59.486763, 81.974, -130.6024
59.917828, 81.957, -131.0340
60.352018, 81.959, -131.4610
60.789353, 81.973, -131.9379
61.229858, 81.990, -132.4905
61.673555, 82.002, -133.1038
62.120467, 82.000, -133.7343
62.570617, 81.986, -134.3341
63.024030, 81.963, -134.8711
63.480728, 81.934, -135.3361
63.940735, 81.904, -135.7400
64.404076, 81.877, -136.1053
64.870775, 81.852, -136.4582
65.340855, 81.829, -136.8198
65.814342, 81.806, -137.1996
66.291260, 81.781, -137.5942
66.771634, 81.754, -137.9934
67.255488, 81.725, -138.3878
67.742849, 81.697, -138.7733
68.233742, 81.671, -139.1507
68.728192, 81.646, -139.5220
69.226225, 81.622, -139.8883
69.727866, 81.598, -140.2469
70.233143, 81.572, -140.5908
70.742082, 81.545, -140.9102
71.254708, 81.516, -141.1971
71.771049, 81.487, -141.4502
72.291131, 81.458, -141.6755
72.814983, 81.430, -141.8835
73.342630, 81.403, -142.0871
73.874101, 81.377, -142.2980
74.409423, 81.349, -142.5253
74.948625, 81.319, -142.7716
75.491733, 81.287, -143.0331
76.038777, 81.251, -143.3022
76.589786, 81.213, -143.5714
77.144787, 81.173, -143.8351
77.703810, 81.134, -144.0905
78.266884, 81.095, -144.3382
78.834038, 81.058, -144.5804
79.405302, 81.023, -144.8199
79.980705, 80.990, -145.0600
80.560278, 80.957, -145.3030
81.144051, 80.924, -145.5466
81.732055, 80.891, -145.7816
82.324319, 80.857, -145.9962
82.920875, 80.824, -146.1847
83.521754, 80.795, -146.3501
84.126987, 80.770, -146.4987
84.736605, 80.748, -146.6352
85.350642, 80.729, -146.7632
85.969128, 80.712, -146.8850
86.592096, 80.695, -146.9963
87.219578, 80.676, -147.0839
87.851607, 80.655, -147.1341
88.488216, 80.636, -147.1459
89.129438, 80.619, -147.1365
89.775306, 80.603, -147.1335
90.425855, 80.588, -147.1598
91.081118, 80.570, -147.2243
91.741129, 80.546, -147.3233
92.405924, 80.518, -147.4467
93.075535, 80.486, -147.5845
93.749999, 80.452, -147.7281
94.429350, 80.418, -147.8706
95.113624, 80.386, -148.0069
95.802856, 80.357, -148.1334
96.497083, 80.333, -148.2459
97.196341, 80.311, -148.3417
97.900666, 80.292, -148.4204
98.610094, 80.275, -148.4820
99.324664, 80.256, -148.5249
100.044411, 80.236, -148.5480
100.769374, 80.214, -148.5545
101.499591, 80.190, -148.5516
102.235098, 80.166, -148.5515
102.975936, 80.142, -148.5730
103.722142, 80.120, -148.6350
104.473756, 80.098, -148.7439
105.230815, 80.074, -148.8859
105.993361, 80.049, -149.0345
106.761433, 80.025, -149.1612
107.535070, 80.003, -149.2463
108.314314, 79.984, -149.2836
109.099204, 79.969, -149.2783
109.889782, 79.956, -149.2414
110.686088, 79.942, -149.1892
111.488165, 79.926, -149.1425
112.296055, 79.905, -149.1243
113.109798, 79.878, -149.1560
113.929438, 79.847, -149.2531
114.755018, 79.812, -149.4222
115.586580, 79.777, -149.6632
116.424168, 79.742, -149.9687
117.267826, 79.709, -150.3170
118.117597, 79.674, -150.6647
118.973525, 79.636, -150.9413
119.835657, 79.595, -151.0607
120.704035, 79.557, -150.9728
121.578706, 79.530, -150.7063
122.459716, 79.513, -150.3428
123.347109, 79.502, -149.9608
124.240933, 79.490, -149.6120
125.141234, 79.474, -149.3221
126.048059, 79.453, -149.1004
126.961456, 79.430, -148.9517
127.881471, 79.407, -148.8795
128.808153, 79.386, -148.8784
129.741550, 79.366, -148.9270
130.681710, 79.346, -148.9928
131.628684, 79.326, -149.0462
132.582520, 79.303, -149.0695
133.543267, 79.278, -149.0575
134.510977, 79.248, -149.0123
135.485699, 79.215, -148.9402
136.467484, 79.179, -148.8526
137.456384, 79.144, -148.7647
138.452449, 79.109, -148.6882
139.455733, 79.076, -148.6267
140.466286, 79.042, -148.5764
141.484163, 79.008, -148.5293
142.509416, 78.971, -148.4740
143.542098, 78.931, -148.3997
144.582263, 78.890, -148.3022
145.629965, 78.846, -148.1843
146.685260, 78.802, -148.0525
147.748202, 78.758, -147.9158
148.818846, 78.714, -147.7810
149.897249, 78.670, -147.6462
150.983466, 78.626, -147.5000
152.077555, 78.583, -147.3318
153.179572, 78.543, -147.1385
154.289574, 78.507, -146.9240
155.407620, 78.474, -146.6967
156.533767, 78.442, -146.4632
157.668076, 78.408, -146.2203
158.810603, 78.371, -145.9588
159.961411, 78.330, -145.6727
161.120557, 78.287, -145.3631
162.288103, 78.242, -145.0382
163.464109, 78.198, -144.7099
164.648638, 78.153, -144.3863
165.841750, 78.109, -144.0647
167.043507, 78.066, -143.7354
168.253973, 78.027, -143.3890
169.473211, 77.990, -143.0203
170.701284, 77.957, -142.6285
171.938256, 77.926, -142.2143
173.184191, 77.896, -141.7782
174.439155, 77.866, -141.3209
175.703213, 77.837, -140.8495
176.976431, 77.808, -140.3772
178.258875, 77.780, -139.9158
179.550613, 77.751, -139.4668
180.851710, 77.722, -139.0194
182.162236, 77.693, -138.5605
183.482259, 77.665, -138.0847
184.811847, 77.638, -137.5940
186.151070, 77.612, -137.0909
187.499997, 77.587, -136.5730
188.858700, 77.561, -136.0321
190.227248, 77.536, -135.4586
191.605713, 77.512, -134.8481
192.994167, 77.491, -134.2039
194.392682, 77.473, -133.5357
195.801331, 77.461, -132.8589
197.220189, 77.453, -132.1897
198.649327, 77.449, -131.5368
200.088822, 77.449, -130.8995
201.538748, 77.453, -130.2691
202.999181, 77.460, -129.6343
204.470197, 77.470, -128.9873
205.951872, 77.484, -128.3275
207.444284, 77.502, -127.6603
208.947511, 77.522, -126.9928
210.461631, 77.543, -126.3306
211.986723, 77.566, -125.6766
213.522866, 77.590, -125.0308
215.070141, 77.615, -124.3917
216.628627, 77.643, -123.7588
218.198408, 77.673, -123.1343
219.779563, 77.706, -122.5237
221.372177, 77.742, -121.9311
222.976331, 77.779, -121.3567
224.592109, 77.819, -120.7978
226.219596, 77.863, -120.2534
227.858877, 77.909, -119.7290
229.510036, 77.957, -119.2355
231.173160, 78.006, -118.7839
232.848336, 78.053, -118.3779
234.535651, 78.098, -118.0108
236.235193, 78.141, -117.6668
237.947051, 78.184, -117.3242
239.671313, 78.225, -116.9626
241.408071, 78.266, -116.5723
243.157413, 78.307, -116.1589
244.919432, 78.347, -115.7330
246.694219, 78.386, -115.2996
248.481867, 78.423, -114.8552
250.282469, 78.460, -114.3939
252.096119, 78.495, -113.9125
253.922911, 78.529, -113.4151
255.762941, 78.562, -112.9112
257.616305, 78.595, -112.4120
259.483099, 78.628, -111.9253
261.363421, 78.661, -111.4539
263.257368, 78.696, -110.9946
265.165039, 78.731, -110.5401
267.086534, 78.769, -110.0822
269.021953, 78.809, -109.6155
270.971397, 78.852, -109.1398
272.934968, 78.899, -108.6611
274.912767, 78.950, -108.1894
276.904898, 79.004, -107.7320
278.911465, 79.059, -107.2918
280.932573, 79.115, -106.8676
282.968326, 79.171, -106.4558
285.018831, 79.228, -106.0502
287.084195, 79.284, -105.6437
289.164526, 79.342, -105.2331
291.259931, 79.399, -104.8209
293.370520, 79.457, -104.4147
295.496404, 79.516, -104.0221
297.637693, 79.575, -103.6463
299.794498, 79.636, -103.2853
301.966933, 79.700, -102.9341
304.155110, 79.767, -102.5896
306.359143, 79.837, -102.2534
308.579148, 79.912, -101.9305
310.815239, 79.991, -101.6269
313.067535, 80.074, -101.3486
315.336151, 80.159, -101.1024
317.621207, 80.246, -100.8963
319.922821, 80.334, -100.7370
322.241114, 80.421, -100.6295
324.576206, 80.508, -100.5793
326.928219, 80.594, -100.5923
329.297275, 80.679, -100.6749
331.683499, 80.763, -100.8325
334.087014, 80.843, -101.0712
336.507947, 80.917, -101.3977
338.946422, 80.979, -101.8158
341.402567, 81.027, -102.3223
343.876511, 81.056, -102.9043
346.368382, 81.063, -103.5387
348.878310, 81.047, -104.1939
351.406426, 81.004, -104.8345
353.952862, 80.936, -105.4260
356.517750, 80.845, -105.9375
359.101225, 80.734, -106.3422
361.703421, 80.607, -106.6177
364.324473, 80.469, -106.7488
366.964518, 80.323, -106.7292
369.623694, 80.176, -106.5618
372.302140, 80.031, -106.2565
374.999995, 79.893, -105.8269
377.717399, 79.765, -105.2892
380.454495, 79.649, -104.6628
383.211425, 79.547, -103.9689
385.988333, 79.458, -103.2282
388.785364, 79.382, -102.4570
391.602663, 79.316, -101.6674
394.440377, 79.257, -100.8673
397.298655, 79.204, -100.0626
400.177644, 79.155, -99.2584
403.077497, 79.109, -98.4608
405.998362, 79.067, -97.6761
408.940394, 79.027, -96.9100
411.903744, 78.990, -96.1643
414.888569, 78.953, -95.4360
417.895022, 78.915, -94.7197
420.923262, 78.874, -94.0083
423.973445, 78.830, -93.2921
427.045732, 78.782, -92.5590
430.140281, 78.732, -91.7984
433.257255, 78.682, -91.0021
436.396816, 78.633, -90.1655
439.559127, 78.585, -89.2897
442.744354, 78.541, -88.3811
445.952662, 78.499, -87.4479
449.184218, 78.462, -86.4976
452.439192, 78.427, -85.5343
455.717753, 78.396, -84.5603
459.020072, 78.368, -83.5785
462.346321, 78.344, -82.5935
465.696673, 78.323, -81.6096
469.071303, 78.305, -80.6296
472.470387, 78.289, -79.6553
475.894102, 78.275, -78.6874
479.342627, 78.263, -77.7246
482.816141, 78.253, -76.7632
486.314826, 78.245, -75.7980
489.838864, 78.238, -74.8244
493.388438, 78.232, -73.8407
496.963734, 78.227, -72.8483
500.564938, 78.222, -71.8501
504.192238, 78.218, -70.8491
507.845823, 78.214, -69.8483
511.525883, 78.211, -68.8505
515.232610, 78.208, -67.8567
518.966198, 78.204, -66.8657
522.726841, 78.199, -65.8746
526.514735, 78.193, -64.8797
530.330078, 78.187, -63.8770
534.173068, 78.181, -62.8638
538.043907, 78.176, -61.8391
541.942795, 78.172, -60.8038
545.869936, 78.170, -59.7601
549.825534, 78.170, -58.7099
553.809797, 78.172, -57.6557
557.822931, 78.176, -56.6024
561.865146, 78.182, -55.5573
565.936652, 78.190, -54.5267
570.037662, 78.198, -53.5137
574.168390, 78.205, -52.5174
578.329051, 78.212, -51.5344
582.519862, 78.217, -50.5609
586.741041, 78.222, -49.5935
590.992808, 78.224, -48.6302
595.275386, 78.225, -47.6697
599.588997, 78.223, -46.7093
603.933866, 78.217, -45.7435
608.310219, 78.209, -44.7667
612.718286, 78.198, -43.7756
617.158295, 78.184, -42.7704
621.630479, 78.169, -41.7534
626.135069, 78.152, -40.7278
630.672302, 78.134, -39.6982
635.242414, 78.114, -38.6679
639.845642, 78.090, -37.6370
644.482227, 78.063, -36.6011
649.152411, 78.032, -35.5530
653.856437, 77.994, -34.4836
658.594551, 77.950, -33.3833
663.366998, 77.901, -32.2415
668.174029, 77.846, -31.0467
673.015893, 77.786, -29.7873
677.892844, 77.722, -28.4526
682.805135, 77.656, -27.0337
687.753022, 77.590, -25.5246
692.736764, 77.528, -23.9228
697.756620, 77.471, -22.2297
702.812853, 77.423, -20.4521
707.905724, 77.386, -18.6017
713.035501, 77.363, -16.6942
718.202450, 77.354, -14.7483
723.406841, 77.359, -12.7859
728.648945, 77.380, -10.8314
733.929036, 77.414, -8.9083
739.247388, 77.460, -7.0362
744.604279, 77.516, -5.2289
749.999989, 77.577, -3.4935
755.434798, 77.642, -1.8327
760.908990, 77.706, -0.2464
766.422850, 77.768, 1.2688
771.976666, 77.824, 2.7223
777.570727, 77.872, 4.1293
783.205325, 77.909, 5.5103
788.880754, 77.936, 6.8920
794.597309, 77.950, 8.3061
800.355289, 77.954, 9.7882
806.154993, 77.952, 11.3713
811.996725, 77.948, 13.0782
817.880788, 77.951, 14.9128
823.807489, 77.965, 16.8564
829.777138, 77.997, 18.8709
835.790045, 78.047, 20.9081
841.846524, 78.116, 22.9197
847.946891, 78.200, 24.8661
854.091464, 78.294, 26.7216
860.280562, 78.394, 28.4776
866.514510, 78.496, 30.1422
872.793631, 78.596, 31.7338
879.118254, 78.694, 33.2711
885.488707, 78.790, 34.7650
891.905323, 78.885, 36.2163
898.368437, 78.978, 37.6171
904.878385, 79.067, 38.9575
911.435507, 79.149, 40.2323
918.040144, 79.223, 41.4454
924.692641, 79.286, 42.6116
931.393345, 79.335, 43.7542
938.142606, 79.370, 44.9015
944.940774, 79.392, 46.0807
951.788204, 79.402, 47.3126
958.685254, 79.404, 48.6080
965.632282, 79.400, 49.9691
972.629652, 79.392, 51.3941
979.677727, 79.379, 52.8836
986.776876, 79.365, 54.4455
993.927468, 79.350, 56.0937
1001.129876, 79.338, 57.8387
1008.384476, 79.335, 59.6743
1015.691645, 79.344, 61.5707
1023.051766, 79.366, 63.4823
1030.465221, 79.400, 65.3640
1037.932396, 79.442, 67.1859
1045.453682, 79.486, 68.9393
1053.029471, 79.528, 70.6335
1060.660156, 79.567, 72.2893
1068.346137, 79.600, 73.9314
1076.087813, 79.628, 75.5836
1083.885589, 79.652, 77.2642
1091.739871, 79.675, 78.9834
1099.651068, 79.702, 80.7400
1107.619593, 79.734, 82.5177
1115.645861, 79.776, 84.2842
1123.730291, 79.826, 85.9947
1131.873304, 79.883, 87.6016
1140.075325, 79.941, 89.0652
1148.336780, 79.993, 90.3618
1156.658102, 80.028, 91.4893
1165.039724, 80.037, 92.4698
1173.482082, 80.012, 93.3523
1181.985617, 79.946, 94.2112
1190.550772, 79.837, 95.1407
1199.177993, 79.687, 96.2409
1207.867731, 79.503, 97.5984
1216.620439, 79.296, 99.2690
1225.436572, 79.078, 101.2717
1234.316591, 78.859, 103.5996
1243.260957, 78.647, 106.2390
1252.270139, 78.451, 109.1822
1261.344604, 78.280, 112.4179
1270.484827, 78.143, 115.9017
1279.691284, 78.050, 119.5330
1288.964455, 78.003, 123.1693
1298.304823, 77.995, 126.6784
1307.712874, 78.012, 129.9883
1317.189101, 78.040, 133.1011
1326.733996, 78.070, 136.0689
1336.348058, 78.095, 138.9565
1346.031787, 78.115, 141.8179
1355.785688, 78.131, 144.6898
1365.610270, 78.146, 147.5916
1375.506045, 78.162, 150.5304
1385.473529, 78.181, 153.5076
1395.513241, 78.205, 156.5212
1405.625705, 78.236, 159.5565
1415.811448, 78.273, 162.5837
1426.071002, 78.315, 165.5741
1436.404900, 78.357, 168.5220
1446.813682, 78.396, 171.4500
1457.297890, 78.433, 174.3913
1467.858072, 78.469, 177.3690
1478.494776, 78.508, -179.6138
1489.208559, 78.551, -176.5696
1499.999978, 78.601, -173.5172
1510.869596, 78.656, -170.4758
1521.817980, 78.718, -167.4672
1532.845701, 78.786, -164.5196
1543.953332, 78.858, -161.6684
1555.141455, 78.932, -158.9498
1566.410651, 79.002, -156.3883
1577.761508, 79.065, -153.9846
1589.194618, 79.116, -151.7112
1600.710578, 79.154, -149.5134
1612.309986, 79.181, -147.3156
1623.993449, 79.199, -145.0321
1635.761575, 79.212, -142.5866
1647.614978, 79.223, -139.9347
1659.554275, 79.235, -137.0736
1671.580089, 79.252, -134.0290
1683.693048, 79.273, -130.8269
1695.893782, 79.306, -127.4803
1708.182927, 79.356, -124.0061
1720.561125, 79.433, -120.4611
1733.029020, 79.543, -116.9602
1745.587263, 79.685, -113.6608
1758.236508, 79.847, -110.7256
1770.977414, 80.008, -108.2783
1783.810646, 80.137, -106.3541
1796.736874, 80.204, -104.8645
1809.756770, 80.184, -103.5930
1822.871013, 80.070, -102.2317
1836.080288, 79.876, -100.4642
1849.385283, 79.636, -98.0786
1862.786691, 79.395, -95.0436
1876.285211, 79.193, -91.4853
1889.881547, 79.060, -87.6039
1903.576408, 79.009, -83.6276
1917.370507, 79.039, -79.8013
1931.264564, 79.131, -76.3355
1945.259304, 79.257, -73.3326
1959.355454, 79.387, -70.7618
1973.553752, 79.501, -68.4958
1987.854936, 79.593, -66.3758
2002.259752, 79.669, -64.2781
2016.768952, 79.738, -62.1534
2031.383291, 79.808, -60.0168
2046.103531, 79.884, -57.9067
2060.930441, 79.963, -55.8577
2075.864793, 80.043, -53.8979
2090.907365, 80.122, -52.0581
2106.058941, 80.191, -50.3723
2121.320313, 80.243, -48.8647
2136.692274, 80.263, -47.5275
2152.175627, 80.239, -46.2932
2167.771179, 80.162, -45.0121
2183.479742, 80.034, -43.4716
2199.302137, 79.876, -41.4863
2215.239187, 79.719, -39.0133
2231.291723, 79.587, -36.1736
2247.460582, 79.491, -33.1439
2263.746608, 79.427, -30.0435
2280.150649, 79.388, -26.9198
2296.673561, 79.372, -23.7969
2313.316204, 79.376, -20.7104
2330.079447, 79.398, -17.7068
2346.964163, 79.435, -14.8327
2363.971233, 79.482, -12.1213
2381.101543, 79.532, -9.5749
2398.355986, 79.578, -7.1642
2415.735463, 79.615, -4.8552
2433.240878, 79.641, -2.6302
2450.873144, 79.647, -0.4741
2468.633181, 79.625, 1.6603
2486.521915, 79.569, 3.8751
2504.540278, 79.483, 6.3197
2522.689209, 79.380, 9.1390
2540.969655, 79.288, 12.3906
2559.382568, 79.235, 15.9806
2577.928909, 79.233, 19.6934
2596.609645, 79.278, 23.3126
2615.425749, 79.353, 26.7318
2634.378202, 79.441, 29.9647
2653.467992, 79.531, 33.0859
2672.696115, 79.622, 36.1652
2692.063573, 79.714, 39.2262
2711.571376, 79.813, 42.2376
2731.220539, 79.918, 45.1389
2751.012089, 80.023, 47.8881
2770.947057, 80.122, 50.4984
2791.026482, 80.210, 53.0391
2811.251410, 80.289, 55.5994
2831.622897, 80.365, 58.2382
2852.142003, 80.447, 60.9495
2872.809800, 80.539, 63.6736
2893.627364, 80.637, 66.3335
2914.595781, 80.736, 68.8697
2935.716143, 80.828, 71.2600
2956.989553, 80.908, 73.5142
2978.417118, 80.971, 75.6594
2999.999956, 81.017, 77.7359
3021.739192, 81.045, 79.7947
3043.635960, 81.055, 81.8859
3065.691401, 81.047, 84.0572
3087.906665, 81.023, 86.3580
3110.282909, 80.984, 88.8339
3132.821301, 80.936, 91.5112
3155.523016, 80.884, 94.3868
3178.389237, 80.835, 97.4320
3201.421155, 80.795, 100.6042
3224.619973, 80.768, 103.8588
3247.986898, 80.756, 107.1630
3271.523150, 80.759, 110.5154
3295.229956, 80.776, 113.9537
3319.108550, 80.811, 117.5273
3343.160179, 80.871, 121.2440
3367.386096, 80.964, 125.0351
3391.787563, 81.087, 128.7720
3416.365854, 81.231, 132.3243
3441.122250, 81.380, 135.6318
3466.058040, 81.523, 138.7454
3491.174525, 81.659, 141.7809
3516.473015, 81.796, 144.8290
3541.954828, 81.946, 147.9165
3567.621293, 82.114, 151.0251
3593.473747, 82.304, 154.1089
3619.513539, 82.512, 157.1020
3645.742027, 82.729, 159.9468
3672.160576, 82.945, 162.6232
3698.770566, 83.153, 165.1440
3725.573382, 83.348, 167.5325
3752.570422, 83.533, 169.8116
3779.763094, 83.712, 171.9965
3807.152816, 83.890, 174.0905
3834.741015, 84.067, 176.0979
3862.529129, 84.241, 178.0392
3890.518607, 84.411, 179.9469
3918.710909, 84.578, -178.1527
3947.107503, 84.740, -176.2542
3975.709871, 84.897, -174.3776
4004.519504, 85.049, -172.5693
4033.537903, 85.193, -170.8873
4062.766581, 85.325, -169.3683
4092.207063, 85.446, -168.0071
4121.860882, 85.557, -166.7725
4151.729585, 85.662, -165.6419
4181.814729, 85.761, -164.6207
4212.117883, 85.850, -163.7314
4242.640625, 85.918, -162.9912
4273.384548, 85.948, -162.3839
4304.351254, 85.926, -161.8535
4335.542358, 85.841, -161.3174
4366.959485, 85.686, -160.6578
4398.604273, 85.463, -159.6993
4430.478373, 85.191, -158.2155
4462.583446, 84.905, -156.0282
4494.921165, 84.658, -153.1732
4527.493217, 84.486, -149.9081
4560.301299, 84.404, -146.5345
4593.347122, 84.406, -143.3328
4626.632409, 84.465, -140.5739
4660.158894, 84.535, -138.4119
4693.928327, 84.566, -136.7774
4727.942466, 84.533, -135.4249
4762.203086, 84.435, -134.0886
4796.711973, 84.294, -132.5967
4831.470925, 84.138, -130.8884
4866.481755, 83.990, -128.9971
4901.746288, 83.864, -127.0218
4937.266362, 83.757, -125.0668
4973.043830, 83.657, -123.1810
5009.080555, 83.544, -121.3347
5045.378418, 83.407, -119.4585
5081.939310, 83.238, -117.4926
5118.765137, 83.039, -115.3887
5155.857819, 82.818, -113.1002
5193.219290, 82.596, -110.6245
5230.851498, 82.393, -108.0510
5268.756404, 82.218, -105.5111
5306.935985, 82.065, -103.0624
5345.392231, 81.925, -100.6552
5384.127146, 81.792, -98.2073
5423.142751, 81.665, -95.6938
5462.441079, 81.540, -93.1536
5502.024179, 81.409, -90.6436
5541.894114, 81.266, -88.2125
5582.052963, 81.110, -85.8940
5622.502820, 80.943, -83.6961
5663.245793, 80.772, -81.5940
5704.284007, 80.604, -79.5311
5745.619600, 80.446, -77.4421
5787.254728, 80.312, -75.3050
5829.191562, 80.207, -73.1894
5871.432287, 80.126, -71.2484
5913.979105, 80.048, -69.6432
5956.834236, 79.943, -68.4630
5999.999912, 79.782, -67.7139
6043.478385, 79.550, -67.3519
6087.271921, 79.237, -67.3011
6131.382802, 78.838, -67.4384
6175.813330, 78.351, -67.5787
6220.565819, 77.779, -67.4954
6265.642603, 77.132, -66.9554
6311.046032, 76.429, -65.7866
6356.778473, 75.696, -63.9673
6402.842310, 74.954, -61.6683
6449.239945, 74.200, -59.1643
6495.973796, 73.412, -56.6274
6543.046300, 72.559, -53.9944
6590.459911, 71.621, -50.9933
6638.217100, 70.600, -47.2018
6686.320358, 69.519, -42.1719
6734.772191, 68.431, -35.7170
6783.575127, 67.395, -28.1551
6832.731709, 66.453, -20.1630
6882.244499, 65.602, -12.2966
6932.116080, 64.803, -4.4892
6982.349051, 64.012, 4.2386
7032.946030, 63.240, 15.5114
7083.909656, 62.572, 30.1660
7135.242586, 62.108, 46.2119
7186.947495, 61.888, 60.3370
7239.027079, 61.910, 72.2639
7291.484053, 62.240, 85.3574
7344.321152, 63.020, 106.4464
7397.541131, 64.320, 143.2585
7451.146763, 66.029, 178.9276
7505.140844, 67.946, -162.7260
7559.526189, 69.902, -154.4879
7614.305632, 71.798, -150.9856
7669.482029, 73.586, -150.0649
7725.058258, 75.238, -150.8739
7781.037214, 76.731, -153.0115
7837.421817, 78.048, -156.1567
7894.215007, 79.176, -159.9497
7951.419743, 80.112, -164.0017
8009.039008, 80.863, -167.9412
8067.075806, 81.444, -171.4663
8125.533163, 81.881, -174.3892
8184.414126, 82.207, -176.6594
8243.721764, 82.462, -178.3595
8303.459170, 82.692, -179.6569
8363.629458, 82.943, 179.2604
8424.235765, 83.253, 178.2136
8485.281250, 83.643, 177.0352
8546.769096, 84.102, 175.5850
8608.702508, 84.597, 173.7832
8671.084715, 85.083, 171.6262
8733.918969, 85.509, 169.1614
8797.208547, 85.833, 166.4452
8860.956746, 86.022, 163.5162
8925.166891, 86.058, 160.3939
8989.842330, 85.940, 157.1014
9054.986433, 85.683, 153.7043
9120.602598, 85.316, 150.3254
9186.694244, 84.870, 147.1316
9253.264817, 84.379, 144.3101
9320.317788, 83.871, 142.0376
9387.856653, 83.363, 140.4532
9455.884932, 82.858, 139.6431
9524.406173, 82.347, 139.6340
9593.423946, 81.817, 140.3982
9662.941850, 81.260, 141.8516
9732.963510, 80.691, 143.8446
9803.492576, 80.146, 146.1602
9874.532725, 79.675, 148.5316
9946.087659, 79.321, 150.6965
10018.161110, 79.106, 152.4756
10090.756835, 79.020, 153.8120
10163.878619, 79.022, 154.7410
10237.530273, 79.054, 155.3389
10311.715638, 79.054, 155.6948
10386.438580, 78.967, 155.9021
10461.702996, 78.765, 156.0295
10537.512808, 78.455, 156.0787
10613.871970, 78.071, 155.9912
10690.784461, 77.668, 155.6775
10768.254293, 77.298, 155.0427
10846.285502, 76.997, 154.0422
10924.882158, 76.771, 152.7295
11004.048358, 76.597, 151.2373
11083.788228, 76.432, 149.7034
11164.105927, 76.223, 148.2065
11245.005640, 75.916, 146.7523
11326.491587, 75.468, 145.2936
11408.568014, 74.862, 143.7450
11491.239200, 74.109, 141.9963
11574.509457, 73.243, 139.9325
11658.383123, 72.304, 137.4641
11742.864573, 71.336, 134.5778
11827.958211, 70.373, 131.3464
11913.668472, 69.448, 127.8464
11999.999825, 68.582, 124.0242
12086.956770, 67.780, 119.6074
12174.543841, 67.035, 114.0529
12262.765605, 66.361, 106.3821
12351.626659, 65.828, 94.6954
12441.131638, 65.572, 75.2435
12531.285206, 65.727, 43.6946
12622.092064, 66.314, 7.9844
12713.556946, 67.219, -17.2760
12805.684621, 68.271, -32.9719
12898.479890, 69.328, -43.4448
12991.947593, 70.294, -51.0289
13086.092601, 71.111, -56.9058
13180.919822, 71.750, -61.8101
13276.434201, 72.210, -66.3102
13372.640716, 72.525, -70.8922
13469.544383, 72.751, -75.9170
13567.150254, 72.964, -81.5220
13665.463417, 73.233, -87.5498
13764.488998, 73.607, -93.5718
13864.232160, 74.096, -99.0567
13964.698101, 74.667, -103.6178
14065.892060, 75.261, -107.1733
14167.819312, 75.815, -109.9446
14270.485171, 76.278, -112.3682
14373.894990, 76.633, -115.0167
14478.054158, 76.900, -118.5425
14582.968107, 77.135, -123.5788
14688.642305, 77.404, -130.5653
14795.082262, 77.761, -139.5082
14902.293527, 78.225, -149.7892
15010.281689, 78.769, -160.3124
15119.052378, 79.328, -170.0482
15228.611264, 79.823, -178.4818
15338.964058, 80.176, 174.3661
15450.116515, 80.330, 168.1415
15562.074428, 80.253, 162.3065
15674.843635, 79.949, 156.1796
15788.430013, 79.465, 148.9470
15902.839485, 78.879, 139.7042
16018.078016, 78.293, 127.6395
16134.151612, 77.809, 112.6041
16251.066326, 77.487, 95.8854
16368.828251, 77.312, 79.8522
16487.443528, 77.197, 66.2233
16606.918341, 77.018, 55.2980
16727.258917, 76.667, 46.5876
16848.471530, 76.069, 39.4193
16970.562500, 75.197, 33.0790
17093.538192, 74.067, 26.7490
17217.405016, 72.736, 19.3889
17342.169430, 71.301, 9.6107
17467.837939, 69.910, -4.1605
17594.417093, 68.744, -22.4933
17721.913492, 67.930, -43.0207
17850.333783, 67.443, -61.7991
17979.684660, 67.105, -77.1578
18109.972866, 66.715, -89.6229
18241.205195, 66.137, -100.0988
18373.388487, 65.336, -109.1209
18506.529634, 64.377, -116.5659
18640.635577, 63.439, -121.1713
18775.713306, 62.813, -120.5296
18911.769865, 62.767, -115.1006
19048.812345, 63.316, -112.4168
19186.847892, 64.208, -116.4352
19325.883701, 65.153, -124.6591
19465.927021, 65.959, -134.3936
19606.985152, 66.540, -144.1047
19749.065449, 66.887, -152.8085
19892.175318, 67.048, -159.5663
20036.322221, 67.101, -163.3443
