* Measurement data measured by REW V5.40 beta 55
* Source: Headset (USB-C to 3.5mm Headphone Jack Adapter), MICROPHONE (Master Volume), L, volume: 0.500
* Format: 256k Log Swept Sine, 1 sweep at -6.0 dBFS with no timing reference
* Dated: Jan 13, 2025 12:27:36 AM
* REW Settings:
*  C-weighting compensation: Off
*  Target level: 75.0 dB
* Note: ; 
* Measurement: L10
* Smoothing: 1/12 octave
* Frequency Step: 96 ppo
* Start Frequency: 20.0 Hz
*
* Freq(Hz), SPL(dB), Phase(degrees)
19.995176, 77.153, -7.2974
20.140070, 77.128, -8.7517
20.286013, 77.100, -9.9601
20.433014, 77.082, -10.9090
20.581080, 77.089, -11.6119
20.730219, 77.134, -12.1127
20.880438, 77.227, -12.4813
21.031747, 77.374, -12.8058
21.184151, 77.573, -13.1843
21.337660, 77.815, -13.7125
21.492282, 78.086, -14.4661
21.648024, 78.371, -15.4890
21.804894, 78.652, -16.7882
21.962902, 78.914, -18.3387
22.122054, 79.146, -20.0903
22.282359, 79.337, -21.9752
22.443827, 79.485, -23.9146
22.606464, 79.587, -25.8260
22.770280, 79.647, -27.6271
22.935282, 79.672, -29.2439
23.101481, 79.674, -30.6166
23.268884, 79.666, -31.7088
23.437500, 79.665, -32.5166
23.607337, 79.688, -33.0740
23.778406, 79.746, -33.4540
23.950714, 79.847, -33.7587
24.124271, 79.990, -34.1023
24.299085, 80.165, -34.5898
24.475166, 80.360, -35.2975
24.652524, 80.555, -36.2630
24.831166, 80.735, -37.4831
25.011103, 80.886, -38.9196
25.192344, 80.996, -40.5082
25.374898, 81.059, -42.1678
25.558775, 81.075, -43.8110
25.743984, 81.049, -45.3524
25.930536, 80.988, -46.7195
26.118439, 80.907, -47.8623
26.307704, 80.822, -48.7645
26.498340, 80.749, -49.4505
26.690358, 80.704, -49.9863
26.883768, 80.694, -50.4707
27.078578, 80.720, -51.0144
27.274801, 80.774, -51.7169
27.472445, 80.840, -52.6440
27.671522, 80.903, -53.8161
27.872041, 80.943, -55.2065
28.074014, 80.949, -56.7481
28.277450, 80.912, -58.3449
28.482360, 80.831, -59.8858
28.688755, 80.712, -61.2598
28.896645, 80.571, -62.3749
29.106042, 80.427, -63.1772
29.316956, 80.305, -63.6708
29.529399, 80.228, -63.9277
29.743381, 80.213, -64.0800
29.958914, 80.260, -64.2900
30.176009, 80.359, -64.7083
30.394677, 80.488, -65.4339
30.614929, 80.622, -66.4964
30.836777, 80.735, -67.8570
31.060233, 80.809, -69.4255
31.285309, 80.836, -71.0803
31.512015, 80.812, -72.6909
31.740364, 80.744, -74.1347
31.970368, 80.645, -75.3143
32.202038, 80.534, -76.1719
32.435387, 80.431, -76.6989
32.670428, 80.352, -76.9376
32.907171, 80.311, -76.9714
33.145630, 80.313, -76.9058
33.385817, 80.356, -76.8453
33.627744, 80.432, -76.8752
33.871425, 80.530, -77.0542
34.116871, 80.641, -77.4145
34.364096, 80.754, -77.9677
34.613112, 80.859, -78.7091
34.863933, 80.949, -79.6196
35.116572, 81.014, -80.6655
35.371041, 81.049, -81.7977
35.627354, 81.051, -82.9542
35.885524, 81.018, -84.0657
36.145566, 80.957, -85.0643
36.407491, 80.875, -85.8959
36.671315, 80.785, -86.5310
36.937051, 80.699, -86.9710
37.204712, 80.628, -87.2477
37.474312, 80.580, -87.4134
37.745867, 80.557, -87.5266
38.019389, 80.559, -87.6395
38.294893, 80.581, -87.7911
38.572393, 80.621, -88.0069
38.851905, 80.673, -88.3022
39.133442, 80.734, -88.6851
39.417019, 80.797, -89.1544
39.702651, 80.859, -89.6976
39.990353, 80.915, -90.2885
40.280139, 80.963, -90.8918
40.572026, 81.005, -91.4723
40.866027, 81.045, -92.0073
41.162159, 81.088, -92.4962
41.460437, 81.140, -92.9614
41.760877, 81.200, -93.4389
42.063493, 81.266, -93.9620
42.368303, 81.332, -94.5475
42.675321, 81.392, -95.1904
42.984564, 81.443, -95.8696
43.296048, 81.485, -96.5605
43.609789, 81.519, -97.2467
43.925803, 81.549, -97.9248
44.244108, 81.575, -98.6003
44.564719, 81.596, -99.2781
44.887653, 81.611, -99.9538
45.212928, 81.620, -100.6134
45.540559, 81.623, -101.2385
45.870565, 81.624, -101.8167
46.202962, 81.627, -102.3483
46.537767, 81.635, -102.8462
46.874999, 81.649, -103.3289
47.214675, 81.668, -103.8110
47.556812, 81.689, -104.2975
47.901428, 81.713, -104.7850
48.248542, 81.739, -105.2703
48.598170, 81.769, -105.7579
48.950333, 81.803, -106.2641
49.305047, 81.841, -106.8124
49.662332, 81.878, -107.4232
50.022206, 81.910, -108.1022
50.384687, 81.929, -108.8344
50.749795, 81.934, -109.5870
51.117549, 81.924, -110.3210
51.487968, 81.904, -111.0052
51.861071, 81.878, -111.6278
52.236878, 81.854, -112.1980
52.615408, 81.834, -112.7383
52.996681, 81.820, -113.2730
53.380716, 81.812, -113.8192
53.767535, 81.808, -114.3847
54.157157, 81.807, -114.9720
54.549602, 81.810, -115.5812
54.944891, 81.815, -116.2105
55.343044, 81.822, -116.8552
55.744083, 81.830, -117.5081
56.148027, 81.837, -118.1611
56.554899, 81.844, -118.8066
56.964719, 81.849, -119.4354
57.377509, 81.851, -120.0353
57.793290, 81.851, -120.5936
58.212084, 81.851, -121.1070
58.633913, 81.852, -121.5888
59.058798, 81.855, -122.0663
59.486763, 81.855, -122.5639
59.917828, 81.848, -123.0856
60.352018, 81.827, -123.6108
60.789353, 81.795, -124.1086
61.229858, 81.753, -124.5594
61.673555, 81.708, -124.9668
62.120467, 81.662, -125.3506
62.570617, 81.617, -125.7301
63.024030, 81.573, -126.1134
63.480728, 81.529, -126.5000
63.940735, 81.488, -126.8913
64.404076, 81.451, -127.2950
64.870775, 81.418, -127.7201
65.340855, 81.387, -128.1662
65.814342, 81.356, -128.6204
66.291260, 81.325, -129.0622
66.771634, 81.294, -129.4740
67.255488, 81.265, -129.8490
67.742849, 81.239, -130.1892
68.233742, 81.215, -130.4999
68.728192, 81.192, -130.7836
69.226225, 81.170, -131.0424
69.727866, 81.149, -131.2823
70.233143, 81.129, -131.5147
70.742082, 81.107, -131.7510
71.254708, 81.084, -131.9959
71.771049, 81.058, -132.2476
72.291131, 81.029, -132.5021
72.814983, 80.998, -132.7581
73.342630, 80.966, -133.0164
73.874101, 80.934, -133.2789
74.409423, 80.900, -133.5460
74.948625, 80.866, -133.8143
75.491733, 80.828, -134.0719
76.038777, 80.787, -134.2977
76.589786, 80.743, -134.4713
77.144787, 80.700, -134.5853
77.703810, 80.661, -134.6518
78.266884, 80.625, -134.6926
78.834038, 80.591, -134.7267
79.405302, 80.559, -134.7632
79.980705, 80.526, -134.8053
80.560278, 80.492, -134.8557
81.144051, 80.460, -134.9195
81.732055, 80.428, -135.0038
82.324319, 80.399, -135.1148
82.920875, 80.372, -135.2547
83.521754, 80.347, -135.4196
84.126987, 80.324, -135.6001
84.736605, 80.304, -135.7855
85.350642, 80.286, -135.9656
85.969128, 80.270, -136.1319
86.592096, 80.256, -136.2779
87.219578, 80.244, -136.4007
87.851607, 80.231, -136.5003
88.488216, 80.218, -136.5795
89.129438, 80.203, -136.6453
89.775306, 80.184, -136.7043
90.425855, 80.160, -136.7545
91.081118, 80.131, -136.7844
91.741129, 80.099, -136.7858
92.405924, 80.070, -136.7669
93.075535, 80.044, -136.7462
93.749999, 80.022, -136.7385
94.429350, 80.004, -136.7490
95.113624, 79.990, -136.7788
95.802856, 79.978, -136.8284
96.497083, 79.966, -136.8964
97.196341, 79.954, -136.9782
97.900666, 79.938, -137.0654
98.610094, 79.919, -137.1462
99.324664, 79.895, -137.2086
100.044411, 79.868, -137.2470
100.769374, 79.840, -137.2631
101.499591, 79.810, -137.2627
102.235098, 79.779, -137.2502
102.975936, 79.747, -137.2287
103.722142, 79.715, -137.2022
104.473756, 79.683, -137.1744
105.230815, 79.650, -137.1445
105.993361, 79.618, -137.1067
106.761433, 79.587, -137.0558
107.535070, 79.562, -136.9927
108.314314, 79.542, -136.9257
109.099204, 79.528, -136.8667
109.889782, 79.519, -136.8239
110.686088, 79.511, -136.7943
111.488165, 79.499, -136.7647
112.296055, 79.483, -136.7208
113.109798, 79.460, -136.6583
113.929438, 79.428, -136.5851
114.755018, 79.388, -136.5157
115.586580, 79.336, -136.4618
116.424168, 79.274, -136.4240
117.267826, 79.204, -136.3880
118.117597, 79.131, -136.3264
118.973525, 79.066, -136.2153
119.835657, 79.018, -136.0624
120.704035, 78.995, -135.9147
121.578706, 78.993, -135.8159
122.459716, 79.001, -135.7628
123.347109, 79.011, -135.7174
124.240933, 79.019, -135.6429
125.141234, 79.020, -135.5223
126.048059, 79.015, -135.3582
126.961456, 79.005, -135.1665
127.881471, 78.990, -134.9689
128.808153, 78.973, -134.7845
129.741550, 78.956, -134.6248
130.681710, 78.940, -134.4934
131.628684, 78.925, -134.3842
132.582520, 78.910, -134.2841
133.543267, 78.893, -134.1792
134.510977, 78.873, -134.0601
135.485699, 78.847, -133.9227
136.467484, 78.816, -133.7685
137.456384, 78.781, -133.6040
138.452449, 78.742, -133.4374
139.455733, 78.702, -133.2738
140.466286, 78.662, -133.1109
141.484163, 78.622, -132.9417
142.509416, 78.584, -132.7577
143.542098, 78.546, -132.5529
144.582263, 78.510, -132.3271
145.629965, 78.474, -132.0863
146.685260, 78.438, -131.8384
147.748202, 78.401, -131.5906
148.818846, 78.365, -131.3476
149.897249, 78.328, -131.1097
150.983466, 78.291, -130.8733
152.077555, 78.255, -130.6336
153.179572, 78.219, -130.3872
154.289574, 78.182, -130.1310
155.407620, 78.143, -129.8604
156.533767, 78.101, -129.5699
157.668076, 78.056, -129.2543
158.810603, 78.010, -128.9110
159.961411, 77.964, -128.5422
161.120557, 77.920, -128.1558
162.288103, 77.877, -127.7606
163.464109, 77.836, -127.3610
164.648638, 77.796, -126.9557
165.841750, 77.757, -126.5409
167.043507, 77.718, -126.1127
168.253973, 77.678, -125.6677
169.473211, 77.636, -125.2025
170.701284, 77.593, -124.7147
171.938256, 77.549, -124.2035
173.184191, 77.505, -123.6691
174.439155, 77.464, -123.1131
175.703213, 77.428, -122.5396
176.976431, 77.398, -121.9564
178.258875, 77.375, -121.3747
179.550613, 77.356, -120.8021
180.851710, 77.339, -120.2367
182.162236, 77.321, -119.6671
183.482259, 77.301, -119.0775
184.811847, 77.279, -118.4565
186.151070, 77.256, -117.8018
187.499997, 77.233, -117.1178
188.858700, 77.210, -116.4120
190.227248, 77.189, -115.6940
191.605713, 77.172, -114.9745
192.994167, 77.159, -114.2613
194.392682, 77.151, -113.5590
195.801331, 77.147, -112.8682
197.220189, 77.146, -112.1846
198.649327, 77.146, -111.5017
200.088822, 77.146, -110.8136
201.538748, 77.145, -110.1144
202.999181, 77.143, -109.3994
204.470197, 77.140, -108.6655
205.951872, 77.139, -107.9125
207.444284, 77.140, -107.1455
208.947511, 77.144, -106.3739
210.461631, 77.152, -105.6088
211.986723, 77.163, -104.8582
213.522866, 77.177, -104.1240
215.070141, 77.192, -103.4030
216.628627, 77.211, -102.6912
218.198408, 77.231, -101.9871
219.779563, 77.256, -101.2940
221.372177, 77.284, -100.6171
222.976331, 77.314, -99.9587
224.592109, 77.345, -99.3155
226.219596, 77.375, -98.6806
227.858877, 77.404, -98.0511
229.510036, 77.431, -97.4302
231.173160, 77.455, -96.8239
232.848336, 77.478, -96.2361
234.535651, 77.499, -95.6666
236.235193, 77.519, -95.1101
237.947051, 77.537, -94.5550
239.671313, 77.553, -93.9854
241.408071, 77.568, -93.3884
243.157413, 77.581, -92.7620
244.919432, 77.593, -92.1136
246.694219, 77.604, -91.4520
248.481867, 77.614, -90.7818
250.282469, 77.624, -90.1024
252.096119, 77.634, -89.4111
253.922911, 77.646, -88.7069
255.762941, 77.659, -87.9905
257.616305, 77.673, -87.2621
259.483099, 77.688, -86.5221
261.363421, 77.705, -85.7710
263.257368, 77.724, -85.0107
265.165039, 77.744, -84.2465
267.086534, 77.766, -83.4857
269.021953, 77.789, -82.7313
270.971397, 77.813, -81.9794
272.934968, 77.838, -81.2239
274.912767, 77.866, -80.4592
276.904898, 77.895, -79.6816
278.911465, 77.928, -78.8904
280.932573, 77.964, -78.0865
282.968326, 78.002, -77.2719
285.018831, 78.042, -76.4493
287.084195, 78.082, -75.6220
289.164526, 78.121, -74.7917
291.259931, 78.158, -73.9563
293.370520, 78.196, -73.1124
295.496404, 78.235, -72.2573
297.637693, 78.278, -71.3902
299.794498, 78.326, -70.5140
301.966933, 78.378, -69.6355
304.155110, 78.436, -68.7609
306.359143, 78.499, -67.8924
308.579148, 78.568, -67.0295
310.815239, 78.645, -66.1739
313.067535, 78.729, -65.3319
315.336151, 78.821, -64.5152
317.621207, 78.920, -63.7418
319.922821, 79.028, -63.0334
322.241114, 79.142, -62.4102
324.576206, 79.260, -61.8847
326.928219, 79.380, -61.4606
329.297275, 79.499, -61.1377
331.683499, 79.614, -60.9168
334.087014, 79.722, -60.8002
336.507947, 79.821, -60.7888
338.946422, 79.907, -60.8791
341.402567, 79.977, -61.0598
343.876511, 80.027, -61.3100
346.368382, 80.054, -61.5996
348.878310, 80.057, -61.8940
351.406426, 80.035, -62.1610
353.952862, 79.992, -62.3728
356.517750, 79.930, -62.5044
359.101225, 79.854, -62.5333
361.703421, 79.766, -62.4415
364.324473, 79.671, -62.2176
366.964518, 79.574, -61.8583
369.623694, 79.477, -61.3692
372.302140, 79.384, -60.7633
374.999995, 79.296, -60.0586
377.717399, 79.215, -59.2762
380.454495, 79.143, -58.4388
383.211425, 79.077, -57.5687
385.988333, 79.019, -56.6841
388.785364, 78.966, -55.7981
391.602663, 78.916, -54.9171
394.440377, 78.869, -54.0432
397.298655, 78.822, -53.1763
400.177644, 78.775, -52.3164
403.077497, 78.727, -51.4633
405.998362, 78.677, -50.6145
408.940394, 78.624, -49.7626
411.903744, 78.567, -48.8947
414.888569, 78.506, -47.9957
417.895022, 78.442, -47.0513
420.923262, 78.375, -46.0508
423.973445, 78.305, -44.9879
427.045732, 78.236, -43.8612
430.140281, 78.169, -42.6722
433.257255, 78.105, -41.4251
436.396816, 78.045, -40.1270
439.559127, 77.990, -38.7879
442.744354, 77.940, -37.4160
445.952662, 77.895, -36.0164
449.184218, 77.856, -34.5935
452.439192, 77.822, -33.1522
455.717753, 77.795, -31.6964
459.020072, 77.774, -30.2274
462.346321, 77.758, -28.7460
465.696673, 77.748, -27.2532
469.071303, 77.743, -25.7511
472.470387, 77.742, -24.2424
475.894102, 77.746, -22.7312
479.342627, 77.754, -21.2223
482.816141, 77.766, -19.7185
486.314826, 77.782, -18.2207
489.838864, 77.802, -16.7299
493.388438, 77.823, -15.2513
496.963734, 77.848, -13.7940
500.564938, 77.874, -12.3706
504.192238, 77.902, -10.9932
507.845823, 77.930, -9.6676
511.525883, 77.956, -8.3910
515.232610, 77.978, -7.1517
518.966198, 77.993, -5.9311
522.726841, 78.001, -4.7067
526.514735, 78.001, -3.4579
530.330078, 77.996, -2.1679
534.173068, 77.988, -0.8243
538.043907, 77.981, 0.5813
541.942795, 77.979, 2.0483
545.869936, 77.985, 3.5639
549.825534, 78.001, 5.1089
553.809797, 78.025, 6.6638
557.822931, 78.057, 8.2116
561.865146, 78.096, 9.7396
565.936652, 78.139, 11.2389
570.037662, 78.185, 12.7029
574.168390, 78.231, 14.1251
578.329051, 78.277, 15.4988
582.519862, 78.322, 16.8187
586.741041, 78.365, 18.0829
590.992808, 78.403, 19.2925
595.275386, 78.436, 20.4505
599.588997, 78.462, 21.5600
603.933866, 78.482, 22.6235
608.310219, 78.495, 23.6438
612.718286, 78.503, 24.6254
617.158295, 78.505, 25.5748
621.630479, 78.503, 26.5009
626.135069, 78.497, 27.4140
630.672302, 78.489, 28.3231
635.242414, 78.478, 29.2344
639.845642, 78.465, 30.1519
644.482227, 78.447, 31.0791
649.152411, 78.424, 32.0195
653.856437, 78.394, 32.9772
658.594551, 78.357, 33.9577
663.366998, 78.312, 34.9697
668.174029, 78.260, 36.0251
673.015893, 78.202, 37.1366
677.892844, 78.141, 38.3166
682.805135, 78.078, 39.5768
687.753022, 78.015, 40.9265
692.736764, 77.954, 42.3694
697.756620, 77.898, 43.9034
702.812853, 77.850, 45.5215
707.905724, 77.811, 47.2122
713.035501, 77.784, 48.9596
718.202450, 77.770, 50.7439
723.406841, 77.768, 52.5445
728.648945, 77.779, 54.3413
733.929036, 77.801, 56.1168
739.247388, 77.832, 57.8571
744.604279, 77.872, 59.5526
749.999989, 77.919, 61.1975
755.434798, 77.970, 62.7885
760.908990, 78.024, 64.3240
766.422850, 78.079, 65.8038
771.976666, 78.131, 67.2294
777.570727, 78.179, 68.6066
783.205325, 78.219, 69.9473
788.880754, 78.251, 71.2711
794.597309, 78.273, 72.6056
800.355289, 78.287, 73.9841
806.154993, 78.297, 75.4402
811.996725, 78.307, 76.9977
817.880788, 78.323, 78.6615
823.807489, 78.351, 80.4126
829.777138, 78.394, 82.2121
835.790045, 78.454, 84.0098
841.846524, 78.528, 85.7574
847.946891, 78.614, 87.4196
854.091464, 78.706, 88.9813
860.280562, 78.800, 90.4486
866.514510, 78.891, 91.8418
872.793631, 78.980, 93.1853
879.118254, 79.066, 94.4970
885.488707, 79.151, 95.7831
891.905323, 79.236, 97.0371
898.368437, 79.322, 98.2439
904.878385, 79.407, 99.3871
911.435507, 79.487, 100.4559
918.040144, 79.560, 101.4503
924.692641, 79.621, 102.3831
931.393345, 79.670, 103.2790
938.142606, 79.703, 104.1690
944.940774, 79.723, 105.0834
951.788204, 79.732, 106.0447
958.685254, 79.732, 107.0646
965.632282, 79.724, 108.1440
972.629652, 79.712, 109.2792
979.677727, 79.695, 110.4694
986.776876, 79.674, 111.7221
993.927468, 79.652, 113.0505
1001.129876, 79.632, 114.4634
1008.384476, 79.620, 115.9537
1015.691645, 79.619, 117.4938
1023.051766, 79.631, 119.0441
1030.465221, 79.652, 120.5681
1037.932396, 79.680, 122.0442
1045.453682, 79.709, 123.4683
1053.029471, 79.736, 124.8494
1060.660156, 79.760, 126.2041
1068.346137, 79.780, 127.5503
1076.087813, 79.796, 128.9037
1083.885589, 79.810, 130.2764
1091.739871, 79.825, 131.6761
1099.651068, 79.844, 133.1037
1107.619593, 79.870, 134.5475
1115.645861, 79.906, 135.9805
1123.730291, 79.951, 137.3613
1131.873304, 80.004, 138.6431
1140.075325, 80.059, 139.7840
1148.336780, 80.110, 140.7572
1156.658102, 80.146, 141.5566
1165.039724, 80.159, 142.1991
1173.482082, 80.139, 142.7289
1181.985617, 80.080, 143.2176
1190.550772, 79.980, 143.7592
1199.177993, 79.840, 144.4550
1207.867731, 79.667, 145.3912
1216.620439, 79.473, 146.6190
1225.436572, 79.270, 148.1469
1234.316591, 79.067, 149.9534
1243.260957, 78.871, 152.0115
1252.270139, 78.686, 154.3105
1261.344604, 78.519, 156.8522
1270.484827, 78.380, 159.6243
1279.691284, 78.278, 162.5693
1288.964455, 78.219, 165.5818
1298.304823, 78.200, 168.5405
1307.712874, 78.213, 171.3543
1317.189101, 78.247, 173.9849
1326.733996, 78.290, 176.4396
1336.348058, 78.335, 178.7470
1346.031787, 78.376, -179.0588
1355.785688, 78.410, -176.9414
1365.610270, 78.436, -174.8627
1375.506045, 78.454, -172.7853
1385.473529, 78.467, -170.6773
1395.513241, 78.479, -168.5180
1405.625705, 78.494, -166.3080
1415.811448, 78.513, -164.0713
1426.071002, 78.538, -161.8396
1436.404900, 78.566, -159.6317
1446.813682, 78.593, -157.4451
1457.297890, 78.620, -155.2654
1467.858072, 78.647, -153.0809
1478.494776, 78.675, -150.8890
1489.208559, 78.707, -148.6924
1499.999978, 78.742, -146.4934
1510.869596, 78.780, -144.2912
1521.817980, 78.821, -142.0833
1532.845701, 78.867, -139.8698
1543.953332, 78.918, -137.6607
1555.141455, 78.974, -135.4763
1566.410651, 79.032, -133.3398
1577.761508, 79.091, -131.2679
1589.194618, 79.145, -129.2614
1600.710578, 79.192, -127.3027
1612.309986, 79.230, -125.3592
1623.993449, 79.261, -123.3920
1635.761575, 79.287, -121.3687
1647.614978, 79.313, -119.2745
1659.554275, 79.342, -117.1139
1671.580089, 79.377, -114.9000
1683.693048, 79.420, -112.6390
1695.893782, 79.473, -110.3287
1708.182927, 79.543, -107.9774
1720.561125, 79.637, -105.6347
1733.029020, 79.760, -103.4022
1745.587263, 79.910, -101.4138
1758.236508, 80.072, -99.7988
1770.977414, 80.225, -98.6411
1783.810646, 80.336, -97.9366
1796.736874, 80.376, -97.5594
1809.756770, 80.320, -97.2568
1822.871013, 80.164, -96.6870
1836.080288, 79.928, -95.5101
1849.385283, 79.652, -93.5110
1862.786691, 79.385, -90.6800
1876.285211, 79.172, -87.1864
1889.881547, 79.037, -83.2850
1903.576408, 78.991, -79.2550
1917.370507, 79.029, -75.3726
1931.264564, 79.128, -71.8567
1945.259304, 79.260, -68.8049
1959.355454, 79.394, -66.1804
1973.553752, 79.510, -63.8519
1987.854936, 79.602, -61.6586
2002.259752, 79.673, -59.4744
2016.768952, 79.734, -57.2443
2031.383291, 79.793, -54.9748
2046.103531, 79.856, -52.6999
2060.930441, 79.927, -50.4587
2075.864793, 80.005, -48.2922
2090.907365, 80.087, -46.2414
2106.058941, 80.164, -44.3414
2121.320313, 80.227, -42.6101
2136.692274, 80.263, -41.0326
2152.175627, 80.258, -39.5367
2167.771179, 80.202, -37.9745
2183.479742, 80.102, -36.1484
2199.302137, 79.978, -33.9038
2215.239187, 79.861, -31.2295
2231.291723, 79.771, -28.2553
2247.460582, 79.717, -25.1427
2263.746608, 79.696, -21.9954
2280.150649, 79.702, -18.8572
2296.673561, 79.731, -15.7556
2313.316204, 79.780, -12.7243
2330.079447, 79.844, -9.7974
2346.964163, 79.918, -7.0024
2363.971233, 79.997, -4.3559
2381.101543, 80.076, -1.8589
2398.355986, 80.152, 0.4985
2415.735463, 80.221, 2.7225
2433.240878, 80.280, 4.8143
2450.873144, 80.318, 6.7905
2468.633181, 80.327, 8.7096
2486.521915, 80.298, 10.6855
2504.540278, 80.231, 12.8751
2522.689209, 80.139, 15.4324
2540.969655, 80.042, 18.4377
2559.382568, 79.969, 21.8444
2577.928909, 79.936, 25.4940
2596.609645, 79.951, 29.2000
2615.425749, 80.009, 32.8280
2634.378202, 80.101, 36.3091
2653.467992, 80.217, 39.6161
2672.696115, 80.347, 42.7469
2692.063573, 80.482, 45.7147
2711.571376, 80.617, 48.5321
2731.220539, 80.744, 51.2073
2751.012089, 80.860, 53.7550
2770.947057, 80.961, 56.2083
2791.026482, 81.047, 58.6201
2811.251410, 81.124, 61.0484
2831.622897, 81.200, 63.5278
2852.142003, 81.281, 66.0503
2872.809800, 81.372, 68.5763
2893.627364, 81.472, 71.0601
2914.595781, 81.574, 73.4619
2935.716143, 81.673, 75.7518
2956.989553, 81.760, 77.9159
2978.417118, 81.827, 79.9617
2999.999956, 81.870, 81.9231
3021.739192, 81.887, 83.8568
3043.635960, 81.880, 85.8267
3065.691401, 81.855, 87.8925
3087.906665, 81.816, 90.1013
3110.282909, 81.770, 92.4764
3132.821301, 81.721, 95.0183
3155.523016, 81.673, 97.7158
3178.389237, 81.625, 100.5569
3201.421155, 81.579, 103.5289
3224.619973, 81.536, 106.6078
3247.986898, 81.500, 109.7567
3271.523150, 81.471, 112.9551
3295.229956, 81.452, 116.2229
3319.108550, 81.448, 119.6067
3343.160179, 81.467, 123.1292
3367.386096, 81.518, 126.7466
3391.787563, 81.603, 130.3500
3416.365854, 81.712, 133.8151
3441.122250, 81.830, 137.0745
3466.058040, 81.938, 140.1653
3491.174525, 82.032, 143.1951
3516.473015, 82.117, 146.2642
3541.954828, 82.205, 149.4225
3567.621293, 82.310, 152.6688
3593.473747, 82.444, 155.9501
3619.513539, 82.610, 159.1649
3645.742027, 82.802, 162.2097
3672.160576, 83.004, 165.0364
3698.770566, 83.203, 167.6620
3725.573382, 83.389, 170.1357
3752.570422, 83.557, 172.5080
3779.763094, 83.708, 174.8112
3807.152816, 83.845, 177.0548
3834.741015, 83.973, 179.2434
3862.529129, 84.097, -178.6072
3890.518607, 84.221, -176.4717
3918.710909, 84.350, -174.3319
3947.107503, 84.488, -172.1947
3975.709871, 84.635, -170.0986
4004.519504, 84.785, -168.1003
4033.537903, 84.926, -166.2451
4062.766581, 85.048, -164.5385
4092.207063, 85.141, -162.9458
4121.860882, 85.207, -161.4214
4151.729585, 85.254, -159.9380
4181.814729, 85.290, -158.4955
4212.117883, 85.321, -157.1187
4242.640625, 85.347, -155.8408
4273.384548, 85.360, -154.6708
4304.351254, 85.348, -153.5822
4335.542358, 85.297, -152.5129
4366.959485, 85.196, -151.3519
4398.604273, 85.039, -149.9343
4430.478373, 84.833, -148.0686
4462.583446, 84.609, -145.6300
4494.921165, 84.407, -142.6792
4527.493217, 84.260, -139.4290
4560.301299, 84.184, -136.0959
4593.347122, 84.181, -132.8813
4626.632409, 84.240, -130.0182
4660.158894, 84.325, -127.6832
4693.928327, 84.390, -125.8532
4727.942466, 84.401, -124.3110
4762.203086, 84.350, -122.7959
4796.711973, 84.246, -121.1312
4831.470925, 84.112, -119.2537
4866.481755, 83.971, -117.2020
4901.746288, 83.843, -115.0892
4937.266362, 83.733, -113.0405
4973.043830, 83.635, -111.1228
5009.080555, 83.536, -109.3174
5045.378418, 83.425, -107.5595
5081.939310, 83.292, -105.7803
5118.765137, 83.130, -103.9011
5155.857819, 82.935, -101.8371
5193.219290, 82.717, -99.5586
5230.851498, 82.491, -97.1489
5268.756404, 82.266, -94.7441
5306.935985, 82.041, -92.4068
5345.392231, 81.817, -90.0922
5384.127146, 81.597, -87.7291
5423.142751, 81.391, -85.3114
5462.441079, 81.194, -82.8942
5502.024179, 80.994, -80.5115
5541.894114, 80.772, -78.1179
5582.052963, 80.514, -75.6090
5622.502820, 80.222, -72.8997
5663.245793, 79.907, -69.9775
5704.284007, 79.587, -66.8891
5745.619600, 79.280, -63.6993
5787.254728, 78.999, -60.4842
5829.191562, 78.751, -57.3327
5871.432287, 78.532, -54.3252
5913.979105, 78.326, -51.5046
5956.834236, 78.110, -48.8549
5999.999912, 77.858, -46.2932
6043.478385, 77.550, -43.6893
6087.271921, 77.178, -40.9022
6131.382802, 76.746, -37.8003
6175.813330, 76.273, -34.2645
6220.565819, 75.787, -30.2032
6265.642603, 75.326, -25.6087
6311.046032, 74.925, -20.6318
6356.778473, 74.601, -15.5704
6402.842310, 74.343, -10.7276
6449.239945, 74.115, -6.2272
6495.973796, 73.874, -1.9526
6543.046300, 73.596, 2.3272
6590.459911, 73.274, 6.7982
6638.217100, 72.919, 11.5366
6686.320358, 72.555, 16.4940
6734.772191, 72.199, 21.5381
6783.575127, 71.863, 26.5662
6832.731709, 71.545, 31.5759
6882.244499, 71.239, 36.6658
6932.116080, 70.935, 42.0474
6982.349051, 70.633, 48.0090
7032.946030, 70.348, 54.6867
7083.909656, 70.101, 61.7993
7135.242586, 69.888, 68.7372
7186.947495, 69.676, 75.0524
7239.027079, 69.423, 80.8925
7291.484053, 69.127, 86.9951
7344.321152, 68.851, 94.4467
7397.541131, 68.725, 104.6369
7451.146763, 68.917, 119.3492
7505.140844, 69.560, 139.5964
7559.526189, 70.661, 161.9467
7614.305632, 72.090, 179.9769
7669.482029, 73.673, -168.3672
7725.058258, 75.272, -161.7419
7781.037214, 76.799, -158.6504
7837.421817, 78.201, -158.0554
7894.215007, 79.448, -159.1941
7951.419743, 80.531, -161.4392
8009.039008, 81.453, -164.2520
8067.075806, 82.226, -167.1863
8125.533163, 82.870, -169.9121
8184.414126, 83.402, -172.2335
8243.721764, 83.838, -174.0901
8303.459170, 84.194, -175.5317
8363.629458, 84.489, -176.6907
8424.235765, 84.751, -177.7585
8485.281250, 85.012, -178.9513
8546.769096, 85.292, 179.5435
8608.702508, 85.597, 177.6162
8671.084715, 85.912, 175.2622
8733.918969, 86.212, 172.5676
8797.208547, 86.466, 169.6694
8860.956746, 86.639, 166.7177
8925.166891, 86.696, 163.8533
8989.842330, 86.613, 161.1919
9054.986433, 86.378, 158.8079
9120.602598, 85.997, 156.7319
9186.694244, 85.496, 154.9819
9253.264817, 84.911, 153.6028
9320.317788, 84.287, 152.6765
9387.856653, 83.668, 152.3110
9455.884932, 83.094, 152.6116
9524.406173, 82.595, 153.6394
9593.423946, 82.182, 155.3723
9662.941850, 81.847, 157.6936
9732.963510, 81.570, 160.4054
9803.492576, 81.331, 163.2422
9874.532725, 81.125, 165.8909
9946.087659, 80.958, 168.0554
10018.161110, 80.844, 169.5457
10090.756835, 80.795, 170.3180
10163.878619, 80.813, 170.4531
10237.530273, 80.887, 170.1057
10311.715638, 80.989, 169.4553
10386.438580, 81.081, 168.6676
10461.702996, 81.122, 167.8594
10537.512808, 81.075, 167.0701
10613.871970, 80.922, 166.2458
10690.784461, 80.664, 165.2386
10768.254293, 80.324, 163.8579
10846.285502, 79.932, 161.9619
10924.882158, 79.521, 159.5234
11004.048358, 79.118, 156.6431
11083.788228, 78.740, 153.5126
11164.105927, 78.387, 150.3500
11245.005640, 78.037, 147.3345
11326.491587, 77.651, 144.5784
11408.568014, 77.182, 142.1152
11491.239200, 76.592, 139.8767
11574.509457, 75.868, 137.6698
11658.383123, 75.017, 135.2109
11742.864573, 74.065, 132.2145
11827.958211, 73.048, 128.4702
11913.668472, 72.012, 123.8711
11999.999825, 71.019, 118.3898
12086.956770, 70.130, 112.0334
12174.543841, 69.396, 104.7916
12262.765605, 68.840, 96.5744
12351.626659, 68.457, 87.1379
12441.131638, 68.235, 76.0231
12531.285206, 68.169, 62.6183
12622.092064, 68.263, 46.5615
12713.556946, 68.511, 28.4592
12805.684621, 68.897, 10.1476
12898.479890, 69.391, -6.2986
12991.947593, 69.955, -19.7767
13086.092601, 70.537, -30.2252
13180.919822, 71.081, -38.0789
13276.434201, 71.537, -43.8893
13372.640716, 71.872, -48.2007
13469.544383, 72.083, -51.5446
13567.150254, 72.211, -54.4600
13665.463417, 72.338, -57.4703
13764.488998, 72.569, -60.9890
13864.232160, 72.988, -65.1861
13964.698101, 73.618, -69.9107
14065.892060, 74.416, -74.7851
14167.819312, 75.291, -79.4360
14270.485171, 76.143, -83.6841
14373.894990, 76.884, -87.5834
14478.054158, 77.454, -91.3709
14582.968107, 77.824, -95.4189
14688.642305, 78.008, -100.2119
14795.082262, 78.053, -106.2934
14902.293527, 78.040, -114.1393
15010.281689, 78.056, -123.9318
15119.052378, 78.174, -135.2596
15228.611264, 78.415, -147.0437
15338.964058, 78.746, -158.0315
15450.116515, 79.089, -167.4716
15562.074428, 79.352, -175.2904
15674.843635, 79.454, 178.1494
15788.430013, 79.342, 172.2787
15902.839485, 78.998, 166.4065
16018.078016, 78.439, 159.7420
16134.151612, 77.712, 151.4249
16251.066326, 76.882, 140.6036
16368.828251, 76.029, 126.7736
16487.443528, 75.224, 110.5568
16606.918341, 74.507, 94.1179
16727.258917, 73.866, 79.8597
16848.471530, 73.240, 68.8074
16970.562500, 72.549, 60.7042
17093.538192, 71.718, 54.8046
17217.405016, 70.699, 50.2582
17342.169430, 69.481, 46.1760
17467.837939, 68.082, 41.6381
17594.417093, 66.543, 35.7391
17721.913492, 64.927, 27.8096
17850.333783, 63.326, 17.9830
17979.684660, 61.857, 7.7704
18109.972866, 60.639, -0.5800
18241.205195, 59.749, -5.7861
18373.388487, 59.190, -8.1908
18506.529634, 58.915, -9.1799
18640.635577, 58.887, -10.5776
18775.713306, 59.133, -14.5330
18911.769865, 59.729, -24.2271
19048.812345, 60.712, -45.9206
19186.847892, 62.005, -84.7361
19325.883701, 63.446, -120.3261
19465.927021, 64.864, -140.9339
19606.985152, 66.124, -153.5813
19749.065449, 67.134, -162.2939
19892.175318, 67.834, -168.2066
20036.322221, 68.189, -171.3104
