* Measurement data measured by REW V5.40 beta 55
* Source: Headset (USB-C to 3.5mm Headphone Jack Adapter), MICROPHONE (Master Volume), L, volume: 0.500
* Format: 256k Log Swept Sine, 1 sweep at -6.0 dBFS with no timing reference
* Dated: Jan 13, 2025 12:16:19 AM
* REW Settings:
*  C-weighting compensation: Off
*  Target level: 75.0 dB
* Note: ; 
* Measurement: R6
* Smoothing: 1/12 octave
* Frequency Step: 96 ppo
* Start Frequency: 20.0 Hz
*
* Freq(Hz), SPL(dB), Phase(degrees)
19.995176, 77.201, 12.5361
20.140070, 77.579, 11.8317
20.286013, 77.990, 10.5323
20.433014, 78.397, 8.6168
20.581080, 78.769, 6.1346
20.730219, 79.080, 3.1854
20.880438, 79.314, -0.1007
21.031747, 79.460, -3.5787
21.184151, 79.513, -7.0918
21.337660, 79.472, -10.4747
21.492282, 79.344, -13.5577
21.648024, 79.142, -16.1661
21.804894, 78.892, -18.1354
21.962902, 78.629, -19.3353
22.122054, 78.404, -19.7111
22.282359, 78.273, -19.3387
22.443827, 78.283, -18.4553
22.606464, 78.455, -17.4296
22.770280, 78.774, -16.6666
22.935282, 79.197, -16.4832
23.101481, 79.666, -17.0415
23.268884, 80.130, -18.3516
23.437500, 80.549, -20.3159
23.607337, 80.894, -22.7823
23.778406, 81.152, -25.5773
23.950714, 81.317, -28.5271
24.124271, 81.390, -31.4685
24.299085, 81.380, -34.2531
24.475166, 81.299, -36.7544
24.652524, 81.168, -38.8745
24.831166, 81.010, -40.5569
25.011103, 80.850, -41.7968
25.192344, 80.713, -42.6473
25.374898, 80.616, -43.2146
25.558775, 80.567, -43.6333
25.743984, 80.560, -44.0353
25.930536, 80.583, -44.5151
26.118439, 80.618, -45.1121
26.307704, 80.651, -45.8087
26.498340, 80.671, -46.5455
26.690358, 80.679, -47.2449
26.883768, 80.685, -47.8374
27.078578, 80.703, -48.2898
27.274801, 80.753, -48.6222
27.472445, 80.851, -48.9153
27.671522, 81.004, -49.2946
27.872041, 81.208, -49.8993
28.074014, 81.446, -50.8442
28.277450, 81.695, -52.1921
28.482360, 81.930, -53.9435
28.688755, 82.129, -56.0431
28.896645, 82.277, -58.3958
29.106042, 82.365, -60.8834
29.316956, 82.392, -63.3812
29.529399, 82.362, -65.7709
29.743381, 82.286, -67.9524
29.958914, 82.180, -69.8547
30.176009, 82.062, -71.4442
30.394677, 81.947, -72.7277
30.614929, 81.850, -73.7491
30.836777, 81.778, -74.5775
31.060233, 81.734, -75.2891
31.285309, 81.713, -75.9515
31.512015, 81.709, -76.6124
31.740364, 81.713, -77.2975
31.970368, 81.720, -78.0139
32.202038, 81.723, -78.7566
32.435387, 81.719, -79.5131
32.670428, 81.703, -80.2637
32.907171, 81.672, -80.9802
33.145630, 81.626, -81.6245
33.385817, 81.566, -82.1506
33.627744, 81.498, -82.5144
33.871425, 81.432, -82.6890
34.116871, 81.382, -82.6836
34.364096, 81.363, -82.5568
34.613112, 81.384, -82.4124
34.863933, 81.443, -82.3746
35.116572, 81.530, -82.5491
35.371041, 81.623, -82.9875
35.627354, 81.703, -83.6702
35.885524, 81.754, -84.5125
36.145566, 81.769, -85.3903
36.407491, 81.755, -86.1749
36.671315, 81.728, -86.7733
36.937051, 81.710, -87.1582
37.204712, 81.724, -87.3831
37.474312, 81.780, -87.5648
37.745867, 81.876, -87.8403
38.019389, 81.999, -88.3147
38.294893, 82.126, -89.0273
38.572393, 82.240, -89.9485
38.851905, 82.328, -91.0007
39.133442, 82.387, -92.0909
39.417019, 82.421, -93.1385
39.702651, 82.438, -94.0947
39.990353, 82.448, -94.9458
40.280139, 82.457, -95.7051
40.572026, 82.467, -96.3988
40.866027, 82.479, -97.0532
41.162159, 82.492, -97.6890
41.460437, 82.506, -98.3228
41.760877, 82.520, -98.9709
42.063493, 82.534, -99.6519
42.368303, 82.545, -100.3818
42.675321, 82.550, -101.1681
42.984564, 82.544, -102.0029
43.296048, 82.526, -102.8643
43.609789, 82.496, -103.7212
43.925803, 82.458, -104.5450
44.244108, 82.418, -105.3195
44.564719, 82.383, -106.0485
44.887653, 82.360, -106.7559
45.212928, 82.350, -107.4780
45.540559, 82.353, -108.2512
45.870565, 82.364, -109.0969
46.202962, 82.375, -110.0115
46.537767, 82.380, -110.9620
46.874999, 82.376, -111.8944
47.214675, 82.366, -112.7500
47.556812, 82.355, -113.4886
47.901428, 82.354, -114.1074
48.248542, 82.369, -114.6431
48.598170, 82.400, -115.1549
48.950333, 82.440, -115.6927
49.305047, 82.479, -116.2684
49.662332, 82.506, -116.8480
50.022206, 82.519, -117.3691
50.384687, 82.522, -117.7748
50.749795, 82.528, -118.0472
51.117549, 82.547, -118.2240
51.487968, 82.584, -118.3864
51.861071, 82.638, -118.6251
52.236878, 82.698, -119.0029
52.615408, 82.752, -119.5341
52.996681, 82.790, -120.1873
53.380716, 82.810, -120.9056
53.767535, 82.812, -121.6317
54.157157, 82.804, -122.3252
54.549602, 82.793, -122.9728
54.944891, 82.787, -123.5867
55.343044, 82.789, -124.1949
55.744083, 82.801, -124.8276
56.148027, 82.819, -125.5034
56.554899, 82.838, -126.2202
56.964719, 82.856, -126.9557
57.377509, 82.871, -127.6774
57.793290, 82.888, -128.3605
58.212084, 82.909, -129.0052
58.633913, 82.939, -129.6416
59.058798, 82.976, -130.3145
59.486763, 83.010, -131.0568
59.917828, 83.033, -131.8656
60.352018, 83.036, -132.7006
60.789353, 83.018, -133.5059
61.229858, 82.984, -134.2404
61.673555, 82.940, -134.8966
62.120467, 82.892, -135.4937
62.570617, 82.839, -136.0521
63.024030, 82.782, -136.5742
63.480728, 82.722, -137.0469
63.940735, 82.665, -137.4646
64.404076, 82.618, -137.8519
64.870775, 82.585, -138.2600
65.340855, 82.564, -138.7408
65.814342, 82.546, -139.3162
66.291260, 82.525, -139.9670
66.771634, 82.496, -140.6475
67.255488, 82.459, -141.3097
67.742849, 82.419, -141.9237
68.233742, 82.379, -142.4824
68.728192, 82.342, -142.9937
69.226225, 82.307, -143.4701
69.727866, 82.273, -143.9208
70.233143, 82.238, -144.3511
70.742082, 82.201, -144.7637
71.254708, 82.161, -145.1593
71.771049, 82.116, -145.5369
72.291131, 82.068, -145.8936
72.814983, 82.018, -146.2297
73.342630, 81.968, -146.5532
73.874101, 81.920, -146.8792
74.409423, 81.876, -147.2234
74.948625, 81.834, -147.5979
75.491733, 81.796, -148.0095
76.038777, 81.760, -148.4595
76.589786, 81.724, -148.9418
77.144787, 81.685, -149.4397
77.703810, 81.643, -149.9283
78.266884, 81.598, -150.3805
78.834038, 81.551, -150.7742
79.405302, 81.505, -151.1013
79.980705, 81.464, -151.3757
80.560278, 81.428, -151.6318
81.144051, 81.392, -151.9036
81.732055, 81.352, -152.2008
82.324319, 81.304, -152.5060
82.920875, 81.247, -152.7935
83.521754, 81.184, -153.0504
84.126987, 81.121, -153.2809
84.736605, 81.059, -153.4969
85.350642, 81.000, -153.7118
85.969128, 80.946, -153.9337
86.592096, 80.895, -154.1609
87.219578, 80.846, -154.3805
87.851607, 80.801, -154.5769
88.488216, 80.759, -154.7404
89.129438, 80.724, -154.8722
89.775306, 80.694, -154.9823
90.425855, 80.668, -155.0845
91.081118, 80.645, -155.1882
91.741129, 80.623, -155.2958
92.405924, 80.600, -155.4080
93.075535, 80.576, -155.5298
93.749999, 80.552, -155.6654
94.429350, 80.525, -155.8091
95.113624, 80.495, -155.9464
95.802856, 80.465, -156.0647
96.497083, 80.436, -156.1614
97.196341, 80.407, -156.2415
97.900666, 80.378, -156.3091
98.610094, 80.347, -156.3636
99.324664, 80.313, -156.4027
100.044411, 80.276, -156.4282
100.769374, 80.236, -156.4490
101.499591, 80.195, -156.4786
102.235098, 80.152, -156.5327
102.975936, 80.108, -156.6221
103.722142, 80.065, -156.7480
104.473756, 80.023, -156.9075
105.230815, 79.982, -157.0969
105.993361, 79.943, -157.3070
106.761433, 79.904, -157.5153
107.535070, 79.864, -157.6954
108.314314, 79.823, -157.8285
109.099204, 79.781, -157.9084
109.889782, 79.738, -157.9430
110.686088, 79.695, -157.9495
111.488165, 79.650, -157.9489
112.296055, 79.602, -157.9589
113.109798, 79.553, -157.9912
113.929438, 79.504, -158.0496
114.755018, 79.457, -158.1307
115.586580, 79.414, -158.2261
116.424168, 79.376, -158.3268
117.267826, 79.343, -158.4282
118.117597, 79.314, -158.5248
118.973525, 79.283, -158.6014
119.835657, 79.248, -158.6331
120.704035, 79.208, -158.6003
121.578706, 79.164, -158.5066
122.459716, 79.118, -158.3756
123.347109, 79.071, -158.2373
124.240933, 79.024, -158.1143
125.141234, 78.976, -158.0175
126.048059, 78.929, -157.9487
126.961456, 78.882, -157.9025
127.881471, 78.835, -157.8638
128.808153, 78.788, -157.8102
129.741550, 78.742, -157.7244
130.681710, 78.698, -157.6042
131.628684, 78.657, -157.4609
132.582520, 78.619, -157.3119
133.543267, 78.581, -157.1731
134.510977, 78.542, -157.0525
135.485699, 78.501, -156.9484
136.467484, 78.457, -156.8531
137.456384, 78.413, -156.7587
138.452449, 78.368, -156.6589
139.455733, 78.322, -156.5488
140.466286, 78.275, -156.4219
141.484163, 78.228, -156.2728
142.509416, 78.181, -156.1017
143.542098, 78.135, -155.9160
144.582263, 78.089, -155.7260
145.629965, 78.044, -155.5394
146.685260, 77.998, -155.3574
147.748202, 77.950, -155.1735
148.818846, 77.899, -154.9725
149.897249, 77.846, -154.7382
150.983466, 77.791, -154.4634
152.077555, 77.737, -154.1567
153.179572, 77.685, -153.8395
154.289574, 77.634, -153.5327
155.407620, 77.584, -153.2435
156.533767, 77.536, -152.9640
157.668076, 77.489, -152.6836
158.810603, 77.447, -152.3977
159.961411, 77.408, -152.1053
161.120557, 77.371, -151.8063
162.288103, 77.337, -151.5022
163.464109, 77.304, -151.1942
164.648638, 77.272, -150.8800
165.841750, 77.239, -150.5540
167.043507, 77.207, -150.2091
168.253973, 77.174, -149.8406
169.473211, 77.140, -149.4480
170.701284, 77.103, -149.0327
171.938256, 77.065, -148.5974
173.184191, 77.024, -148.1482
174.439155, 76.982, -147.6913
175.703213, 76.942, -147.2261
176.976431, 76.903, -146.7491
178.258875, 76.868, -146.2577
179.550613, 76.835, -145.7472
180.851710, 76.803, -145.2104
182.162236, 76.772, -144.6439
183.482259, 76.743, -144.0503
184.811847, 76.715, -143.4335
186.151070, 76.691, -142.7970
187.499997, 76.669, -142.1456
188.858700, 76.651, -141.4828
190.227248, 76.633, -140.8080
191.605713, 76.616, -140.1184
192.994167, 76.599, -139.4115
194.392682, 76.585, -138.6868
195.801331, 76.574, -137.9504
197.220189, 76.568, -137.2126
198.649327, 76.565, -136.4799
200.088822, 76.563, -135.7480
201.538748, 76.562, -135.0057
202.999181, 76.562, -134.2416
204.470197, 76.566, -133.4523
205.951872, 76.575, -132.6409
207.444284, 76.590, -131.8098
208.947511, 76.613, -130.9601
210.461631, 76.642, -130.0956
211.986723, 76.677, -129.2266
213.522866, 76.717, -128.3667
215.070141, 76.761, -127.5275
216.628627, 76.811, -126.7147
218.198408, 76.866, -125.9299
219.779563, 76.927, -125.1724
221.372177, 76.995, -124.4399
222.976331, 77.070, -123.7301
224.592109, 77.150, -123.0405
226.219596, 77.235, -122.3700
227.858877, 77.322, -121.7189
229.510036, 77.410, -121.0868
231.173160, 77.500, -120.4696
232.848336, 77.591, -119.8610
234.535651, 77.682, -119.2584
236.235193, 77.771, -118.6694
237.947051, 77.858, -118.1141
239.671313, 77.942, -117.6196
241.408071, 78.025, -117.2023
243.157413, 78.107, -116.8541
244.919432, 78.189, -116.5488
246.694219, 78.271, -116.2557
248.481867, 78.351, -115.9556
250.282469, 78.429, -115.6479
252.096119, 78.506, -115.3452
253.922911, 78.583, -115.0582
255.762941, 78.661, -114.7872
257.616305, 78.740, -114.5216
259.483099, 78.821, -114.2483
261.363421, 78.902, -113.9591
263.257368, 78.983, -113.6534
265.165039, 79.064, -113.3379
267.086534, 79.145, -113.0256
269.021953, 79.227, -112.7307
270.971397, 79.309, -112.4589
272.934968, 79.389, -112.2053
274.912767, 79.467, -111.9622
276.904898, 79.542, -111.7267
278.911465, 79.616, -111.5039
280.932573, 79.689, -111.3015
282.968326, 79.763, -111.1241
285.018831, 79.839, -110.9705
287.084195, 79.916, -110.8379
289.164526, 79.993, -110.7286
291.259931, 80.068, -110.6465
293.370520, 80.142, -110.5923
295.496404, 80.213, -110.5602
297.637693, 80.282, -110.5397
299.794498, 80.348, -110.5211
301.966933, 80.412, -110.4999
304.155110, 80.473, -110.4769
306.359143, 80.531, -110.4568
308.579148, 80.588, -110.4453
310.815239, 80.643, -110.4471
313.067535, 80.696, -110.4618
315.336151, 80.747, -110.4865
317.621207, 80.797, -110.5186
319.922821, 80.845, -110.5562
322.241114, 80.891, -110.5950
324.576206, 80.936, -110.6307
326.928219, 80.979, -110.6619
329.297275, 81.020, -110.6896
331.683499, 81.058, -110.7156
334.087014, 81.093, -110.7406
336.507947, 81.126, -110.7643
338.946422, 81.158, -110.7878
341.402567, 81.189, -110.8146
343.876511, 81.219, -110.8480
346.368382, 81.248, -110.8912
348.878310, 81.275, -110.9470
351.406426, 81.299, -111.0162
353.952862, 81.321, -111.0968
356.517750, 81.341, -111.1836
359.101225, 81.358, -111.2693
361.703421, 81.370, -111.3483
364.324473, 81.379, -111.4219
366.964518, 81.383, -111.4966
369.623694, 81.382, -111.5774
372.302140, 81.376, -111.6648
374.999995, 81.365, -111.7562
377.717399, 81.345, -111.8467
380.454495, 81.317, -111.9281
383.211425, 81.280, -111.9902
385.988333, 81.233, -112.0203
388.785364, 81.179, -112.0032
391.602663, 81.119, -111.9252
394.440377, 81.056, -111.7751
397.298655, 80.991, -111.5468
400.177644, 80.929, -111.2397
403.077497, 80.870, -110.8608
405.998362, 80.819, -110.4236
408.940394, 80.775, -109.9434
411.903744, 80.741, -109.4333
414.888569, 80.717, -108.9037
417.895022, 80.700, -108.3639
420.923262, 80.690, -107.8253
423.973445, 80.685, -107.3008
427.045732, 80.683, -106.8015
430.140281, 80.683, -106.3337
433.257255, 80.685, -105.8970
436.396816, 80.687, -105.4847
439.559127, 80.689, -105.0886
442.744354, 80.688, -104.7015
445.952662, 80.686, -104.3196
449.184218, 80.681, -103.9407
452.439192, 80.675, -103.5631
455.717753, 80.667, -103.1853
459.020072, 80.657, -102.8058
462.346321, 80.646, -102.4224
465.696673, 80.635, -102.0314
469.071303, 80.624, -101.6292
472.470387, 80.613, -101.2141
475.894102, 80.603, -100.7866
479.342627, 80.593, -100.3477
482.816141, 80.585, -99.9000
486.314826, 80.578, -99.4485
489.838864, 80.571, -98.9993
493.388438, 80.566, -98.5583
496.963734, 80.561, -98.1307
500.564938, 80.556, -97.7194
504.192238, 80.550, -97.3265
507.845823, 80.543, -96.9530
511.525883, 80.533, -96.5969
515.232610, 80.520, -96.2549
518.966198, 80.502, -95.9216
522.726841, 80.478, -95.5886
526.514735, 80.447, -95.2433
530.330078, 80.410, -94.8705
534.173068, 80.366, -94.4559
538.043907, 80.319, -93.9894
541.942795, 80.270, -93.4681
545.869936, 80.222, -92.8970
549.825534, 80.177, -92.2870
553.809797, 80.138, -91.6539
557.822931, 80.103, -91.0143
561.865146, 80.073, -90.3817
565.936652, 80.047, -89.7643
570.037662, 80.022, -89.1647
574.168390, 79.996, -88.5828
578.329051, 79.968, -88.0177
582.519862, 79.937, -87.4691
586.741041, 79.903, -86.9363
590.992808, 79.863, -86.4172
595.275386, 79.820, -85.9092
599.588997, 79.771, -85.4077
603.933866, 79.718, -84.9078
608.310219, 79.659, -84.4032
612.718286, 79.596, -83.8872
617.158295, 79.528, -83.3530
621.630479, 79.455, -82.7943
626.135069, 79.378, -82.2056
630.672302, 79.297, -81.5829
635.242414, 79.211, -80.9241
639.845642, 79.121, -80.2288
644.482227, 79.026, -79.4980
649.152411, 78.924, -78.7322
653.856437, 78.814, -77.9290
658.594551, 78.694, -77.0823
663.366998, 78.564, -76.1797
668.174029, 78.423, -75.2007
673.015893, 78.271, -74.1182
677.892844, 78.112, -72.9044
682.805135, 77.949, -71.5372
687.753022, 77.788, -70.0035
692.736764, 77.634, -68.3009
697.756620, 77.492, -66.4364
702.812853, 77.369, -64.4253
707.905724, 77.266, -62.2897
713.035501, 77.187, -60.0566
718.202450, 77.134, -57.7568
723.406841, 77.108, -55.4215
728.648945, 77.109, -53.0814
733.929036, 77.134, -50.7660
739.247388, 77.183, -48.5023
744.604279, 77.252, -46.3132
749.999989, 77.337, -44.2153
755.434798, 77.436, -42.2195
760.908990, 77.544, -40.3319
766.422850, 77.658, -38.5535
771.976666, 77.776, -36.8807
777.570727, 77.896, -35.3069
783.205325, 78.015, -33.8236
788.880754, 78.131, -32.4216
794.597309, 78.244, -31.0925
800.355289, 78.353, -29.8292
806.154993, 78.456, -28.6255
811.996725, 78.553, -27.4761
817.880788, 78.643, -26.3752
823.807489, 78.725, -25.3163
829.777138, 78.799, -24.2900
835.790045, 78.862, -23.2815
841.846524, 78.915, -22.2699
847.946891, 78.959, -21.2312
854.091464, 78.995, -20.1434
860.280562, 79.028, -18.9921
866.514510, 79.059, -17.7742
872.793631, 79.094, -16.5004
879.118254, 79.133, -15.1904
885.488707, 79.179, -13.8665
891.905323, 79.232, -12.5474
898.368437, 79.288, -11.2466
904.878385, 79.348, -9.9713
911.435507, 79.409, -8.7227
918.040144, 79.470, -7.4966
924.692641, 79.528, -6.2856
931.393345, 79.585, -5.0806
938.142606, 79.640, -3.8719
944.940774, 79.695, -2.6525
951.788204, 79.750, -1.4200
958.685254, 79.808, -0.1791
965.632282, 79.869, 1.0612
972.629652, 79.934, 2.2875
979.677727, 80.003, 3.4857
986.776876, 80.074, 4.6416
993.927468, 80.146, 5.7416
1001.129876, 80.218, 6.7738
1008.384476, 80.287, 7.7296
1015.691645, 80.349, 8.6061
1023.051766, 80.400, 9.4086
1030.465221, 80.438, 10.1545
1037.932396, 80.459, 10.8754
1045.453682, 80.462, 11.6112
1053.029471, 80.450, 12.3998
1060.660156, 80.427, 13.2633
1068.346137, 80.395, 14.2026
1076.087813, 80.359, 15.1998
1083.885589, 80.320, 16.2267
1091.739871, 80.276, 17.2559
1099.651068, 80.224, 18.2699
1107.619593, 80.160, 19.2684
1115.645861, 80.079, 20.2705
1123.730291, 79.979, 21.3154
1131.873304, 79.857, 22.4595
1140.075325, 79.716, 23.7688
1148.336780, 79.561, 25.3075
1156.658102, 79.403, 27.1212
1165.039724, 79.252, 29.2224
1173.482082, 79.122, 31.5835
1181.985617, 79.020, 34.1418
1190.550772, 78.953, 36.8142
1199.177993, 78.920, 39.5133
1207.867731, 78.919, 42.1616
1216.620439, 78.942, 44.7020
1225.436572, 78.982, 47.1072
1234.316591, 79.028, 49.3815
1243.260957, 79.077, 51.5541
1252.270139, 79.125, 53.6642
1261.344604, 79.174, 55.7422
1270.484827, 79.224, 57.7981
1279.691284, 79.279, 59.8203
1288.964455, 79.339, 61.7855
1298.304823, 79.402, 63.6715
1307.712874, 79.465, 65.4648
1317.189101, 79.524, 67.1624
1326.733996, 79.575, 68.7686
1336.348058, 79.615, 70.2935
1346.031787, 79.639, 71.7526
1355.785688, 79.645, 73.1671
1365.610270, 79.631, 74.5640
1375.506045, 79.594, 75.9766
1385.473529, 79.534, 77.4446
1395.513241, 79.452, 79.0109
1405.625705, 79.351, 80.7161
1415.811448, 79.234, 82.5925
1426.071002, 79.108, 84.6589
1436.404900, 78.976, 86.9215
1446.813682, 78.844, 89.3818
1457.297890, 78.715, 92.0454
1467.858072, 78.594, 94.9230
1478.494776, 78.487, 98.0199
1489.208559, 78.400, 101.3196
1499.999978, 78.341, 104.7753
1510.869596, 78.311, 108.3199
1521.817980, 78.312, 111.8868
1532.845701, 78.339, 115.4254
1543.953332, 78.389, 118.9050
1555.141455, 78.457, 122.3103
1566.410651, 78.541, 125.6343
1577.761508, 78.638, 128.8749
1589.194618, 78.745, 132.0330
1600.710578, 78.860, 135.1123
1612.309986, 78.980, 138.1177
1623.993449, 79.104, 141.0551
1635.761575, 79.230, 143.9315
1647.614978, 79.355, 146.7588
1659.554275, 79.480, 149.5540
1671.580089, 79.604, 152.3359
1683.693048, 79.729, 155.1201
1695.893782, 79.857, 157.9106
1708.182927, 79.992, 160.6982
1720.561125, 80.133, 163.4634
1733.029020, 80.280, 166.1820
1745.587263, 80.432, 168.8337
1758.236508, 80.586, 171.4053
1770.977414, 80.739, 173.8920
1783.810646, 80.887, 176.2986
1796.736874, 81.028, 178.6394
1809.756770, 81.160, -179.0619
1822.871013, 81.283, -176.7787
1836.080288, 81.399, -174.4893
1849.385283, 81.510, -172.1854
1862.786691, 81.620, -169.8741
1876.285211, 81.727, -167.5732
1889.881547, 81.833, -165.3008
1903.576408, 81.934, -163.0649
1917.370507, 82.028, -160.8611
1931.264564, 82.113, -158.6729
1945.259304, 82.191, -156.4810
1959.355454, 82.263, -154.2734
1973.553752, 82.332, -152.0547
1987.854936, 82.399, -149.8442
2002.259752, 82.465, -147.6667
2016.768952, 82.527, -145.5442
2031.383291, 82.583, -143.4911
2046.103531, 82.629, -141.5171
2060.930441, 82.662, -139.6287
2075.864793, 82.678, -137.8284
2090.907365, 82.671, -136.1135
2106.058941, 82.637, -134.4736
2121.320313, 82.570, -132.8887
2136.692274, 82.465, -131.3265
2152.175627, 82.314, -129.7363
2167.771179, 82.113, -128.0381
2183.479742, 81.857, -126.1100
2199.302137, 81.548, -123.7832
2215.239187, 81.195, -120.8536
2231.291723, 80.821, -117.1193
2247.460582, 80.461, -112.4542
2263.746608, 80.155, -106.8988
2280.150649, 79.940, -100.7098
2296.673561, 79.833, -94.2980
2313.316204, 79.828, -88.0696
2330.079447, 79.902, -82.2883
2346.964163, 80.025, -77.0443
2363.971233, 80.170, -72.3038
2381.101543, 80.316, -67.9694
2398.355986, 80.447, -63.9174
2415.735463, 80.557, -60.0123
2433.240878, 80.645, -56.1195
2450.873144, 80.716, -52.1227
2468.633181, 80.780, -47.9491
2486.521915, 80.850, -43.5903
2504.540278, 80.937, -39.1058
2522.689209, 81.044, -34.5980
2540.969655, 81.169, -30.1688
2559.382568, 81.304, -25.8800
2577.928909, 81.439, -21.7383
2596.609645, 81.566, -17.7037
2615.425749, 81.683, -13.7082
2634.378202, 81.788, -9.6766
2653.467992, 81.887, -5.5462
2672.696115, 81.987, -1.2851
2692.063573, 82.097, 3.0972
2711.571376, 82.223, 7.5532
2731.220539, 82.367, 12.0165
2751.012089, 82.529, 16.4260
2770.947057, 82.705, 20.7386
2791.026482, 82.891, 24.9291
2811.251410, 83.084, 28.9811
2831.622897, 83.281, 32.8813
2852.142003, 83.478, 36.6150
2872.809800, 83.672, 40.1630
2893.627364, 83.858, 43.5000
2914.595781, 84.029, 46.5934
2935.716143, 84.179, 49.4062
2956.989553, 84.297, 51.9033
2978.417118, 84.370, 54.0629
2999.999956, 84.381, 55.8975
3021.739192, 84.317, 57.4833
3043.635960, 84.164, 58.9825
3065.691401, 83.923, 60.6517
3087.906665, 83.609, 62.8304
3110.282909, 83.255, 65.8828
3132.821301, 82.915, 70.0628
3155.523016, 82.647, 75.3416
3178.389237, 82.491, 81.3358
3201.421155, 82.449, 87.4636
3224.619973, 82.489, 93.2329
3247.986898, 82.566, 98.4228
3271.523150, 82.641, 103.0648
3295.229956, 82.692, 107.3292
3319.108550, 82.718, 111.4090
3343.160179, 82.733, 115.4331
3367.386096, 82.756, 119.4281
3391.787563, 82.800, 123.3445
3416.365854, 82.867, 127.1290
3441.122250, 82.948, 130.7844
3466.058040, 83.036, 134.3754
3491.174525, 83.132, 137.9842
3516.473015, 83.242, 141.6526
3541.954828, 83.377, 145.3547
3567.621293, 83.545, 149.0165
3593.473747, 83.746, 152.5659
3619.513539, 83.973, 155.9695
3645.742027, 84.222, 159.2274
3672.160576, 84.489, 162.3381
3698.770566, 84.769, 165.2761
3725.573382, 85.052, 168.0049
3752.570422, 85.330, 170.5063
3779.763094, 85.596, 172.7914
3807.152816, 85.849, 174.8913
3834.741015, 86.092, 176.8417
3862.529129, 86.331, 178.6694
3890.518607, 86.570, -179.6166
3918.710909, 86.811, -178.0217
3947.107503, 87.050, -176.5550
3975.709871, 87.281, -175.2172
4004.519504, 87.495, -173.9946
4033.537903, 87.688, -172.8620
4062.766581, 87.854, -171.7950
4092.207063, 87.996, -170.7832
4121.860882, 88.116, -169.8307
4151.729585, 88.222, -168.9464
4181.814729, 88.320, -168.1369
4212.117883, 88.413, -167.4080
4242.640625, 88.501, -166.7653
4273.384548, 88.583, -166.2122
4304.351254, 88.650, -165.7448
4335.542358, 88.695, -165.3474
4366.959485, 88.709, -164.9940
4398.604273, 88.686, -164.6589
4430.478373, 88.627, -164.3289
4462.583446, 88.533, -164.0051
4494.921165, 88.410, -163.6926
4527.493217, 88.266, -163.3886
4560.301299, 88.104, -163.0814
4593.347122, 87.929, -162.7537
4626.632409, 87.741, -162.3863
4660.158894, 87.535, -161.9585
4693.928327, 87.308, -161.4449
4727.942466, 87.052, -160.8150
4762.203086, 86.762, -160.0398
4796.711973, 86.438, -159.1049
4831.470925, 86.084, -158.0150
4866.481755, 85.708, -156.7882
4901.746288, 85.320, -155.4439
4937.266362, 84.930, -153.9932
4973.043830, 84.541, -152.4360
5009.080555, 84.157, -150.7646
5045.378418, 83.775, -148.9684
5081.939310, 83.390, -147.0358
5118.765137, 82.995, -144.9510
5155.857819, 82.582, -142.6970
5193.219290, 82.149, -140.2655
5230.851498, 81.697, -137.6638
5268.756404, 81.234, -134.9098
5306.935985, 80.770, -132.0237
5345.392231, 80.317, -129.0245
5384.127146, 79.881, -125.9285
5423.142751, 79.467, -122.7462
5462.441079, 79.070, -119.4793
5502.024179, 78.685, -116.1139
5541.894114, 78.303, -112.6190
5582.052963, 77.917, -108.9595
5622.502820, 77.526, -105.1271
5663.245793, 77.139, -101.1669
5704.284007, 76.766, -97.1777
5745.619600, 76.421, -93.2832
5787.254728, 76.108, -89.5908
5829.191562, 75.826, -86.1659
5871.432287, 75.566, -83.0328
5913.979105, 75.316, -80.1944
5956.834236, 75.058, -77.6453
5999.999912, 74.768, -75.3726
6043.478385, 74.426, -73.3555
6087.271921, 74.011, -71.5723
6131.382802, 73.510, -70.0007
6175.813330, 72.915, -68.6007
6220.565819, 72.221, -67.2981
6265.642603, 71.426, -65.9862
6311.046032, 70.529, -64.5337
6356.778473, 69.526, -62.7821
6402.842310, 68.413, -60.5207
6449.239945, 67.191, -57.4342
6495.973796, 65.873, -52.9987
6543.046300, 64.503, -46.1954
6590.459911, 63.198, -34.5333
6638.217100, 62.176, -10.4794
6686.320358, 61.717, 38.4457
6734.772191, 61.973, 80.1802
6783.575127, 62.810, 99.6229
6832.731709, 63.954, 110.3195
6882.244499, 65.191, 117.6523
6932.116080, 66.412, 123.4791
6982.349051, 67.574, 128.5511
7032.946030, 68.667, 133.1592
7083.909656, 69.693, 137.3546
7135.242586, 70.657, 141.0753
7186.947495, 71.566, 144.2438
7239.027079, 72.423, 146.8346
7291.484053, 73.234, 148.8971
7344.321152, 73.999, 150.5413
7397.541131, 74.719, 151.9063
7451.146763, 75.392, 153.1296
7505.140844, 76.013, 154.3289
7559.526189, 76.575, 155.5962
7614.305632, 77.071, 156.9949
7669.482029, 77.501, 158.5556
7725.058258, 77.874, 160.2758
7781.037214, 78.212, 162.1254
7837.421817, 78.548, 164.0551
7894.215007, 78.912, 166.0037
7951.419743, 79.328, 167.9061
8009.039008, 79.804, 169.7058
8067.075806, 80.331, 171.3603
8125.533163, 80.889, 172.8352
8184.414126, 81.450, 174.1014
8243.721764, 81.988, 175.1372
8303.459170, 82.482, 175.9220
8363.629458, 82.931, 176.4081
8424.235765, 83.348, 176.4985
8485.281250, 83.750, 176.0702
8546.769096, 84.151, 175.0296
8608.702508, 84.552, 173.3535
8671.084715, 84.941, 171.1044
8733.918969, 85.296, 168.4185
8797.208547, 85.589, 165.4738
8860.956746, 85.791, 162.4525
8925.166891, 85.875, 159.5123
8989.842330, 85.817, 156.7714
9054.986433, 85.609, 154.2975
9120.602598, 85.257, 152.1050
9186.694244, 84.785, 150.1832
9253.264817, 84.230, 148.5378
9320.317788, 83.635, 147.2059
9387.856653, 83.041, 146.2477
9455.884932, 82.482, 145.7273
9524.406173, 81.978, 145.6925
9593.423946, 81.527, 146.1583
9662.941850, 81.112, 147.0991
9732.963510, 80.703, 148.4515
9803.492576, 80.274, 150.1155
9874.532725, 79.817, 151.9484
9946.087659, 79.344, 153.7756
10018.161110, 78.887, 155.4253
10090.756835, 78.478, 156.7661
10163.878619, 78.143, 157.7387
10237.530273, 77.887, 158.3704
10311.715638, 77.692, 158.7579
10386.438580, 77.526, 159.0257
10461.702996, 77.344, 159.2730
10537.512808, 77.103, 159.5353
10613.871970, 76.769, 159.7650
10690.784461, 76.327, 159.8369
10768.254293, 75.779, 159.5971
10846.285502, 75.139, 158.9346
10924.882158, 74.427, 157.8294
11004.048358, 73.663, 156.3687
11083.788228, 72.857, 154.7356
11164.105927, 72.013, 153.1739
11245.005640, 71.118, 151.9417
11326.491587, 70.150, 151.2754
11408.568014, 69.078, 151.3901
11491.239200, 67.875, 152.5228
11574.509457, 66.530, 155.0290
11658.383123, 65.080, 159.6426
11742.864573, 63.640, 168.2973
11827.958211, 62.469, -172.7483
11913.668472, 61.949, -127.3941
11999.999825, 62.324, -80.3186
12086.956770, 63.422, -60.1387
12174.543841, 64.866, -50.7640
12262.765605, 66.387, -45.5039
12351.626659, 67.860, -42.3829
12441.131638, 69.256, -40.7970
12531.285206, 70.586, -40.6450
12622.092064, 71.875, -41.9840
12713.556946, 73.135, -44.8142
12805.684621, 74.365, -48.9567
12898.479890, 75.543, -54.0322
12991.947593, 76.637, -59.5425
13086.092601, 77.613, -65.0108
13180.919822, 78.435, -70.1014
13276.434201, 79.073, -74.6713
13372.640716, 79.507, -78.7660
13469.544383, 79.733, -82.5925
13567.150254, 79.776, -86.4852
13665.463417, 79.689, -90.8313
13764.488998, 79.553, -95.9457
13864.232160, 79.456, -101.9349
13964.698101, 79.471, -108.5893
14065.892060, 79.631, -115.4043
14167.819312, 79.910, -121.7916
14270.485171, 80.238, -127.3510
14373.894990, 80.528, -131.9953
14478.054158, 80.702, -135.9055
14582.968107, 80.706, -139.4376
14688.642305, 80.531, -143.0663
14795.082262, 80.211, -147.3377
14902.293527, 79.824, -152.7757
15010.281689, 79.480, -159.7228
15119.052378, 79.288, -168.1023
15228.611264, 79.309, -177.2682
15338.964058, 79.521, 173.7507
15450.116515, 79.828, 165.7087
15562.074428, 80.106, 158.8366
15674.843635, 80.244, 152.9386
15788.430013, 80.162, 147.5978
15902.839485, 79.823, 142.2862
16018.078016, 79.231, 136.4026
16134.151612, 78.421, 129.3143
16251.066326, 77.460, 120.4408
16368.828251, 76.439, 109.5255
16487.443528, 75.471, 97.1529
16606.918341, 74.666, 84.9346
16727.258917, 74.086, 74.5815
16848.471530, 73.702, 66.7652
16970.562500, 73.414, 61.0881
17093.538192, 73.103, 56.6610
17217.405016, 72.678, 52.4806
17342.169430, 72.094, 47.5500
17467.837939, 71.339, 40.9030
17594.417093, 70.421, 31.5570
17721.913492, 69.359, 18.4963
17850.333783, 68.176, 1.1651
17979.684660, 66.899, -18.8679
18109.972866, 65.552, -37.2078
18241.205195, 64.158, -50.1985
18373.388487, 62.757, -57.3065
18506.529634, 61.442, -59.7551
18640.635577, 60.405, -59.6168
18775.713306, 59.931, -60.1253
18911.769865, 60.233, -66.1552
19048.812345, 61.236, -84.5013
19186.847892, 62.646, -117.4302
19325.883701, 64.184, -147.9098
19465.927021, 65.657, -167.1840
19606.985152, 66.947, -179.8224
19749.065449, 67.976, 171.1544
19892.175318, 68.689, 164.9119
20036.322221, 69.051, 161.5997
