* Measurement data measured by REW V5.40 beta 55
* Source: Headset (USB-C to 3.5mm Headphone Jack Adapter), MICROPHONE (Master Volume), L, volume: 0.500
* Format: 256k Log Swept Sine, 1 sweep at -6.0 dBFS with no timing reference
* Dated: Jan 13, 2025 12:16:02 AM
* REW Settings:
*  C-weighting compensation: Off
*  Target level: 75.0 dB
* Note: ; 
* Measurement: R5
* Smoothing: 1/12 octave
* Frequency Step: 96 ppo
* Start Frequency: 20.0 Hz
*
* Freq(Hz), SPL(dB), Phase(degrees)
19.995176, 78.178, -5.9670
20.140070, 77.888, -7.9362
20.286013, 77.596, -9.2229
20.433014, 77.341, -9.8049
20.581080, 77.165, -9.7485
20.730219, 77.103, -9.2271
20.880438, 77.176, -8.5090
21.031747, 77.379, -7.8976
21.184151, 77.684, -7.6549
21.337660, 78.051, -7.9479
21.492282, 78.438, -8.8306
21.648024, 78.809, -10.2661
21.804894, 79.137, -12.1592
21.962902, 79.405, -14.3820
22.122054, 79.602, -16.7960
22.282359, 79.727, -19.2629
22.443827, 79.783, -21.6499
22.606464, 79.778, -23.8373
22.770280, 79.726, -25.7213
22.935282, 79.645, -27.2244
23.101481, 79.558, -28.3053
23.268884, 79.488, -28.9702
23.437500, 79.459, -29.2808
23.607337, 79.487, -29.3504
23.778406, 79.581, -29.3271
23.950714, 79.735, -29.3661
24.124271, 79.938, -29.5995
24.299085, 80.171, -30.1175
24.475166, 80.415, -30.9614
24.652524, 80.651, -32.1306
24.831166, 80.867, -33.5937
25.011103, 81.050, -35.3012
25.192344, 81.196, -37.1953
25.374898, 81.299, -39.2158
25.558775, 81.358, -41.3031
25.743984, 81.372, -43.3990
25.930536, 81.342, -45.4461
26.118439, 81.271, -47.3869
26.307704, 81.163, -49.1639
26.498340, 81.023, -50.7215
26.690358, 80.862, -52.0110
26.883768, 80.692, -52.9980
27.078578, 80.528, -53.6736
27.274801, 80.389, -54.0634
27.472445, 80.289, -54.2336
27.671522, 80.238, -54.2859
27.872041, 80.241, -54.3413
28.074014, 80.290, -54.5140
28.277450, 80.372, -54.8878
28.482360, 80.470, -55.5005
28.688755, 80.566, -56.3411
28.896645, 80.647, -57.3601
29.106042, 80.706, -58.4842
29.316956, 80.743, -59.6348
29.529399, 80.761, -60.7441
29.743381, 80.770, -61.7692
29.958914, 80.781, -62.6984
30.176009, 80.801, -63.5513
30.394677, 80.835, -64.3676
30.614929, 80.881, -65.1915
30.836777, 80.934, -66.0532
31.060233, 80.986, -66.9583
31.285309, 81.031, -67.8859
31.512015, 81.066, -68.7977
31.740364, 81.093, -69.6535
31.970368, 81.119, -70.4295
32.202038, 81.153, -71.1317
32.435387, 81.201, -71.7987
32.670428, 81.266, -72.4917
32.907171, 81.342, -73.2715
33.145630, 81.417, -74.1755
33.385817, 81.478, -75.2000
33.627744, 81.511, -76.2950
33.871425, 81.511, -77.3742
34.116871, 81.481, -78.3388
34.364096, 81.433, -79.1071
34.613112, 81.385, -79.6445
34.863933, 81.359, -79.9853
35.116572, 81.370, -80.2309
35.371041, 81.421, -80.5211
35.627354, 81.500, -80.9839
35.885524, 81.589, -81.6907
36.145566, 81.664, -82.6366
36.407491, 81.708, -83.7470
36.671315, 81.712, -84.9066
36.937051, 81.680, -85.9948
37.204712, 81.626, -86.9207
37.474312, 81.566, -87.6483
37.745867, 81.518, -88.2043
38.019389, 81.492, -88.6613
38.294893, 81.488, -89.1034
38.572393, 81.497, -89.5867
38.851905, 81.509, -90.1184
39.133442, 81.516, -90.6603
39.417019, 81.518, -91.1535
39.702651, 81.523, -91.5534
39.990353, 81.541, -91.8573
40.280139, 81.583, -92.1132
40.572026, 81.651, -92.4034
40.866027, 81.740, -92.8091
41.162159, 81.834, -93.3748
41.460437, 81.920, -94.0910
41.760877, 81.988, -94.9017
42.063493, 82.036, -95.7299
42.368303, 82.069, -96.5100
42.675321, 82.097, -97.2151
42.984564, 82.131, -97.8656
43.296048, 82.174, -98.5156
43.609789, 82.225, -99.2239
43.925803, 82.273, -100.0226
44.244108, 82.308, -100.9005
44.564719, 82.323, -101.8090
44.887653, 82.319, -102.6864
45.212928, 82.301, -103.4857
45.540559, 82.280, -104.1938
45.870565, 82.261, -104.8313
46.202962, 82.248, -105.4337
46.537767, 82.237, -106.0258
46.874999, 82.226, -106.6056
47.214675, 82.212, -107.1494
47.556812, 82.201, -107.6356
47.901428, 82.201, -108.0703
48.248542, 82.217, -108.4973
48.598170, 82.251, -108.9834
48.950333, 82.295, -109.5858
49.305047, 82.338, -110.3237
49.662332, 82.370, -111.1707
50.022206, 82.384, -112.0686
50.384687, 82.381, -112.9527
50.749795, 82.367, -113.7747
51.117549, 82.350, -114.5131
51.487968, 82.336, -115.1712
51.861071, 82.331, -115.7683
52.236878, 82.336, -116.3307
52.615408, 82.351, -116.8869
52.996681, 82.376, -117.4631
53.380716, 82.406, -118.0775
53.767535, 82.434, -118.7343
54.157157, 82.456, -119.4187
54.549602, 82.468, -120.0994
54.944891, 82.468, -120.7374
55.343044, 82.459, -121.2978
55.744083, 82.446, -121.7599
56.148027, 82.433, -122.1230
56.554899, 82.427, -122.4048
56.964719, 82.429, -122.6360
57.377509, 82.441, -122.8528
57.793290, 82.463, -123.0933
58.212084, 82.492, -123.3958
58.633913, 82.524, -123.7967
59.058798, 82.554, -124.3218
59.486763, 82.572, -124.9728
59.917828, 82.571, -125.7178
60.352018, 82.546, -126.4965
60.789353, 82.500, -127.2424
61.229858, 82.442, -127.9114
61.673555, 82.382, -128.4993
62.120467, 82.329, -129.0356
62.570617, 82.284, -129.5592
63.024030, 82.245, -130.0942
63.480728, 82.212, -130.6439
63.940735, 82.182, -131.2014
64.404076, 82.158, -131.7625
64.870775, 82.137, -132.3282
65.340855, 82.120, -132.8989
65.814342, 82.105, -133.4692
66.291260, 82.090, -134.0301
66.771634, 82.077, -134.5756
67.255488, 82.064, -135.1069
67.742849, 82.051, -135.6286
68.233742, 82.036, -136.1418
68.728192, 82.017, -136.6405
69.226225, 81.992, -137.1135
69.727866, 81.963, -137.5496
70.233143, 81.929, -137.9415
70.742082, 81.894, -138.2882
71.254708, 81.859, -138.5967
71.771049, 81.826, -138.8842
72.291131, 81.796, -139.1750
72.814983, 81.768, -139.4932
73.342630, 81.738, -139.8516
73.874101, 81.703, -140.2480
74.409423, 81.662, -140.6686
74.948625, 81.614, -141.0960
75.491733, 81.562, -141.5153
76.038777, 81.508, -141.9181
76.589786, 81.453, -142.3044
77.144787, 81.401, -142.6797
77.703810, 81.350, -143.0478
78.266884, 81.299, -143.4039
78.834038, 81.249, -143.7351
79.405302, 81.199, -144.0281
79.980705, 81.152, -144.2776
80.560278, 81.108, -144.4886
81.144051, 81.069, -144.6723
81.732055, 81.032, -144.8409
82.324319, 80.997, -145.0042
82.920875, 80.962, -145.1676
83.521754, 80.925, -145.3320
84.126987, 80.886, -145.4942
84.736605, 80.847, -145.6531
85.350642, 80.809, -145.8158
85.969128, 80.772, -145.9962
86.592096, 80.735, -146.2038
87.219578, 80.698, -146.4342
87.851607, 80.658, -146.6696
88.488216, 80.616, -146.8869
89.129438, 80.573, -147.0674
89.775306, 80.532, -147.2008
90.425855, 80.495, -147.2866
91.081118, 80.462, -147.3323
91.741129, 80.433, -147.3521
92.405924, 80.406, -147.3640
93.075535, 80.380, -147.3840
93.749999, 80.351, -147.4185
94.429350, 80.315, -147.4612
95.113624, 80.274, -147.4970
95.802856, 80.228, -147.5123
96.497083, 80.182, -147.5038
97.196341, 80.139, -147.4821
97.900666, 80.103, -147.4681
98.610094, 80.074, -147.4820
99.324664, 80.051, -147.5340
100.044411, 80.031, -147.6222
100.769374, 80.014, -147.7386
101.499591, 79.998, -147.8762
102.235098, 79.980, -148.0289
102.975936, 79.960, -148.1868
103.722142, 79.936, -148.3356
104.473756, 79.907, -148.4634
105.230815, 79.876, -148.5652
105.993361, 79.844, -148.6442
106.761433, 79.811, -148.7080
107.535070, 79.778, -148.7659
108.314314, 79.744, -148.8260
109.099204, 79.708, -148.8918
109.889782, 79.670, -148.9584
110.686088, 79.628, -149.0177
111.488165, 79.585, -149.0673
112.296055, 79.541, -149.1123
113.109798, 79.497, -149.1577
113.929438, 79.455, -149.2043
114.755018, 79.415, -149.2495
115.586580, 79.378, -149.2917
116.424168, 79.347, -149.3351
117.267826, 79.318, -149.3865
118.117597, 79.290, -149.4435
118.973525, 79.256, -149.4813
119.835657, 79.214, -149.4556
120.704035, 79.166, -149.3331
121.578706, 79.119, -149.1224
122.459716, 79.074, -148.8660
123.347109, 79.031, -148.6092
124.240933, 78.988, -148.3823
125.141234, 78.943, -148.1943
126.048059, 78.896, -148.0383
126.961456, 78.849, -147.9063
127.881471, 78.802, -147.7942
128.808153, 78.759, -147.6993
129.741550, 78.717, -147.6180
130.681710, 78.677, -147.5460
131.628684, 78.639, -147.4816
132.582520, 78.602, -147.4246
133.543267, 78.566, -147.3711
134.510977, 78.529, -147.3124
135.485699, 78.492, -147.2388
136.467484, 78.455, -147.1423
137.456384, 78.417, -147.0157
138.452449, 78.377, -146.8537
139.455733, 78.335, -146.6534
140.466286, 78.290, -146.4147
141.484163, 78.245, -146.1439
142.509416, 78.199, -145.8578
143.542098, 78.156, -145.5806
144.582263, 78.113, -145.3349
145.629965, 78.071, -145.1298
146.685260, 78.026, -144.9521
147.748202, 77.977, -144.7756
148.818846, 77.924, -144.5762
149.897249, 77.869, -144.3408
150.983466, 77.812, -144.0641
152.077555, 77.755, -143.7455
153.179572, 77.700, -143.3920
154.289574, 77.649, -143.0179
155.407620, 77.601, -142.6354
156.533767, 77.555, -142.2480
157.668076, 77.511, -141.8554
158.810603, 77.468, -141.4617
159.961411, 77.426, -141.0733
161.120557, 77.383, -140.6918
162.288103, 77.337, -140.3126
163.464109, 77.290, -139.9250
164.648638, 77.242, -139.5182
165.841750, 77.194, -139.0870
167.043507, 77.147, -138.6338
168.253973, 77.101, -138.1660
169.473211, 77.055, -137.6932
170.701284, 77.010, -137.2225
171.938256, 76.964, -136.7551
173.184191, 76.918, -136.2869
174.439155, 76.871, -135.8101
175.703213, 76.823, -135.3153
176.976431, 76.776, -134.7940
178.258875, 76.729, -134.2390
179.550613, 76.683, -133.6446
180.851710, 76.639, -133.0106
182.162236, 76.598, -132.3457
183.482259, 76.559, -131.6598
184.811847, 76.522, -130.9606
186.151070, 76.486, -130.2547
187.499997, 76.451, -129.5437
188.858700, 76.418, -128.8235
190.227248, 76.388, -128.0901
191.605713, 76.365, -127.3452
192.994167, 76.346, -126.5928
194.392682, 76.331, -125.8344
195.801331, 76.318, -125.0656
197.220189, 76.306, -124.2792
198.649327, 76.294, -123.4688
200.088822, 76.284, -122.6302
201.538748, 76.277, -121.7623
202.999181, 76.275, -120.8689
204.470197, 76.276, -119.9594
205.951872, 76.282, -119.0428
207.444284, 76.291, -118.1220
208.947511, 76.304, -117.1942
210.461631, 76.323, -116.2552
211.986723, 76.349, -115.3072
213.522866, 76.383, -114.3593
215.070141, 76.423, -113.4223
216.628627, 76.468, -112.5027
218.198408, 76.518, -111.6012
219.779563, 76.571, -110.7126
221.372177, 76.628, -109.8309
222.976331, 76.690, -108.9560
224.592109, 76.755, -108.0953
226.219596, 76.824, -107.2586
227.858877, 76.895, -106.4523
229.510036, 76.966, -105.6767
231.173160, 77.037, -104.9310
232.848336, 77.105, -104.2223
234.535651, 77.169, -103.5619
236.235193, 77.228, -102.9535
237.947051, 77.285, -102.3897
239.671313, 77.345, -101.8575
241.408071, 77.412, -101.3461
243.157413, 77.484, -100.8444
244.919432, 77.558, -100.3406
246.694219, 77.631, -99.8304
248.481867, 77.701, -99.3201
250.282469, 77.768, -98.8209
252.096119, 77.833, -98.3398
253.922911, 77.897, -97.8765
255.762941, 77.961, -97.4249
257.616305, 78.025, -96.9767
259.483099, 78.090, -96.5236
261.363421, 78.156, -96.0613
263.257368, 78.225, -95.5944
265.165039, 78.297, -95.1292
267.086534, 78.370, -94.6645
269.021953, 78.445, -94.1934
270.971397, 78.517, -93.7121
272.934968, 78.586, -93.2230
274.912767, 78.650, -92.7313
276.904898, 78.711, -92.2418
278.911465, 78.770, -91.7578
280.932573, 78.829, -91.2822
282.968326, 78.888, -90.8197
285.018831, 78.948, -90.3754
287.084195, 79.008, -89.9518
289.164526, 79.068, -89.5490
291.259931, 79.128, -89.1675
293.370520, 79.186, -88.8082
295.496404, 79.242, -88.4705
297.637693, 79.298, -88.1513
299.794498, 79.355, -87.8463
301.966933, 79.412, -87.5515
304.155110, 79.468, -87.2649
306.359143, 79.525, -86.9866
308.579148, 79.580, -86.7148
310.815239, 79.632, -86.4421
313.067535, 79.681, -86.1605
315.336151, 79.727, -85.8676
317.621207, 79.768, -85.5659
319.922821, 79.806, -85.2570
322.241114, 79.841, -84.9389
324.576206, 79.874, -84.6102
326.928219, 79.906, -84.2737
329.297275, 79.938, -83.9358
331.683499, 79.970, -83.6005
334.087014, 80.002, -83.2667
336.507947, 80.035, -82.9305
338.946422, 80.068, -82.5884
341.402567, 80.101, -82.2397
343.876511, 80.132, -81.8847
346.368382, 80.163, -81.5240
348.878310, 80.193, -81.1577
351.406426, 80.222, -80.7861
353.952862, 80.252, -80.4115
356.517750, 80.280, -80.0406
359.101225, 80.308, -79.6848
361.703421, 80.334, -79.3543
364.324473, 80.358, -79.0508
366.964518, 80.379, -78.7693
369.623694, 80.398, -78.5027
372.302140, 80.415, -78.2448
374.999995, 80.426, -77.9895
377.717399, 80.432, -77.7298
380.454495, 80.431, -77.4571
383.211425, 80.422, -77.1623
385.988333, 80.406, -76.8353
388.785364, 80.384, -76.4648
391.602663, 80.356, -76.0394
394.440377, 80.325, -75.5518
397.298655, 80.294, -74.9995
400.177644, 80.266, -74.3835
403.077497, 80.241, -73.7070
405.998362, 80.224, -72.9760
408.940394, 80.213, -72.2007
411.903744, 80.212, -71.3970
414.888569, 80.219, -70.5843
417.895022, 80.234, -69.7833
420.923262, 80.256, -69.0110
423.973445, 80.283, -68.2768
427.045732, 80.314, -67.5832
430.140281, 80.345, -66.9288
433.257255, 80.376, -66.3098
436.396816, 80.405, -65.7197
439.559127, 80.432, -65.1499
442.744354, 80.456, -64.5918
445.952662, 80.477, -64.0381
449.184218, 80.495, -63.4829
452.439192, 80.509, -62.9229
455.717753, 80.521, -62.3574
459.020072, 80.529, -61.7874
462.346321, 80.536, -61.2128
465.696673, 80.541, -60.6324
469.071303, 80.547, -60.0465
472.470387, 80.552, -59.4569
475.894102, 80.557, -58.8650
479.342627, 80.562, -58.2706
482.816141, 80.567, -57.6745
486.314826, 80.573, -57.0785
489.838864, 80.579, -56.4836
493.388438, 80.586, -55.8902
496.963734, 80.592, -55.2991
500.564938, 80.597, -54.7128
504.192238, 80.598, -54.1350
507.845823, 80.595, -53.5703
511.525883, 80.588, -53.0226
515.232610, 80.575, -52.4926
518.966198, 80.554, -51.9742
522.726841, 80.525, -51.4554
526.514735, 80.490, -50.9201
530.330078, 80.447, -50.3512
534.173068, 80.401, -49.7340
538.043907, 80.352, -49.0590
541.942795, 80.303, -48.3232
545.869936, 80.256, -47.5295
549.825534, 80.213, -46.6864
553.809797, 80.174, -45.8078
557.822931, 80.140, -44.9102
561.865146, 80.111, -44.0095
565.936652, 80.085, -43.1171
570.037662, 80.062, -42.2389
574.168390, 80.040, -41.3766
578.329051, 80.017, -40.5299
582.519862, 79.991, -39.6978
586.741041, 79.963, -38.8790
590.992808, 79.930, -38.0704
595.275386, 79.892, -37.2663
599.588997, 79.848, -36.4600
603.933866, 79.797, -35.6454
608.310219, 79.741, -34.8168
612.718286, 79.678, -33.9688
617.158295, 79.609, -33.0958
621.630479, 79.534, -32.1925
626.135069, 79.454, -31.2547
630.672302, 79.369, -30.2798
635.242414, 79.279, -29.2672
639.845642, 79.185, -28.2178
644.482227, 79.087, -27.1336
649.152411, 78.984, -26.0159
653.856437, 78.877, -24.8645
658.594551, 78.763, -23.6761
663.366998, 78.643, -22.4430
668.174029, 78.516, -21.1512
673.015893, 78.380, -19.7799
677.892844, 78.237, -18.3016
682.805135, 78.087, -16.6861
687.753022, 77.934, -14.9053
692.736764, 77.782, -12.9401
697.756620, 77.637, -10.7839
702.812853, 77.506, -8.4451
707.905724, 77.392, -5.9448
713.035501, 77.301, -3.3151
718.202450, 77.235, -0.5945
723.406841, 77.196, 2.1760
728.648945, 77.184, 4.9579
733.929036, 77.198, 7.7173
739.247388, 77.236, 10.4263
744.604279, 77.296, 13.0632
749.999989, 77.373, 15.6113
755.434798, 77.465, 18.0586
760.908990, 77.568, 20.3981
766.422850, 77.679, 22.6274
771.976666, 77.794, 24.7496
777.570727, 77.912, 26.7709
783.205325, 78.030, 28.7009
788.880754, 78.146, 30.5500
794.597309, 78.260, 32.3287
800.355289, 78.370, 34.0455
806.154993, 78.474, 35.7065
811.996725, 78.574, 37.3165
817.880788, 78.666, 38.8792
823.807489, 78.752, 40.3997
829.777138, 78.828, 41.8863
835.790045, 78.895, 43.3517
841.846524, 78.953, 44.8130
847.946891, 79.001, 46.2910
854.091464, 79.040, 47.8076
860.280562, 79.075, 49.3815
866.514510, 79.106, 51.0225
872.793631, 79.139, 52.7285
879.118254, 79.176, 54.4857
885.488707, 79.218, 56.2742
891.905323, 79.265, 58.0742
898.368437, 79.317, 59.8704
904.878385, 79.372, 61.6537
911.435507, 79.428, 63.4199
918.040144, 79.484, 65.1696
924.692641, 79.539, 66.9084
931.393345, 79.591, 68.6453
938.142606, 79.643, 70.3896
944.940774, 79.693, 72.1494
951.788204, 79.745, 73.9274
958.685254, 79.799, 75.7206
965.632282, 79.856, 77.5195
972.629652, 79.919, 79.3101
979.677727, 79.985, 81.0754
986.776876, 80.056, 82.7982
993.927468, 80.128, 84.4632
1001.129876, 80.200, 86.0593
1008.384476, 80.269, 87.5801
1015.691645, 80.331, 89.0244
1023.051766, 80.383, 90.3990
1030.465221, 80.422, 91.7206
1037.932396, 80.443, 93.0182
1045.453682, 80.447, 94.3306
1053.029471, 80.434, 95.6978
1060.660156, 80.409, 97.1483
1068.346137, 80.375, 98.6896
1076.087813, 80.336, 100.3070
1083.885589, 80.295, 101.9718
1091.739871, 80.251, 103.6535
1099.651068, 80.200, 105.3306
1107.619593, 80.139, 106.9985
1115.645861, 80.064, 108.6732
1123.730291, 79.970, 110.3909
1131.873304, 79.856, 112.2062
1140.075325, 79.725, 114.1841
1148.336780, 79.581, 116.3887
1156.658102, 79.434, 118.8660
1165.039724, 79.294, 121.6282
1173.482082, 79.174, 124.6454
1181.985617, 79.083, 127.8510
1190.550772, 79.023, 131.1602
1199.177993, 78.996, 134.4921
1207.867731, 78.997, 137.7821
1216.620439, 79.022, 140.9840
1225.436572, 79.063, 144.0696
1234.316591, 79.114, 147.0309
1243.260957, 79.168, 149.8817
1252.270139, 79.223, 152.6539
1261.344604, 79.276, 155.3820
1270.484827, 79.330, 158.0839
1279.691284, 79.385, 160.7517
1288.964455, 79.443, 163.3600
1298.304823, 79.502, 165.8828
1307.712874, 79.557, 168.3060
1317.189101, 79.608, 170.6291
1326.733996, 79.650, 172.8608
1336.348058, 79.684, 175.0157
1346.031787, 79.708, 177.1092
1355.785688, 79.720, 179.1534
1365.610270, 79.718, -178.8439
1375.506045, 79.699, -176.8772
1385.473529, 79.658, -174.9379
1395.513241, 79.593, -173.0108
1405.625705, 79.506, -171.0729
1415.811448, 79.400, -169.0978
1426.071002, 79.280, -167.0614
1436.404900, 79.154, -164.9437
1446.813682, 79.025, -162.7248
1457.297890, 78.898, -160.3795
1467.858072, 78.776, -157.8763
1478.494776, 78.661, -155.1859
1489.208559, 78.560, -152.2960
1499.999978, 78.480, -149.2255
1510.869596, 78.425, -146.0227
1521.817980, 78.397, -142.7503
1532.845701, 78.398, -139.4664
1543.953332, 78.425, -136.2151
1555.141455, 78.476, -133.0264
1566.410651, 78.549, -129.9200
1577.761508, 78.642, -126.9091
1589.194618, 78.749, -124.0006
1600.710578, 78.868, -121.1953
1612.309986, 78.994, -118.4874
1623.993449, 79.124, -115.8674
1635.761575, 79.254, -113.3230
1647.614978, 79.383, -110.8402
1659.554275, 79.510, -108.4041
1671.580089, 79.637, -106.0005
1683.693048, 79.764, -103.6190
1695.893782, 79.896, -101.2578
1708.182927, 80.033, -98.9254
1720.561125, 80.175, -96.6377
1733.029020, 80.323, -94.4110
1745.587263, 80.473, -92.2562
1758.236508, 80.623, -90.1779
1770.977414, 80.770, -88.1751
1783.810646, 80.910, -86.2438
1796.736874, 81.043, -84.3750
1809.756770, 81.168, -82.5538
1822.871013, 81.286, -80.7604
1836.080288, 81.399, -78.9765
1849.385283, 81.509, -77.1950
1862.786691, 81.620, -75.4238
1876.285211, 81.731, -73.6804
1889.881547, 81.840, -71.9808
1903.576408, 81.945, -70.3322
1917.370507, 82.042, -68.7298
1931.264564, 82.130, -67.1607
1945.259304, 82.209, -65.6086
1959.355454, 82.281, -64.0614
1973.553752, 82.350, -62.5184
1987.854936, 82.419, -60.9924
2002.259752, 82.487, -59.5040
2016.768952, 82.553, -58.0743
2031.383291, 82.615, -56.7172
2046.103531, 82.668, -55.4393
2060.930441, 82.708, -54.2432
2075.864793, 82.731, -53.1305
2090.907365, 82.732, -52.1017
2106.058941, 82.708, -51.1543
2121.320313, 82.653, -50.2776
2136.692274, 82.563, -49.4462
2152.175627, 82.430, -48.6118
2167.771179, 82.250, -47.6953
2183.479742, 82.019, -46.5782
2199.302137, 81.738, -45.1006
2215.239187, 81.417, -43.0734
2231.291723, 81.076, -40.3184
2247.460582, 80.749, -36.7380
2263.746608, 80.475, -32.3928
2280.150649, 80.288, -27.5326
2296.673561, 80.203, -22.5285
2313.316204, 80.213, -17.7323
2330.079447, 80.296, -13.3625
2346.964163, 80.424, -9.4843
2363.971233, 80.570, -6.0580
2381.101543, 80.714, -2.9952
2398.355986, 80.843, -0.1895
2415.735463, 80.949, 2.4731
2433.240878, 81.030, 5.1056
2450.873144, 81.091, 7.8052
2468.633181, 81.142, 10.6334
2486.521915, 81.198, 13.6006
2504.540278, 81.271, 16.6633
2522.689209, 81.367, 19.7402
2540.969655, 81.484, 22.7437
2559.382568, 81.617, 25.6124
2577.928909, 81.753, 28.3309
2596.609645, 81.883, 30.9290
2615.425749, 82.001, 33.4669
2634.378202, 82.105, 36.0134
2653.467992, 82.199, 38.6234
2672.696115, 82.291, 41.3220
2692.063573, 82.389, 44.0975
2711.571376, 82.503, 46.9091
2731.220539, 82.635, 49.7017
2751.012089, 82.787, 52.4229
2770.947057, 82.956, 55.0337
2791.026482, 83.136, 57.5091
2811.251410, 83.322, 59.8356
2831.622897, 83.509, 62.0059
2852.142003, 83.693, 64.0112
2872.809800, 83.869, 65.8369
2893.627364, 84.035, 67.4608
2914.595781, 84.186, 68.8586
2935.716143, 84.317, 70.0129
2956.989553, 84.420, 70.9231
2978.417118, 84.483, 71.6153
2999.999956, 84.492, 72.1528
3021.739192, 84.435, 72.6507
3043.635960, 84.300, 73.2889
3065.691401, 84.086, 74.3105
3087.906665, 83.806, 75.9922
3110.282909, 83.493, 78.5701
3132.821301, 83.197, 82.1191
3155.523016, 82.971, 86.4404
3178.389237, 82.850, 91.0792
3201.421155, 82.834, 95.5233
3224.619973, 82.890, 99.4412
3247.986898, 82.975, 102.7764
3271.523150, 83.051, 105.6857
3295.229956, 83.098, 108.4236
3319.108550, 83.114, 111.2365
3343.160179, 83.112, 114.2792
3367.386096, 83.110, 117.5748
3391.787563, 83.122, 121.0365
3416.365854, 83.155, 124.5463
3441.122250, 83.207, 128.0332
3466.058040, 83.276, 131.5010
3491.174525, 83.363, 134.9961
3516.473015, 83.474, 138.5493
3541.954828, 83.612, 142.1379
3567.621293, 83.778, 145.6973
3593.473747, 83.965, 149.1665
3619.513539, 84.166, 152.5229
3645.742027, 84.376, 155.7734
3672.160576, 84.598, 158.9165
3698.770566, 84.835, 161.9155
3725.573382, 85.088, 164.7124
3752.570422, 85.354, 167.2659
3779.763094, 85.625, 169.5748
3807.152816, 85.894, 171.6732
3834.741015, 86.155, 173.6101
3862.529129, 86.405, 175.4302
3890.518607, 86.640, 177.1616
3918.710909, 86.859, 178.8118
3947.107503, 87.062, -179.6301
3975.709871, 87.248, -178.1836
4004.519504, 87.419, -176.8613
4033.537903, 87.578, -175.6603
4062.766581, 87.727, -174.5610
4092.207063, 87.867, -173.5396
4121.860882, 88.000, -172.5752
4151.729585, 88.125, -171.6532
4181.814729, 88.237, -170.7650
4212.117883, 88.333, -169.9075
4242.640625, 88.407, -169.0824
4273.384548, 88.457, -168.3002
4304.351254, 88.481, -167.5754
4335.542358, 88.482, -166.9186
4366.959485, 88.464, -166.3263
4398.604273, 88.430, -165.7823
4430.478373, 88.385, -165.2653
4462.583446, 88.328, -164.7544
4494.921165, 88.259, -164.2322
4527.493217, 88.174, -163.6825
4560.301299, 88.067, -163.0884
4593.347122, 87.931, -162.4353
4626.632409, 87.765, -161.7183
4660.158894, 87.568, -160.9434
4693.928327, 87.344, -160.1206
4727.942466, 87.101, -159.2510
4762.203086, 86.846, -158.3250
4796.711973, 86.585, -157.3282
4831.470925, 86.323, -156.2510
4866.481755, 86.062, -155.0911
4901.746288, 85.796, -153.8512
4937.266362, 85.520, -152.5292
4973.043830, 85.224, -151.1140
5009.080555, 84.902, -149.5945
5045.378418, 84.553, -147.9690
5081.939310, 84.181, -146.2438
5118.765137, 83.795, -144.4240
5155.857819, 83.405, -142.5076
5193.219290, 83.019, -140.4888
5230.851498, 82.644, -138.3628
5268.756404, 82.281, -136.1301
5306.935985, 81.927, -133.7944
5345.392231, 81.577, -131.3597
5384.127146, 81.221, -128.8256
5423.142751, 80.851, -126.1926
5462.441079, 80.464, -123.4675
5502.024179, 80.065, -120.6581
5541.894114, 79.663, -117.7648
5582.052963, 79.271, -114.7858
5622.502820, 78.905, -111.7372
5663.245793, 78.576, -108.6733
5704.284007, 78.289, -105.6887
5745.619600, 78.036, -102.8936
5787.254728, 77.799, -100.3728
5829.191562, 77.553, -98.1626
5871.432287, 77.277, -96.2661
5913.979105, 76.956, -94.6857
5956.834236, 76.585, -93.4365
5999.999912, 76.163, -92.5369
6043.478385, 75.690, -91.9955
6087.271921, 75.164, -91.8069
6131.382802, 74.579, -91.9502
6175.813330, 73.922, -92.3875
6220.565819, 73.179, -93.0688
6265.642603, 72.331, -93.9449
6311.046032, 71.359, -94.9895
6356.778473, 70.244, -96.2283
6402.842310, 68.974, -97.7859
6449.239945, 67.547, -99.9780
6495.973796, 65.990, -103.5923
6543.046300, 64.394, -110.8616
6590.459911, 62.967, -129.1938
6638.217100, 62.061, -174.0643
6686.320358, 61.975, 147.2748
6734.772191, 62.637, 133.6406
6783.575127, 63.701, 129.3354
6832.731709, 64.879, 128.5554
6882.244499, 66.035, 129.4465
6932.116080, 67.134, 131.2799
6982.349051, 68.188, 133.6782
7032.946030, 69.217, 136.3590
7083.909656, 70.235, 139.0593
7135.242586, 71.237, 141.5552
7186.947495, 72.209, 143.7085
7239.027079, 73.130, 145.4807
7291.484053, 73.979, 146.9132
7344.321152, 74.738, 148.0909
7397.541131, 75.399, 149.1091
7451.146763, 75.963, 150.0428
7505.140844, 76.443, 150.9343
7559.526189, 76.859, 151.8101
7614.305632, 77.239, 152.7035
7669.482029, 77.608, 153.6597
7725.058258, 77.983, 154.7303
7781.037214, 78.374, 155.9656
7837.421817, 78.782, 157.3940
7894.215007, 79.201, 159.0034
7951.419743, 79.618, 160.7441
8009.039008, 80.016, 162.5464
8067.075806, 80.388, 164.3281
8125.533163, 80.741, 165.9875
8184.414126, 81.092, 167.4158
8243.721764, 81.460, 168.5334
8303.459170, 81.867, 169.3120
8363.629458, 82.322, 169.7605
8424.235765, 82.822, 169.8922
8485.281250, 83.351, 169.7059
8546.769096, 83.877, 169.1882
8608.702508, 84.360, 168.3282
8671.084715, 84.763, 167.1226
8733.918969, 85.057, 165.5696
8797.208547, 85.232, 163.6582
8860.956746, 85.291, 161.3818
8925.166891, 85.251, 158.7767
8989.842330, 85.131, 155.9487
9054.986433, 84.952, 153.0674
9120.602598, 84.730, 150.3354
9186.694244, 84.481, 147.9480
9253.264817, 84.210, 146.0565
9320.317788, 83.911, 144.7424
9387.856653, 83.572, 144.0105
9455.884932, 83.178, 143.7979
9524.406173, 82.722, 143.9878
9593.423946, 82.210, 144.4375
9662.941850, 81.666, 145.0229
9732.963510, 81.126, 145.6721
9803.492576, 80.625, 146.3728
9874.532725, 80.195, 147.1567
9946.087659, 79.854, 148.0630
10018.161110, 79.597, 149.1012
10090.756835, 79.396, 150.2330
10163.878619, 79.207, 151.3809
10237.530273, 78.985, 152.4471
10311.715638, 78.696, 153.3245
10386.438580, 78.332, 153.9075
10461.702996, 77.908, 154.1218
10537.512808, 77.451, 153.9448
10613.871970, 76.997, 153.4099
10690.784461, 76.571, 152.6039
10768.254293, 76.181, 151.6559
10846.285502, 75.814, 150.7122
10924.882158, 75.437, 149.9016
11004.048358, 75.005, 149.3094
11083.788228, 74.473, 148.9622
11164.105927, 73.809, 148.8174
11245.005640, 73.002, 148.7665
11326.491587, 72.063, 148.6665
11408.568014, 71.016, 148.3722
11491.239200, 69.894, 147.7456
11574.509457, 68.732, 146.6442
11658.383123, 67.568, 144.8827
11742.864573, 66.448, 142.1493
11827.958211, 65.448, 137.7924
11913.668472, 64.722, 130.0913
11999.999825, 64.508, 112.6831
12086.956770, 65.004, 58.1033
12174.543841, 66.160, -0.5045
12262.765605, 67.710, -20.7169
12351.626659, 69.395, -31.2650
12441.131638, 71.058, -39.0425
12531.285206, 72.617, -45.6891
12622.092064, 74.026, -51.6764
12713.556946, 75.252, -57.1533
12805.684621, 76.264, -62.1966
12898.479890, 77.038, -66.8974
12991.947593, 77.567, -71.3923
13086.092601, 77.866, -75.8782
13180.919822, 77.981, -80.5938
13276.434201, 77.987, -85.7425
13372.640716, 77.976, -91.3928
13469.544383, 78.036, -97.4009
13567.150254, 78.224, -103.4108
13665.463417, 78.543, -108.9823
13764.488998, 78.947, -113.7909
13864.232160, 79.360, -117.7537
13964.698101, 79.703, -121.0247
14065.892060, 79.916, -123.9243
14167.819312, 79.976, -126.8818
14270.485171, 79.900, -130.3893
14373.894990, 79.748, -134.9111
14478.054158, 79.603, -140.7436
14582.968107, 79.558, -147.8428
14688.642305, 79.673, -155.7117
14795.082262, 79.956, -163.5461
14902.293527, 80.350, -170.6395
15010.281689, 80.762, -176.7026
15119.052378, 81.093, 178.1243
15228.611264, 81.265, 173.4327
15338.964058, 81.232, 168.6729
15450.116515, 80.992, 163.2028
15562.074428, 80.584, 156.3300
15674.843635, 80.079, 147.3953
15788.430013, 79.572, 136.0115
15902.839485, 79.157, 122.5523
16018.078016, 78.888, 108.4509
16134.151612, 78.753, 95.5024
16251.066326, 78.671, 84.7227
16368.828251, 78.530, 76.1275
16487.443528, 78.228, 69.2156
16606.918341, 77.700, 63.3283
16727.258917, 76.926, 57.7218
16848.471530, 75.935, 51.5166
16970.562500, 74.807, 43.6216
17093.538192, 73.671, 32.7660
17217.405016, 72.699, 18.0686
17342.169430, 72.045, 0.4198
17467.837939, 71.733, -17.2044
17594.417093, 71.622, -32.3400
17721.913492, 71.503, -44.6092
17850.333783, 71.199, -54.6586
17979.684660, 70.608, -63.1623
18109.972866, 69.697, -70.5616
18241.205195, 68.488, -76.9733
18373.388487, 67.057, -81.9881
18506.529634, 65.548, -84.4687
18640.635577, 64.221, -83.2378
18775.713306, 63.419, -79.9859
18911.769865, 63.333, -79.3441
19048.812345, 63.785, -82.9535
19186.847892, 64.414, -89.3748
19325.883701, 64.945, -97.2186
19465.927021, 65.251, -105.8819
19606.985152, 65.312, -115.1552
19749.065449, 65.189, -124.6215
19892.175318, 64.993, -133.0390
20036.322221, 64.852, -138.2260
