* Measurement data measured by REW V5.40 beta 55
* Source: EXCL: Headset (USB-C to 3.5mm Headphone Jack Adapter), MICROPHONE (Master Volume), 0, volume: 0.260
* Format: 256k Log Swept Sine, 1 sweep at -6.0 dBFS with no timing reference
* Dated: Jan 12, 2025 7:37:52 PM
* REW Settings:
*  C-weighting compensation: Off
*  Target level: 75.0 dB
* Note: ; 
* Measurement: Right 8
* Smoothing: 1/12 octave
* Frequency Step: 96 ppo
* Start Frequency: 20.0 Hz
*
* Freq(Hz), SPL(dB), Phase(degrees)
20.033247, 77.838, -1.6530
20.178416, 77.985, -2.1213
20.324637, 78.136, -2.6188
20.471918, 78.290, -3.1473
20.620266, 78.445, -3.7062
20.769689, 78.600, -4.2922
20.920195, 78.755, -4.9008
21.071791, 78.908, -5.5270
21.224486, 79.061, -6.1667
21.378287, 79.212, -6.8164
21.533203, 79.362, -7.4742
21.689242, 79.511, -8.1397
21.846411, 79.659, -8.8136
22.004719, 79.806, -9.4969
22.164174, 79.951, -10.1909
22.324785, 80.093, -10.8953
22.486559, 80.231, -11.6084
22.649506, 80.365, -12.3265
22.813634, 80.493, -13.0438
22.978951, 80.616, -13.7523
23.145466, 80.733, -14.4427
23.313188, 80.845, -15.1059
23.482124, 80.952, -15.7332
23.652286, 81.057, -16.3185
23.823680, 81.162, -16.8593
23.996316, 81.267, -17.3574
24.170203, 81.377, -17.8197
24.345351, 81.491, -18.2577
24.521767, 81.611, -18.6863
24.699462, 81.737, -19.1220
24.878444, 81.867, -19.5809
25.058724, 82.000, -20.0760
25.240310, 82.133, -20.6152
25.423211, 82.263, -21.1998
25.607438, 82.386, -21.8241
25.793000, 82.502, -22.4762
25.979907, 82.608, -23.1387
26.168168, 82.704, -23.7915
26.357794, 82.792, -24.4142
26.548793, 82.873, -24.9891
26.741176, 82.952, -25.5045
26.934954, 83.031, -25.9564
27.130136, 83.116, -26.3505
27.326732, 83.209, -26.7017
27.524753, 83.312, -27.0326
27.724208, 83.427, -27.3700
27.925110, 83.553, -27.7405
28.127466, 83.686, -28.1661
28.331290, 83.823, -28.6614
28.536590, 83.961, -29.2306
28.743378, 84.095, -29.8685
28.951664, 84.222, -30.5616
29.161460, 84.342, -31.2910
29.372776, 84.453, -32.0355
29.585623, 84.556, -32.7755
29.800013, 84.653, -33.4953
30.015956, 84.747, -34.1853
30.233464, 84.841, -34.8427
30.452548, 84.935, -35.4703
30.673220, 85.033, -36.0756
30.895490, 85.133, -36.6681
31.119372, 85.237, -37.2568
31.344876, 85.344, -37.8488
31.572014, 85.452, -38.4479
31.800797, 85.561, -39.0550
32.031239, 85.669, -39.6683
32.263351, 85.777, -40.2849
32.497144, 85.883, -40.9007
32.732632, 85.989, -41.5125
32.969826, 86.093, -42.1176
33.208739, 86.197, -42.7142
33.449383, 86.300, -43.3013
33.691771, 86.403, -43.8790
33.935916, 86.506, -44.4484
34.181829, 86.609, -45.0110
34.429525, 86.711, -45.5693
34.679015, 86.814, -46.1255
34.930314, 86.916, -46.6815
35.183433, 87.017, -47.2380
35.438387, 87.117, -47.7950
35.695188, 87.216, -48.3519
35.953850, 87.314, -48.9078
36.214387, 87.410, -49.4629
36.476811, 87.506, -50.0181
36.741137, 87.601, -50.5754
37.007378, 87.696, -51.1375
37.275549, 87.789, -51.7056
37.545663, 87.882, -52.2806
37.817734, 87.973, -52.8619
38.091777, 88.064, -53.4495
38.367806, 88.154, -54.0441
38.645835, 88.243, -54.6483
38.925879, 88.332, -55.2653
39.207952, 88.419, -55.8973
39.492069, 88.504, -56.5425
39.778244, 88.585, -57.1941
40.066494, 88.663, -57.8406
40.356832, 88.738, -58.4690
40.649275, 88.812, -59.0696
40.943836, 88.888, -59.6406
41.240532, 88.968, -60.1896
41.539378, 89.053, -60.7314
41.840389, 89.144, -61.2825
42.143582, 89.237, -61.8542
42.448972, 89.332, -62.4492
42.756574, 89.425, -63.0609
43.066406, 89.516, -63.6794
43.378483, 89.606, -64.2968
43.692822, 89.696, -64.9126
44.009438, 89.786, -65.5334
44.328348, 89.875, -66.1686
44.649570, 89.962, -66.8230
44.973119, 90.044, -67.4917
45.299013, 90.118, -68.1594
45.627268, 90.186, -68.8052
45.957902, 90.248, -69.4103
46.290932, 90.310, -69.9659
46.626375, 90.375, -70.4773
46.964249, 90.445, -70.9626
47.304571, 90.523, -71.4474
47.647360, 90.607, -71.9566
47.992632, 90.693, -72.5074
48.340407, 90.780, -73.1050
48.690701, 90.863, -73.7424
49.043534, 90.941, -74.4035
49.398924, 91.013, -75.0688
49.756889, 91.082, -75.7220
50.117447, 91.150, -76.3553
50.480619, 91.219, -76.9708
50.846423, 91.290, -77.5779
51.214877, 91.363, -78.1871
51.586001, 91.437, -78.8038
51.959814, 91.509, -79.4258
52.336336, 91.580, -80.0457
52.715587, 91.649, -80.6563
53.097586, 91.718, -81.2549
53.482353, 91.786, -81.8442
53.869908, 91.855, -82.4302
54.260272, 91.924, -83.0189
54.653464, 91.991, -83.6141
55.049506, 92.056, -84.2172
55.448417, 92.119, -84.8278
55.850219, 92.179, -85.4441
56.254933, 92.236, -86.0641
56.662579, 92.291, -86.6865
57.073180, 92.344, -87.3123
57.486755, 92.395, -87.9439
57.903328, 92.445, -88.5804
58.322919, 92.492, -89.2138
58.745551, 92.538, -89.8295
59.171246, 92.585, -90.4142
59.600025, 92.637, -90.9678
60.031911, 92.698, -91.5080
60.466927, 92.768, -92.0640
60.905096, 92.844, -92.6603
61.346439, 92.921, -93.3033
61.790981, 92.996, -93.9802
62.238744, 93.067, -94.6686
62.689751, 93.134, -95.3506
63.144027, 93.198, -96.0178
63.601595, 93.261, -96.6702
64.062478, 93.322, -97.3102
64.526701, 93.380, -97.9393
64.994288, 93.437, -98.5587
65.465264, 93.492, -99.1703
65.939652, 93.545, -99.7772
66.417478, 93.597, -100.3827
66.898766, 93.647, -100.9894
67.383542, 93.696, -101.5992
67.871831, 93.744, -102.2131
68.363659, 93.791, -102.8309
68.859050, 93.837, -103.4520
69.358031, 93.883, -104.0758
69.860628, 93.929, -104.7021
70.366867, 93.975, -105.3311
70.876774, 94.022, -105.9622
71.390376, 94.067, -106.5936
71.907700, 94.113, -107.2230
72.428773, 94.158, -107.8486
72.953622, 94.202, -108.4713
73.482274, 94.246, -109.0931
74.014757, 94.288, -109.7165
74.551098, 94.329, -110.3416
75.091326, 94.367, -110.9663
75.635469, 94.404, -111.5877
76.183555, 94.439, -112.2035
76.735612, 94.473, -112.8132
77.291670, 94.506, -113.4189
77.851757, 94.541, -114.0236
78.415903, 94.575, -114.6302
78.984137, 94.610, -115.2406
79.556489, 94.644, -115.8546
80.132988, 94.678, -116.4710
80.713665, 94.711, -117.0873
81.298549, 94.743, -117.7005
81.887672, 94.774, -118.3083
82.481064, 94.804, -118.9099
83.078756, 94.833, -119.5058
83.680778, 94.862, -120.0970
84.287164, 94.889, -120.6844
84.897943, 94.916, -121.2695
85.513149, 94.942, -121.8546
86.132812, 94.968, -122.4423
86.756966, 94.993, -123.0340
87.385643, 95.018, -123.6298
88.018875, 95.041, -124.2281
88.656696, 95.065, -124.8284
89.299139, 95.087, -125.4299
89.946238, 95.109, -126.0330
90.598025, 95.130, -126.6362
91.254536, 95.150, -127.2365
91.915804, 95.168, -127.8297
92.581864, 95.186, -128.4127
93.252750, 95.204, -128.9857
93.928498, 95.222, -129.5511
94.609143, 95.240, -130.1131
95.294719, 95.259, -130.6754
95.985264, 95.276, -131.2405
96.680813, 95.293, -131.8090
97.381402, 95.308, -132.3787
98.087068, 95.321, -132.9468
98.797847, 95.334, -133.5116
99.513777, 95.345, -134.0735
100.234895, 95.357, -134.6340
100.961238, 95.368, -135.1945
101.692845, 95.379, -135.7557
102.429753, 95.390, -136.3177
103.172002, 95.400, -136.8793
103.919628, 95.410, -137.4388
104.672673, 95.419, -137.9951
105.431174, 95.426, -138.5477
106.195172, 95.432, -139.0962
106.964706, 95.437, -139.6403
107.739816, 95.442, -140.1801
108.520543, 95.445, -140.7167
109.306928, 95.448, -141.2501
110.099011, 95.451, -141.7791
110.896834, 95.453, -142.3019
111.700438, 95.455, -142.8171
112.509866, 95.457, -143.3245
113.325158, 95.457, -143.8250
114.146359, 95.454, -144.3203
114.973511, 95.449, -144.8110
115.806656, 95.441, -145.2973
116.645839, 95.429, -145.7776
117.491103, 95.415, -146.2499
118.342492, 95.400, -146.7126
119.200050, 95.389, -147.1689
120.063823, 95.384, -147.6314
120.933855, 95.384, -148.1170
121.810191, 95.388, -148.6308
122.692878, 95.394, -149.1614
123.581962, 95.399, -149.6920
124.477487, 95.402, -150.2103
125.379503, 95.404, -150.7106
126.288054, 95.403, -151.1921
127.203189, 95.400, -151.6568
128.124956, 95.394, -152.1077
129.053402, 95.386, -152.5488
129.988577, 95.376, -152.9850
130.930527, 95.366, -153.4193
131.879304, 95.357, -153.8533
132.834956, 95.347, -154.2866
133.797533, 95.339, -154.7186
134.767085, 95.330, -155.1481
135.743663, 95.321, -155.5743
136.727317, 95.313, -155.9969
137.718100, 95.304, -156.4161
138.716062, 95.294, -156.8326
139.721255, 95.285, -157.2473
140.733733, 95.275, -157.6603
141.753548, 95.265, -158.0710
142.780753, 95.255, -158.4777
143.815401, 95.244, -158.8793
144.857546, 95.233, -159.2770
145.907244, 95.221, -159.6724
146.964548, 95.209, -160.0675
148.029514, 95.196, -160.4633
149.102197, 95.184, -160.8600
150.182652, 95.171, -161.2568
151.270938, 95.158, -161.6520
152.367109, 95.145, -162.0432
153.471224, 95.132, -162.4294
154.583340, 95.118, -162.8115
155.703515, 95.104, -163.1920
156.831807, 95.090, -163.5728
157.968274, 95.075, -163.9547
159.112978, 95.059, -164.3364
160.265976, 95.043, -164.7153
161.427329, 95.027, -165.0875
162.597098, 95.010, -165.4501
163.775344, 94.993, -165.8023
164.962128, 94.975, -166.1448
166.157511, 94.956, -166.4804
167.361557, 94.936, -166.8125
168.574328, 94.915, -167.1446
169.795887, 94.895, -167.4788
171.026298, 94.874, -167.8154
172.265625, 94.854, -168.1522
173.513933, 94.835, -168.4842
174.771286, 94.816, -168.8062
176.037751, 94.797, -169.1166
177.313393, 94.778, -169.4180
178.598279, 94.759, -169.7148
179.892476, 94.740, -170.0114
181.196051, 94.722, -170.3103
182.509072, 94.704, -170.6130
183.831608, 94.686, -170.9193
185.163728, 94.667, -171.2277
186.505500, 94.649, -171.5370
187.856996, 94.629, -171.8458
189.218285, 94.609, -172.1534
190.589439, 94.589, -172.4598
191.970529, 94.569, -172.7655
193.361626, 94.548, -173.0701
194.762804, 94.527, -173.3729
196.174136, 94.506, -173.6736
197.595694, 94.485, -173.9724
199.027554, 94.463, -174.2697
200.469790, 94.442, -174.5652
201.922477, 94.420, -174.8586
203.385690, 94.399, -175.1497
204.859507, 94.377, -175.4381
206.344003, 94.355, -175.7233
207.839257, 94.332, -176.0046
209.345346, 94.308, -176.2818
210.862348, 94.284, -176.5544
212.390344, 94.258, -176.8220
213.929412, 94.233, -177.0850
215.479633, 94.206, -177.3440
217.041087, 94.180, -177.6003
218.613856, 94.153, -177.8542
220.198022, 94.127, -178.1057
221.793668, 94.100, -178.3542
223.400876, 94.074, -178.5999
225.019731, 94.047, -178.8427
226.650317, 94.021, -179.0824
228.292718, 93.994, -179.3185
229.947022, 93.967, -179.5502
231.613312, 93.940, -179.7762
233.291678, 93.913, -179.9964
234.982206, 93.884, 179.7892
236.684984, 93.855, 179.5787
238.400101, 93.825, 179.3677
240.127646, 93.795, 179.1506
241.867710, 93.765, 178.9251
243.620383, 93.735, 178.6954
245.385757, 93.705, 178.4690
247.163923, 93.674, 178.2504
248.954975, 93.642, 178.0398
250.759005, 93.610, 177.8347
252.576108, 93.578, 177.6326
254.406379, 93.547, 177.4335
256.249912, 93.516, 177.2382
258.106805, 93.486, 177.0466
259.977153, 93.457, 176.8572
261.861055, 93.428, 176.6697
263.758608, 93.400, 176.4861
265.669911, 93.373, 176.3096
267.595065, 93.345, 176.1430
269.534169, 93.316, 175.9866
271.487325, 93.287, 175.8379
273.454634, 93.257, 175.6927
275.436199, 93.228, 175.5475
277.432123, 93.198, 175.3994
279.442511, 93.169, 175.2473
281.467467, 93.140, 175.0914
283.507096, 93.110, 174.9337
285.561505, 93.081, 174.7770
287.630801, 93.051, 174.6252
289.715093, 93.020, 174.4814
291.814488, 92.989, 174.3473
293.929096, 92.958, 174.2222
296.059027, 92.926, 174.1033
298.204393, 92.895, 173.9872
300.365305, 92.863, 173.8712
302.541876, 92.831, 173.7539
304.734219, 92.800, 173.6350
306.942449, 92.768, 173.5146
309.166680, 92.736, 173.3932
311.407029, 92.705, 173.2712
313.663613, 92.674, 173.1498
315.936549, 92.644, 173.0297
318.225955, 92.614, 172.9119
320.531952, 92.585, 172.7974
322.854659, 92.555, 172.6872
325.194197, 92.525, 172.5826
327.550688, 92.494, 172.4847
329.924255, 92.462, 172.3936
332.315022, 92.430, 172.3083
334.723114, 92.398, 172.2277
337.148655, 92.365, 172.1506
339.591774, 92.333, 172.0760
342.052596, 92.301, 172.0037
344.531250, 92.269, 171.9338
347.027865, 92.237, 171.8657
349.542572, 92.206, 171.7992
352.075502, 92.176, 171.7349
354.626786, 92.145, 171.6731
357.196558, 92.115, 171.6141
359.784951, 92.085, 171.5573
362.392101, 92.055, 171.5018
365.018144, 92.026, 171.4463
367.663216, 91.997, 171.3901
370.327455, 91.968, 171.3335
373.011000, 91.937, 171.2771
375.713992, 91.906, 171.2220
378.436570, 91.874, 171.1697
381.178878, 91.842, 171.1211
383.941057, 91.810, 171.0773
386.723252, 91.778, 171.0389
389.525608, 91.747, 171.0060
392.348271, 91.717, 170.9769
395.191389, 91.688, 170.9495
398.055108, 91.658, 170.9225
400.939580, 91.629, 170.8961
403.844953, 91.600, 170.8721
406.771380, 91.571, 170.8524
409.719013, 91.542, 170.8379
412.688006, 91.512, 170.8280
415.678514, 91.483, 170.8210
418.690692, 91.453, 170.8154
421.724697, 91.423, 170.8102
424.780688, 91.394, 170.8052
427.858824, 91.364, 170.8004
430.959265, 91.334, 170.7959
434.082174, 91.305, 170.7917
437.227712, 91.277, 170.7885
440.396044, 91.249, 170.7880
443.587336, 91.221, 170.7928
446.801752, 91.192, 170.8040
450.039462, 91.163, 170.8200
453.300634, 91.134, 170.8388
456.585437, 91.105, 170.8589
459.894043, 91.075, 170.8806
463.226625, 91.045, 170.9049
466.583356, 91.016, 170.9332
469.964411, 90.987, 170.9658
473.369967, 90.959, 171.0017
476.800201, 90.932, 171.0389
480.255292, 90.905, 171.0748
483.735420, 90.879, 171.1085
487.240766, 90.853, 171.1406
490.771513, 90.828, 171.1730
494.327846, 90.802, 171.2064
497.909949, 90.776, 171.2405
501.518010, 90.750, 171.2759
505.152216, 90.722, 171.3138
508.812758, 90.695, 171.3557
512.499825, 90.667, 171.4027
516.213610, 90.639, 171.4550
519.954306, 90.612, 171.5121
523.722109, 90.585, 171.5737
527.517216, 90.557, 171.6394
531.339823, 90.530, 171.7091
535.190130, 90.504, 171.7824
539.068339, 90.478, 171.8581
542.974650, 90.452, 171.9342
546.909268, 90.427, 172.0091
550.872398, 90.402, 172.0817
554.864247, 90.377, 172.1522
558.885022, 90.352, 172.2220
562.934933, 90.328, 172.2939
567.014192, 90.304, 172.3699
571.123010, 90.279, 172.4505
575.261603, 90.255, 172.5348
579.430186, 90.231, 172.6226
583.628976, 90.207, 172.7143
587.858192, 90.184, 172.8097
592.118055, 90.161, 172.9076
596.408786, 90.139, 173.0059
600.730610, 90.117, 173.1022
605.083752, 90.095, 173.1956
609.468438, 90.074, 173.2866
613.884897, 90.052, 173.3768
618.333360, 90.030, 173.4678
622.814059, 90.008, 173.5603
627.327226, 89.987, 173.6544
631.873098, 89.965, 173.7498
636.451911, 89.944, 173.8460
641.063904, 89.922, 173.9437
645.709317, 89.901, 174.0443
650.388393, 89.879, 174.1498
655.101375, 89.858, 174.2609
659.848510, 89.837, 174.3760
664.630044, 89.815, 174.4923
669.446228, 89.794, 174.6080
674.297311, 89.773, 174.7234
679.183547, 89.751, 174.8400
684.105191, 89.730, 174.9599
689.062499, 89.709, 175.0851
694.055730, 89.689, 175.2166
699.085144, 89.671, 175.3542
704.151003, 89.654, 175.4958
709.253572, 89.638, 175.6384
714.393116, 89.622, 175.7791
719.569903, 89.605, 175.9166
724.784203, 89.588, 176.0530
730.036288, 89.571, 176.1917
735.326432, 89.554, 176.3348
740.654910, 89.537, 176.4825
746.022001, 89.520, 176.6332
751.427984, 89.504, 176.7844
756.873141, 89.490, 176.9332
762.357756, 89.476, 177.0767
767.882114, 89.462, 177.2131
773.446504, 89.449, 177.3433
779.051217, 89.435, 177.4700
784.696543, 89.420, 177.5967
790.382778, 89.405, 177.7257
796.110217, 89.390, 177.8586
801.879160, 89.374, 177.9960
807.689907, 89.358, 178.1375
813.542761, 89.342, 178.2831
819.438027, 89.326, 178.4332
825.376013, 89.310, 178.5880
831.357028, 89.295, 178.7471
837.381383, 89.280, 178.9093
843.449394, 89.266, 179.0732
849.561376, 89.252, 179.2369
855.717648, 89.238, 179.4000
861.918531, 89.225, 179.5630
868.164348, 89.211, 179.7279
874.455424, 89.198, 179.8965
880.792089, 89.184, -179.9302
887.174671, 89.170, -179.7524
893.603505, 89.157, -179.5710
900.078924, 89.144, -179.3871
906.601267, 89.131, -179.2003
913.170874, 89.119, -179.0096
919.788086, 89.108, -178.8147
926.453250, 89.098, -178.6161
933.166712, 89.089, -178.4151
939.928823, 89.080, -178.2126
946.739934, 89.072, -178.0090
953.600402, 89.065, -177.8051
960.510584, 89.058, -177.6025
967.470839, 89.052, -177.4026
974.481532, 89.047, -177.2068
981.543027, 89.042, -177.0154
988.655692, 89.037, -176.8279
995.819899, 89.033, -176.6421
1003.036020, 89.029, -176.4556
1010.304433, 89.025, -176.2685
1017.625515, 89.022, -176.0826
1024.999649, 89.020, -175.9003
1032.427219, 89.017, -175.7233
1039.908612, 89.014, -175.5520
1047.444219, 89.009, -175.3853
1055.034432, 89.003, -175.2198
1062.679646, 88.995, -175.0505
1070.380261, 88.986, -174.8714
1078.136677, 88.977, -174.6794
1085.949300, 88.968, -174.4745
1093.818536, 88.961, -174.2589
1101.744796, 88.955, -174.0353
1109.728493, 88.951, -173.8060
1117.770043, 88.950, -173.5736
1125.869866, 88.950, -173.3406
1134.028383, 88.952, -173.1091
1142.246020, 88.954, -172.8804
1150.523206, 88.958, -172.6550
1158.860371, 88.961, -172.4326
1167.257951, 88.964, -172.2124
1175.716383, 88.967, -171.9947
1184.236109, 88.971, -171.7808
1192.817572, 88.974, -171.5714
1201.461220, 88.979, -171.3661
1210.167503, 88.983, -171.1647
1218.936876, 88.988, -170.9673
1227.769795, 88.992, -170.7749
1236.666721, 88.995, -170.5856
1245.628118, 88.997, -170.3934
1254.654453, 88.996, -170.1906
1263.746196, 88.996, -169.9699
1272.903822, 88.996, -169.7275
1282.127808, 88.998, -169.4659
1291.418634, 89.003, -169.1918
1300.776786, 89.012, -168.9122
1310.202751, 89.023, -168.6317
1319.697020, 89.038, -168.3537
1329.260089, 89.056, -168.0806
1338.892455, 89.077, -167.8146
1348.594622, 89.100, -167.5592
1358.367094, 89.127, -167.3224
1368.210382, 89.156, -167.1120
1378.124999, 89.186, -166.9314
1388.111461, 89.216, -166.7802
1398.170288, 89.244, -166.6555
1408.302007, 89.269, -166.5529
1418.507144, 89.292, -166.4662
1428.786231, 89.310, -166.3881
1439.139805, 89.325, -166.3106
1449.568405, 89.337, -166.2275
1460.072576, 89.346, -166.1341
1470.652863, 89.354, -166.0257
1481.309820, 89.361, -165.8979
1492.044002, 89.369, -165.7504
1502.855968, 89.379, -165.5872
1513.746282, 89.390, -165.4127
1524.715511, 89.403, -165.2296
1535.764228, 89.419, -165.0414
1546.893009, 89.438, -164.8561
1558.102433, 89.460, -164.6841
1569.393086, 89.484, -164.5325
1580.765555, 89.509, -164.4014
1592.220434, 89.535, -164.2846
1603.758320, 89.562, -164.1752
1615.379813, 89.594, -164.0690
1627.085521, 89.631, -163.9655
1638.876054, 89.677, -163.8679
1650.752025, 89.732, -163.7763
1662.714055, 89.795, -163.6835
1674.762766, 89.864, -163.5791
1686.898788, 89.936, -163.4561
1699.122752, 90.009, -163.3173
1711.435296, 90.080, -163.1777
1723.837061, 90.144, -163.0579
1736.328695, 90.197, -162.9744
1748.910849, 90.236, -162.9317
1761.584178, 90.259, -162.9210
1774.349343, 90.265, -162.9246
1787.207010, 90.259, -162.9240
1800.157848, 90.245, -162.9066
1813.202534, 90.229, -162.8716
1826.341747, 90.214, -162.8293
1839.576172, 90.202, -162.7950
1852.906500, 90.193, -162.7798
1866.333424, 90.184, -162.7867
1879.857645, 90.173, -162.8119
1893.479869, 90.159, -162.8481
1907.200804, 90.140, -162.8881
1921.021168, 90.118, -162.9284
1934.941679, 90.094, -162.9711
1948.963064, 90.067, -163.0220
1963.086054, 90.038, -163.0833
1977.311384, 90.005, -163.1515
1991.639798, 89.971, -163.2221
2006.072041, 89.934, -163.2922
2020.608866, 89.896, -163.3605
2035.251031, 89.858, -163.4316
2049.999299, 89.818, -163.5175
2064.854438, 89.776, -163.6315
2079.817225, 89.730, -163.7776
2094.888438, 89.677, -163.9443
2110.068863, 89.616, -164.1066
2125.359292, 89.550, -164.2423
2140.760521, 89.482, -164.3492
2156.273355, 89.416, -164.4493
2171.898600, 89.353, -164.5758
2187.637073, 89.288, -164.7547
2203.489593, 89.217, -164.9896
2219.456987, 89.134, -165.2557
2235.540087, 89.037, -165.5129
2251.739732, 88.930, -165.7250
2268.056766, 88.818, -165.8812
2284.492041, 88.706, -165.9984
2301.046412, 88.597, -166.1026
2317.720742, 88.491, -166.2091
2334.515902, 88.384, -166.3177
2351.432767, 88.277, -166.4178
2368.472218, 88.168, -166.4936
2385.635144, 88.057, -166.5269
2402.922440, 87.946, -166.5024
2420.335006, 87.836, -166.4136
2437.873752, 87.729, -166.2615
2455.539590, 87.625, -166.0552
2473.333442, 87.526, -165.8132
2491.256235, 87.429, -165.5585
2509.308905, 87.332, -165.2992
2527.492392, 87.231, -165.0189
2545.807644, 87.126, -164.6868
2564.255615, 87.022, -164.2752
2582.837268, 86.923, -163.7797
2601.553572, 86.836, -163.2215
2620.405502, 86.762, -162.6255
2639.394040, 86.700, -162.0015
2658.520177, 86.651, -161.3472
2677.784910, 86.616, -160.6606
2697.189244, 86.595, -159.9462
2716.734189, 86.589, -159.2195
2736.420765, 86.594, -158.5028
2756.249998, 86.606, -157.8068
2776.222921, 86.618, -157.1179
2796.340577, 86.627, -156.4055
2816.604013, 86.630, -155.6372
2837.014287, 86.626, -154.7815
2857.572462, 86.618, -153.8030
2878.279610, 86.608, -152.6719
2899.136811, 86.602, -151.3761
2920.145151, 86.609, -149.9362
2941.305727, 86.630, -148.4073
2962.619641, 86.665, -146.8516
2984.088004, 86.708, -145.2984
3005.711935, 86.753, -143.7280
3027.492563, 86.803, -142.0913
3049.431022, 86.863, -140.3552
3071.528457, 86.945, -138.5451
3093.786018, 87.053, -136.7355
3116.204867, 87.187, -135.0066
3138.786172, 87.340, -133.4081
3161.531110, 87.504, -131.9395
3184.440868, 87.675, -130.5613
3207.516639, 87.854, -129.2228
3230.759627, 88.045, -127.8861
3254.171043, 88.258, -126.5508
3277.752108, 88.499, -125.2701
3301.504051, 88.765, -124.1351
3325.428110, 89.048, -123.2179
3349.525533, 89.336, -122.5193
3373.797576, 89.622, -121.9830
3398.245504, 89.907, -121.5464
3422.870591, 90.198, -121.1799
3447.674123, 90.499, -120.8967
3472.657391, 90.814, -120.7410
3497.821698, 91.137, -120.7655
3523.168356, 91.463, -121.0049
3548.698686, 91.781, -121.4528
3574.414019, 92.089, -122.0616
3600.315697, 92.389, -122.7800
3626.405068, 92.690, -123.5990
3652.683494, 92.996, -124.5662
3679.152345, 93.303, -125.7488
3705.812999, 93.605, -127.1866
3732.666848, 93.891, -128.8812
3759.715291, 94.156, -130.8134
3786.959737, 94.397, -132.9535
3814.401609, 94.612, -135.2723
3842.042335, 94.804, -137.7523
3869.883358, 94.971, -140.3882
3897.926128, 95.110, -143.1747
3926.172107, 95.217, -146.0934
3954.622769, 95.286, -149.1069
3983.279596, 95.316, -152.1636
4012.144082, 95.307, -155.2077
4041.217732, 95.264, -158.1931
4070.502061, 95.192, -161.0961
4099.998597, 95.097, -163.9163
4129.708877, 94.977, -166.6582
4159.634450, 94.829, -169.3065
4189.776876, 94.651, -171.8220
4220.137726, 94.446, -174.1674
4250.718584, 94.220, -176.3276
4281.521043, 93.976, -178.3050
4312.546709, 93.716, 179.8972
4343.797200, 93.442, 178.2825
4375.274146, 93.158, 176.8541
4406.979186, 92.867, 175.6058
4438.913974, 92.574, 174.5184
4471.080174, 92.281, 173.5686
4503.479464, 91.990, 172.7408
4536.113533, 91.700, 172.0298
4568.984081, 91.416, 171.4316
4602.092823, 91.139, 170.9356
4635.441485, 90.872, 170.5278
4669.031805, 90.615, 170.1952
4702.865534, 90.370, 169.9285
4736.944436, 90.138, 169.7218
4771.270288, 89.919, 169.5682
4805.844880, 89.713, 169.4587
4840.670013, 89.520, 169.3859
4875.747503, 89.340, 169.3475
4911.079179, 89.170, 169.3474
4946.666884, 89.010, 169.3936
4982.512471, 88.860, 169.4923
5018.617810, 88.721, 169.6412
5054.984784, 88.591, 169.8339
5091.615287, 88.468, 170.0708
5128.511230, 88.351, 170.3650
5165.674537, 88.241, 170.7321
5203.107144, 88.140, 171.1703
5240.811003, 88.053, 171.6522
5278.788080, 87.977, 172.1394
5317.040355, 87.910, 172.6000
5355.569821, 87.847, 173.0071
5394.378487, 87.784, 173.3338
5433.468378, 87.713, 173.5613
5472.841529, 87.625, 173.6902
5512.499995, 87.513, 173.7399
5552.445842, 87.371, 173.7441
5592.681154, 87.190, 173.7551
5633.208027, 86.967, 173.8591
5674.028574, 86.699, 174.1833
5715.144924, 86.394, 174.8795
5756.559221, 86.069, 176.0879
5798.273622, 85.753, 177.8972
5840.290302, 85.481, -179.6913
5882.611454, 85.288, -176.8002
5925.239281, 85.201, -173.6880
5968.176007, 85.230, -170.6965
6011.423871, 85.359, -168.1407
6054.985126, 85.555, -166.2155
6098.862045, 85.782, -164.9705
6143.056913, 86.007, -164.3431
6187.572036, 86.207, -164.2105
6232.409733, 86.370, -164.4330
6277.572344, 86.492, -164.8831
6323.062220, 86.573, -165.4605
6368.881736, 86.619, -166.0972
6415.033278, 86.636, -166.7492
6461.519254, 86.627, -167.3865
6508.342086, 86.598, -167.9908
6555.504216, 86.555, -168.5577
6603.008102, 86.500, -169.0917
6650.856220, 86.437, -169.5959
6699.051066, 86.366, -170.0713
6747.595151, 86.289, -170.5181
6796.491007, 86.206, -170.9343
6845.741183, 86.120, -171.3170
6895.348246, 86.029, -171.6646
6945.314781, 85.934, -171.9731
6995.643395, 85.836, -172.2321
7046.336711, 85.736, -172.4310
7097.397372, 85.637, -172.5609
7148.828039, 85.540, -172.6130
7200.631394, 85.451, -172.5813
7252.810137, 85.375, -172.4667
7305.366989, 85.318, -172.2764
7358.304690, 85.290, -172.0305
7411.625999, 85.296, -171.7682
7465.333696, 85.344, -171.5452
7519.430581, 85.435, -171.4265
7573.919475, 85.570, -171.4849
7628.803218, 85.742, -171.7899
7684.084670, 85.943, -172.3970
7739.766716, 86.162, -173.3431
7795.852256, 86.385, -174.6470
7852.344215, 86.600, -176.3090
7909.245538, 86.795, -178.3102
7966.559191, 86.959, 179.3866
8024.288163, 87.083, 176.8331
8082.435463, 87.162, 174.0907
8141.004122, 87.194, 171.2240
8199.997194, 87.181, 168.2943
8259.417754, 87.127, 165.3538
8319.268900, 87.038, 162.4393
8379.553752, 86.922, 159.5700
8440.275452, 86.787, 156.7491
8501.437168, 86.640, 153.9658
8563.042086, 86.485, 151.2007
8625.093419, 86.324, 148.4328
8687.594401, 86.160, 145.6441
8750.548291, 85.990, 142.8206
8813.958371, 85.814, 139.9530
8877.827947, 85.630, 137.0361
8942.160348, 85.436, 134.0665
9006.958928, 85.232, 131.0421
9072.227065, 85.017, 127.9607
9137.968162, 84.790, 124.8179
9204.185647, 84.551, 121.6052
9270.882970, 84.299, 118.3119
9338.063610, 84.031, 114.9294
9405.731068, 83.743, 111.4595
9473.888873, 83.432, 107.9193
9542.540577, 83.094, 104.3415
9611.689759, 82.727, 100.7728
9681.340025, 82.334, 97.2667
9751.495006, 81.924, 93.8719
9822.158359, 81.510, 90.6190
9893.333767, 81.110, 87.5005
9965.024942, 80.747, 84.4601
10037.235620, 80.437, 81.3960
10109.969567, 80.192, 78.1799
10183.230574, 80.009, 74.6877
10257.022461, 79.878, 70.8282
10331.349074, 79.781, 66.5615
10406.214288, 79.698, 61.8995
10481.622007, 79.615, 56.8939
10557.576160, 79.521, 51.6181
10634.080709, 79.410, 46.1539
10711.139642, 79.281, 40.5853
10788.756975, 79.135, 34.9932
10866.936755, 78.976, 29.4507
10945.683059, 78.812, 24.0176
11024.999990, 78.650, 18.7379
11104.891685, 78.498, 13.6395
11185.362308, 78.362, 8.7344
11266.416054, 78.249, 4.0190
11348.057149, 78.162, -0.5229
11430.289849, 78.102, -4.9173
11513.118441, 78.068, -9.1943
11596.547243, 78.056, -13.3846
11680.580605, 78.063, -17.5130
11765.222907, 78.083, -21.5967
11850.478562, 78.115, -25.6476
11936.352015, 78.154, -29.6703
12022.847742, 78.199, -33.6648
12109.970253, 78.252, -37.6306
12197.724089, 78.313, -41.5682
12286.113826, 78.388, -45.4803
12375.144072, 78.480, -49.3755
12464.819467, 78.596, -53.2707
12555.144687, 78.744, -57.1949
12646.124441, 78.928, -61.1897
12737.763472, 79.152, -65.3067
12830.066557, 79.419, -69.6036
12923.038508, 79.726, -74.1395
13016.684172, 80.071, -78.9719
13111.008431, 80.446, -84.1563
13206.016203, 80.845, -89.7449
13301.712440, 81.257, -95.7855
13398.102132, 81.667, -102.3186
13495.190303, 82.061, -109.3749
13592.982015, 82.419, -116.9706
13691.482366, 82.720, -125.0991
13790.696491, 82.939, -133.7225
13890.629563, 83.054, -142.7631
13991.286791, 83.043, -152.0996
14092.673422, 82.891, -161.5690
14194.794743, 82.588, -170.9727
14297.656077, 82.134, 179.9136
14401.262787, 81.536, 171.3289
14505.620274, 80.817, 163.5126
14610.733978, 80.019, 156.6771
14716.609379, 79.213, 150.9492
14823.251997, 78.508, 146.2692
14930.667392, 78.033, 142.2898
15038.861162, 77.890, 138.3854
15147.838950, 78.091, 133.8414
15257.606435, 78.550, 128.1096
15368.169341, 79.145, 120.9299
15479.533431, 79.766, 112.2856
15591.704511, 80.338, 102.3011
15704.688430, 80.810, 91.1642
15818.491076, 81.148, 79.0920
15933.118383, 81.334, 66.3212
16048.576327, 81.361, 53.0999
16164.870926, 81.236, 39.6698
16282.008245, 80.989, 26.2288
16399.994388, 80.669, 12.8824
16518.835508, 80.333, -0.3806
16638.537799, 80.030, -13.6675
16759.107503, 79.787, -27.1256
16880.550905, 79.608, -40.8922
17002.874335, 79.479, -55.0747
17126.084171, 79.379, -69.7452
17250.186837, 79.279, -84.9448
17375.188802, 79.156, -100.6831
17501.096582, 78.986, -116.9388
17627.916743, 78.754, -133.6637
17755.655894, 78.452, -150.7869
17884.320696, 78.088, -168.2202
18013.917856, 77.698, 174.1316
18144.454131, 77.369, 156.3347
18275.936325, 77.247, 138.3396
18408.371293, 77.484, 119.8815
18541.765940, 78.121, 100.4729
18676.127219, 79.040, 79.5476
18811.462136, 80.058, 56.6833
18947.777745, 81.026, 31.6981
19085.081153, 81.863, 4.4246
19223.379519, 82.539, -26.1117
19362.680051, 83.050, -63.9210
19502.990012, 83.408, -117.6376
19644.316718, 83.629, -172.8722
19786.667534, 83.743, 155.8494
19930.049884, 83.785, 142.5428
