* Measurement data measured by REW V5.40 beta 55
* Source: EXCL: Headset (USB-C to 3.5mm Headphone Jack Adapter), MICROPHONE (Master Volume), 0, volume: 0.260
* Format: 256k Log Swept Sine, 1 sweep at -6.0 dBFS with no timing reference
* Dated: Jan 12, 2025 7:35:46 PM
* REW Settings:
*  C-weighting compensation: Off
*  Target level: 75.0 dB
* Note: ; 
* Measurement: Right 3
* Smoothing: 1/12 octave
* Frequency Step: 96 ppo
* Start Frequency: 20.0 Hz
*
* Freq(Hz), SPL(dB), Phase(degrees)
20.033247, 77.324, 7.8591
20.178416, 77.524, 7.1194
20.324637, 77.717, 6.2758
20.471918, 77.897, 5.3431
20.620266, 78.062, 4.3441
20.769689, 78.209, 3.3066
20.920195, 78.338, 2.2625
21.071791, 78.449, 1.2439
21.224486, 78.545, 0.2809
21.378287, 78.629, -0.6013
21.533203, 78.707, -1.3861
21.689242, 78.783, -2.0670
21.846411, 78.864, -2.6495
22.004719, 78.953, -3.1510
22.164174, 79.055, -3.5981
22.324785, 79.169, -4.0232
22.486559, 79.296, -4.4583
22.649506, 79.431, -4.9301
22.813634, 79.570, -5.4551
22.978951, 79.709, -6.0372
23.145466, 79.841, -6.6674
23.313188, 79.965, -7.3248
23.482124, 80.078, -7.9821
23.652286, 80.181, -8.6089
23.823680, 80.277, -9.1790
23.996316, 80.371, -9.6749
24.170203, 80.469, -10.0930
24.345351, 80.575, -10.4458
24.521767, 80.695, -10.7611
24.699462, 80.829, -11.0774
24.878444, 80.976, -11.4359
25.058724, 81.132, -11.8718
25.240310, 81.290, -12.4063
25.423211, 81.442, -13.0411
25.607438, 81.582, -13.7572
25.793000, 81.703, -14.5178
25.979907, 81.805, -15.2734
26.168168, 81.888, -15.9705
26.357794, 81.959, -16.5609
26.548793, 82.026, -17.0125
26.741176, 82.101, -17.3179
26.934954, 82.192, -17.5001
27.130136, 82.310, -17.6113
27.326732, 82.457, -17.7248
27.524753, 82.631, -17.9187
27.724208, 82.824, -18.2594
27.925110, 83.025, -18.7869
28.127466, 83.221, -19.5085
28.331290, 83.401, -20.3994
28.536590, 83.557, -21.4100
28.743378, 83.686, -22.4762
28.951664, 83.788, -23.5308
29.161460, 83.869, -24.5148
29.372776, 83.935, -25.3862
29.585623, 83.998, -26.1276
29.800013, 84.065, -26.7472
30.015956, 84.145, -27.2759
30.233464, 84.239, -27.7579
30.452548, 84.348, -28.2390
30.673220, 84.466, -28.7544
30.895490, 84.589, -29.3214
31.119372, 84.711, -29.9381
31.344876, 84.829, -30.5875
31.572014, 84.940, -31.2444
31.800797, 85.047, -31.8847
32.031239, 85.151, -32.4924
32.263351, 85.258, -33.0640
32.497144, 85.368, -33.6080
32.732632, 85.485, -34.1421
32.969826, 85.608, -34.6864
33.208739, 85.734, -35.2577
33.449383, 85.861, -35.8641
33.691771, 85.986, -36.5046
33.935916, 86.106, -37.1696
34.181829, 86.221, -37.8450
34.429525, 86.331, -38.5171
34.679015, 86.437, -39.1758
34.930314, 86.542, -39.8173
35.183433, 86.645, -40.4440
35.438387, 86.750, -41.0629
35.695188, 86.855, -41.6829
35.953850, 86.960, -42.3116
36.214387, 87.063, -42.9530
36.476811, 87.165, -43.6061
36.741137, 87.263, -44.2657
37.007378, 87.357, -44.9241
37.275549, 87.448, -45.5734
37.545663, 87.538, -46.2081
37.817734, 87.627, -46.8267
38.091777, 87.717, -47.4323
38.367806, 87.808, -48.0311
38.645835, 87.901, -48.6305
38.925879, 87.996, -49.2362
39.207952, 88.091, -49.8503
39.492069, 88.187, -50.4713
39.778244, 88.281, -51.0955
40.066494, 88.376, -51.7194
40.356832, 88.472, -52.3424
40.649275, 88.570, -52.9683
40.943836, 88.669, -53.6040
41.240532, 88.770, -54.2573
41.539378, 88.870, -54.9332
41.840389, 88.969, -55.6320
42.143582, 89.064, -56.3486
42.448972, 89.155, -57.0741
42.756574, 89.241, -57.7985
43.066406, 89.324, -58.5135
43.378483, 89.403, -59.2137
43.692822, 89.480, -59.8965
44.009438, 89.554, -60.5601
44.328348, 89.628, -61.2026
44.649570, 89.700, -61.8223
44.973119, 89.773, -62.4186
45.299013, 89.848, -62.9944
45.627268, 89.925, -63.5564
45.957902, 90.005, -64.1144
46.290932, 90.087, -64.6779
46.626375, 90.171, -65.2520
46.964249, 90.254, -65.8364
47.304571, 90.336, -66.4257
47.647360, 90.417, -67.0126
47.992632, 90.497, -67.5930
48.340407, 90.579, -68.1677
48.690701, 90.663, -68.7429
49.043534, 90.747, -69.3268
49.398924, 90.833, -69.9253
49.756889, 90.917, -70.5393
50.117447, 90.998, -71.1647
50.480619, 91.077, -71.7944
50.846423, 91.153, -72.4220
51.214877, 91.227, -73.0437
51.586001, 91.300, -73.6594
51.959814, 91.372, -74.2709
52.336336, 91.443, -74.8814
52.715587, 91.513, -75.4932
53.097586, 91.582, -76.1074
53.482353, 91.649, -76.7242
53.869908, 91.716, -77.3429
54.260272, 91.782, -77.9636
54.653464, 91.849, -78.5895
55.049506, 91.916, -79.2261
55.448417, 91.984, -79.8800
55.850219, 92.051, -80.5546
56.254933, 92.117, -81.2477
56.662579, 92.181, -81.9531
57.073180, 92.244, -82.6659
57.486755, 92.306, -83.3863
57.903328, 92.367, -84.1171
58.322919, 92.426, -84.8556
58.745551, 92.479, -85.5858
59.171246, 92.529, -86.2814
59.600025, 92.578, -86.9185
60.031911, 92.631, -87.4927
60.466927, 92.693, -88.0247
60.905096, 92.764, -88.5505
61.346439, 92.843, -89.1013
61.790981, 92.923, -89.6881
62.238744, 93.002, -90.3035
62.689751, 93.077, -90.9331
63.144027, 93.149, -91.5668
63.601595, 93.218, -92.2021
64.062478, 93.284, -92.8392
64.526701, 93.346, -93.4771
64.994288, 93.405, -94.1125
65.465264, 93.461, -94.7435
65.939652, 93.516, -95.3705
66.417478, 93.569, -95.9965
66.898766, 93.621, -96.6242
67.383542, 93.672, -97.2557
67.871831, 93.723, -97.8918
68.363659, 93.773, -98.5323
68.859050, 93.823, -99.1764
69.358031, 93.873, -99.8235
69.860628, 93.923, -100.4737
70.366867, 93.973, -101.1277
70.876774, 94.023, -101.7856
71.390376, 94.072, -102.4464
71.907700, 94.120, -103.1085
72.428773, 94.166, -103.7705
72.953622, 94.212, -104.4318
73.482274, 94.256, -105.0924
74.014757, 94.299, -105.7521
74.551098, 94.341, -106.4105
75.091326, 94.382, -107.0671
75.635469, 94.421, -107.7211
76.183555, 94.460, -108.3712
76.735612, 94.498, -109.0168
77.291670, 94.536, -109.6583
77.851757, 94.574, -110.2974
78.415903, 94.613, -110.9358
78.984137, 94.651, -111.5748
79.556489, 94.688, -112.2136
80.132988, 94.725, -112.8508
80.713665, 94.761, -113.4844
81.298549, 94.795, -114.1132
81.887672, 94.828, -114.7358
82.481064, 94.860, -115.3525
83.078756, 94.892, -115.9648
83.680778, 94.923, -116.5764
84.287164, 94.954, -117.1914
84.897943, 94.984, -117.8116
85.513149, 95.013, -118.4364
86.132812, 95.040, -119.0630
86.756966, 95.067, -119.6893
87.385643, 95.092, -120.3145
88.018875, 95.118, -120.9387
88.656696, 95.143, -121.5624
89.299139, 95.167, -122.1862
89.946238, 95.191, -122.8094
90.598025, 95.214, -123.4307
91.254536, 95.236, -124.0479
91.915804, 95.258, -124.6602
92.581864, 95.279, -125.2689
93.252750, 95.300, -125.8773
93.928498, 95.321, -126.4885
94.609143, 95.341, -127.1028
95.294719, 95.359, -127.7169
95.985264, 95.376, -128.3271
96.680813, 95.393, -128.9318
97.381402, 95.409, -129.5325
98.087068, 95.425, -130.1318
98.797847, 95.441, -130.7311
99.513777, 95.456, -131.3306
100.234895, 95.469, -131.9290
100.961238, 95.481, -132.5233
101.692845, 95.491, -133.1104
102.429753, 95.500, -133.6888
103.172002, 95.508, -134.2597
103.919628, 95.515, -134.8256
104.672673, 95.521, -135.3894
105.431174, 95.527, -135.9534
106.195172, 95.533, -136.5182
106.964706, 95.538, -137.0837
107.739816, 95.543, -137.6499
108.520543, 95.549, -138.2172
109.306928, 95.555, -138.7859
110.099011, 95.562, -139.3544
110.896834, 95.567, -139.9197
111.700438, 95.570, -140.4792
112.509866, 95.572, -141.0319
113.325158, 95.570, -141.5784
114.146359, 95.566, -142.1199
114.973511, 95.558, -142.6594
115.806656, 95.548, -143.2008
116.645839, 95.536, -143.7463
117.491103, 95.523, -144.2918
118.342492, 95.509, -144.8265
119.200050, 95.497, -145.3382
120.063823, 95.490, -145.8240
120.933855, 95.490, -146.2955
121.810191, 95.494, -146.7666
122.692878, 95.500, -147.2417
123.581962, 95.506, -147.7172
124.477487, 95.510, -148.1896
125.379503, 95.511, -148.6589
126.288054, 95.509, -149.1272
127.203189, 95.504, -149.5974
128.124956, 95.498, -150.0713
129.053402, 95.490, -150.5486
129.988577, 95.482, -151.0266
130.930527, 95.474, -151.5015
131.879304, 95.466, -151.9691
132.834956, 95.457, -152.4261
133.797533, 95.447, -152.8713
134.767085, 95.437, -153.3066
135.743663, 95.425, -153.7354
136.727317, 95.413, -154.1609
137.718100, 95.401, -154.5856
138.716062, 95.389, -155.0107
139.721255, 95.378, -155.4365
140.733733, 95.366, -155.8615
141.753548, 95.355, -156.2836
142.780753, 95.344, -156.7009
143.815401, 95.332, -157.1124
144.857546, 95.320, -157.5173
145.907244, 95.308, -157.9166
146.964548, 95.295, -158.3118
148.029514, 95.282, -158.7052
149.102197, 95.269, -159.0984
150.182652, 95.256, -159.4929
151.270938, 95.243, -159.8893
152.367109, 95.230, -160.2870
153.471224, 95.217, -160.6847
154.583340, 95.203, -161.0811
155.703515, 95.188, -161.4760
156.831807, 95.174, -161.8693
157.968274, 95.159, -162.2603
159.112978, 95.143, -162.6492
160.265976, 95.126, -163.0365
161.427329, 95.110, -163.4226
162.597098, 95.093, -163.8077
163.775344, 95.076, -164.1921
164.962128, 95.059, -164.5752
166.157511, 95.042, -164.9548
167.361557, 95.024, -165.3287
168.574328, 95.006, -165.6958
169.795887, 94.987, -166.0562
171.026298, 94.967, -166.4108
172.265625, 94.947, -166.7603
173.513933, 94.927, -167.1058
174.771286, 94.906, -167.4487
176.037751, 94.885, -167.7902
177.313393, 94.863, -168.1318
178.598279, 94.842, -168.4742
179.892476, 94.819, -168.8159
181.196051, 94.796, -169.1542
182.509072, 94.773, -169.4873
183.831608, 94.749, -169.8138
185.163728, 94.726, -170.1335
186.505500, 94.702, -170.4473
187.856996, 94.679, -170.7559
189.218285, 94.656, -171.0604
190.589439, 94.632, -171.3614
191.970529, 94.610, -171.6599
193.361626, 94.587, -171.9572
194.762804, 94.564, -172.2545
196.174136, 94.541, -172.5529
197.595694, 94.517, -172.8525
199.027554, 94.493, -173.1517
200.469790, 94.469, -173.4478
201.922477, 94.445, -173.7378
203.385690, 94.422, -174.0212
204.859507, 94.398, -174.2992
206.344003, 94.375, -174.5737
207.839257, 94.350, -174.8466
209.345346, 94.326, -175.1185
210.862348, 94.300, -175.3890
212.390344, 94.274, -175.6566
213.929412, 94.247, -175.9203
215.479633, 94.221, -176.1798
217.041087, 94.194, -176.4347
218.613856, 94.168, -176.6844
220.198022, 94.141, -176.9293
221.793668, 94.114, -177.1708
223.400876, 94.086, -177.4109
225.019731, 94.058, -177.6509
226.650317, 94.030, -177.8909
228.292718, 94.001, -178.1313
229.947022, 93.972, -178.3740
231.613312, 93.941, -178.6213
233.291678, 93.910, -178.8741
234.982206, 93.879, -179.1301
236.684984, 93.848, -179.3827
238.400101, 93.818, -179.6229
240.127646, 93.789, -179.8434
241.867710, 93.760, 179.9559
243.620383, 93.732, 179.7680
245.385757, 93.703, 179.5849
247.163923, 93.675, 179.4017
248.954975, 93.646, 179.2172
250.759005, 93.616, 179.0327
252.576108, 93.587, 178.8490
254.406379, 93.557, 178.6661
256.249912, 93.527, 178.4828
258.106805, 93.497, 178.2982
259.977153, 93.468, 178.1134
261.861055, 93.438, 177.9302
263.758608, 93.408, 177.7507
265.669911, 93.377, 177.5765
267.595065, 93.346, 177.4079
269.534169, 93.314, 177.2448
271.487325, 93.283, 177.0864
273.454634, 93.251, 176.9324
275.436199, 93.220, 176.7819
277.432123, 93.189, 176.6349
279.442511, 93.158, 176.4920
281.467467, 93.129, 176.3534
283.507096, 93.099, 176.2180
285.561505, 93.069, 176.0848
287.630801, 93.039, 175.9531
289.715093, 93.008, 175.8224
291.814488, 92.976, 175.6917
293.929096, 92.943, 175.5593
296.059027, 92.910, 175.4236
298.204393, 92.876, 175.2848
300.365305, 92.842, 175.1449
302.541876, 92.809, 175.0079
304.734219, 92.776, 174.8777
306.942449, 92.744, 174.7574
309.166680, 92.713, 174.6477
311.407029, 92.683, 174.5458
313.663613, 92.653, 174.4475
315.936549, 92.624, 174.3505
318.225955, 92.594, 174.2540
320.531952, 92.563, 174.1578
322.854659, 92.532, 174.0612
325.194197, 92.501, 173.9651
327.550688, 92.469, 173.8716
329.924255, 92.438, 173.7822
332.315022, 92.408, 173.6973
334.723114, 92.378, 173.6155
337.148655, 92.347, 173.5365
339.591774, 92.317, 173.4614
342.052596, 92.286, 173.3923
344.531250, 92.255, 173.3301
347.027865, 92.223, 173.2736
349.542572, 92.191, 173.2209
352.075502, 92.159, 173.1702
354.626786, 92.128, 173.1196
357.196558, 92.096, 173.0677
359.784951, 92.065, 173.0140
362.392101, 92.034, 172.9598
365.018144, 92.003, 172.9066
367.663216, 91.972, 172.8558
370.327455, 91.942, 172.8075
373.011000, 91.912, 172.7615
375.713992, 91.882, 172.7175
378.436570, 91.851, 172.6752
381.178878, 91.820, 172.6337
383.941057, 91.789, 172.5928
386.723252, 91.757, 172.5533
389.525608, 91.726, 172.5178
392.348271, 91.695, 172.4874
395.191389, 91.664, 172.4620
398.055108, 91.634, 172.4409
400.939580, 91.603, 172.4240
403.844953, 91.572, 172.4114
406.771380, 91.541, 172.4030
409.719013, 91.511, 172.3975
412.688006, 91.480, 172.3937
415.678514, 91.450, 172.3911
418.690692, 91.420, 172.3905
421.724697, 91.390, 172.3934
424.780688, 91.360, 172.4004
427.858824, 91.331, 172.4100
430.959265, 91.301, 172.4208
434.082174, 91.272, 172.4321
437.227712, 91.243, 172.4449
440.396044, 91.213, 172.4597
443.587336, 91.184, 172.4763
446.801752, 91.155, 172.4939
450.039462, 91.126, 172.5125
453.300634, 91.098, 172.5337
456.585437, 91.069, 172.5594
459.894043, 91.040, 172.5914
463.226625, 91.011, 172.6306
466.583356, 90.983, 172.6765
469.964411, 90.954, 172.7272
473.369967, 90.926, 172.7801
476.800201, 90.899, 172.8331
480.255292, 90.872, 172.8857
483.735420, 90.846, 172.9379
487.240766, 90.821, 172.9901
490.771513, 90.797, 173.0413
494.327846, 90.773, 173.0902
497.909949, 90.750, 173.1365
501.518010, 90.726, 173.1810
505.152216, 90.702, 173.2256
508.812758, 90.677, 173.2725
512.499825, 90.650, 173.3223
516.213610, 90.622, 173.3750
519.954306, 90.593, 173.4314
523.722109, 90.563, 173.4933
527.517216, 90.534, 173.5618
531.339823, 90.504, 173.6362
535.190130, 90.475, 173.7157
539.068339, 90.447, 173.7997
542.974650, 90.420, 173.8876
546.909268, 90.393, 173.9783
550.872398, 90.368, 174.0706
554.864247, 90.343, 174.1634
558.885022, 90.320, 174.2565
562.934933, 90.296, 174.3512
567.014192, 90.273, 174.4495
571.123010, 90.250, 174.5525
575.261603, 90.227, 174.6601
579.430186, 90.203, 174.7725
583.628976, 90.180, 174.8904
587.858192, 90.157, 175.0139
592.118055, 90.136, 175.1412
596.408786, 90.117, 175.2682
600.730610, 90.098, 175.3904
605.083752, 90.079, 175.5060
609.468438, 90.060, 175.6157
613.884897, 90.042, 175.7221
618.333360, 90.022, 175.8282
622.814059, 90.003, 175.9357
627.327226, 89.982, 176.0447
631.873098, 89.962, 176.1551
636.451911, 89.943, 176.2668
641.063904, 89.923, 176.3805
645.709317, 89.904, 176.4958
650.388393, 89.886, 176.6119
655.101375, 89.868, 176.7277
659.848510, 89.850, 176.8425
664.630044, 89.832, 176.9558
669.446228, 89.813, 177.0680
674.297311, 89.794, 177.1807
679.183547, 89.773, 177.2968
684.105191, 89.752, 177.4200
689.062499, 89.731, 177.5535
694.055730, 89.710, 177.6971
699.085144, 89.691, 177.8479
704.151003, 89.673, 178.0001
709.253572, 89.656, 178.1484
714.393116, 89.640, 178.2899
719.569903, 89.623, 178.4254
724.784203, 89.606, 178.5585
730.036288, 89.588, 178.6943
735.326432, 89.569, 178.8369
740.654910, 89.551, 178.9866
746.022001, 89.533, 179.1401
751.427984, 89.517, 179.2947
756.873141, 89.501, 179.4497
762.357756, 89.487, 179.6073
767.882114, 89.473, 179.7690
773.446504, 89.460, 179.9335
779.051217, 89.448, -179.9025
784.696543, 89.436, -179.7412
790.382778, 89.424, -179.5822
796.110217, 89.412, -179.4240
801.879160, 89.399, -179.2651
807.689907, 89.387, -179.1057
813.542761, 89.373, -178.9460
819.438027, 89.359, -178.7850
825.376013, 89.345, -178.6206
831.357028, 89.331, -178.4505
837.381383, 89.317, -178.2746
843.449394, 89.305, -178.0952
849.561376, 89.293, -177.9157
855.717648, 89.283, -177.7380
861.918531, 89.272, -177.5621
868.164348, 89.262, -177.3871
874.455424, 89.252, -177.2129
880.792089, 89.242, -177.0385
887.174671, 89.231, -176.8622
893.603505, 89.220, -176.6827
900.078924, 89.208, -176.5003
906.601267, 89.196, -176.3160
913.170874, 89.184, -176.1301
919.788086, 89.172, -175.9416
926.453250, 89.161, -175.7493
933.166712, 89.150, -175.5525
939.928823, 89.141, -175.3502
946.739934, 89.132, -175.1415
953.600402, 89.125, -174.9257
960.510584, 89.118, -174.7034
967.470839, 89.112, -174.4767
974.481532, 89.106, -174.2482
981.543027, 89.101, -174.0205
988.655692, 89.096, -173.7952
995.819899, 89.092, -173.5732
1003.036020, 89.088, -173.3533
1010.304433, 89.084, -173.1327
1017.625515, 89.081, -172.9087
1024.999649, 89.078, -172.6799
1032.427219, 89.077, -172.4471
1039.908612, 89.076, -172.2139
1047.444219, 89.077, -171.9847
1055.034432, 89.078, -171.7623
1062.679646, 89.080, -171.5472
1070.380261, 89.081, -171.3384
1078.136677, 89.083, -171.1352
1085.949300, 89.085, -170.9376
1093.818536, 89.087, -170.7455
1101.744796, 89.088, -170.5578
1109.728493, 89.090, -170.3724
1117.770043, 89.090, -170.1863
1125.869866, 89.090, -169.9965
1134.028383, 89.089, -169.8007
1142.246020, 89.087, -169.5978
1150.523206, 89.085, -169.3873
1158.860371, 89.082, -169.1686
1167.257951, 89.079, -168.9404
1175.716383, 89.075, -168.7009
1184.236109, 89.072, -168.4480
1192.817572, 89.071, -168.1818
1201.461220, 89.072, -167.9056
1210.167503, 89.076, -167.6251
1218.936876, 89.084, -167.3466
1227.769795, 89.093, -167.0746
1236.666721, 89.104, -166.8115
1245.628118, 89.116, -166.5562
1254.654453, 89.127, -166.3046
1263.746196, 89.139, -166.0520
1272.903822, 89.151, -165.7960
1282.127808, 89.166, -165.5399
1291.418634, 89.183, -165.2935
1300.776786, 89.202, -165.0665
1310.202751, 89.221, -164.8597
1319.697020, 89.237, -164.6621
1329.260089, 89.252, -164.4575
1338.892455, 89.264, -164.2323
1348.594622, 89.277, -163.9821
1358.367094, 89.293, -163.7147
1368.210382, 89.313, -163.4472
1378.124999, 89.338, -163.1975
1388.111461, 89.365, -162.9775
1398.170288, 89.393, -162.7901
1408.302007, 89.420, -162.6297
1418.507144, 89.445, -162.4850
1428.786231, 89.468, -162.3445
1439.139805, 89.489, -162.1997
1449.568405, 89.509, -162.0479
1460.072576, 89.530, -161.8943
1470.652863, 89.551, -161.7484
1481.309820, 89.572, -161.6156
1492.044002, 89.591, -161.4943
1502.855968, 89.609, -161.3787
1513.746282, 89.625, -161.2621
1524.715511, 89.639, -161.1390
1535.764228, 89.651, -161.0028
1546.893009, 89.664, -160.8466
1558.102433, 89.677, -160.6670
1569.393086, 89.693, -160.4698
1580.765555, 89.714, -160.2677
1592.220434, 89.739, -160.0718
1603.758320, 89.769, -159.8859
1615.379813, 89.805, -159.7101
1627.085521, 89.848, -159.5433
1638.876054, 89.901, -159.3848
1650.752025, 89.965, -159.2357
1662.714055, 90.040, -159.0981
1674.762766, 90.122, -158.9772
1686.898788, 90.207, -158.8796
1699.122752, 90.288, -158.8070
1711.435296, 90.358, -158.7517
1723.837061, 90.414, -158.6992
1736.328695, 90.454, -158.6329
1748.910849, 90.479, -158.5417
1761.584178, 90.492, -158.4227
1774.349343, 90.496, -158.2825
1787.207010, 90.497, -158.1367
1800.157848, 90.496, -158.0029
1813.202534, 90.496, -157.8937
1826.341747, 90.497, -157.8169
1839.576172, 90.500, -157.7786
1852.906500, 90.502, -157.7794
1866.333424, 90.501, -157.8109
1879.857645, 90.495, -157.8591
1893.479869, 90.483, -157.9091
1907.200804, 90.465, -157.9504
1921.021168, 90.441, -157.9774
1934.941679, 90.413, -157.9885
1948.963064, 90.384, -157.9888
1963.086054, 90.352, -157.9863
1977.311384, 90.320, -157.9841
1991.639798, 90.287, -157.9767
2006.072041, 90.254, -157.9581
2020.608866, 90.223, -157.9354
2035.251031, 90.194, -157.9280
2049.999299, 90.165, -157.9524
2064.854438, 90.134, -158.0091
2079.817225, 90.096, -158.0865
2094.888438, 90.053, -158.1689
2110.068863, 90.006, -158.2461
2125.359292, 89.957, -158.3220
2140.760521, 89.906, -158.4120
2156.273355, 89.853, -158.5291
2171.898600, 89.794, -158.6726
2187.637073, 89.728, -158.8287
2203.489593, 89.654, -158.9766
2219.456987, 89.572, -159.0967
2235.540087, 89.488, -159.1807
2251.739732, 89.403, -159.2390
2268.056766, 89.320, -159.2927
2284.492041, 89.239, -159.3596
2301.046412, 89.158, -159.4500
2317.720742, 89.076, -159.5621
2334.515902, 88.990, -159.6758
2351.432767, 88.902, -159.7627
2368.472218, 88.815, -159.8111
2385.635144, 88.730, -159.8314
2402.922440, 88.647, -159.8374
2420.335006, 88.562, -159.8219
2437.873752, 88.473, -159.7587
2455.539590, 88.381, -159.6254
2473.333442, 88.289, -159.4174
2491.256235, 88.200, -159.1444
2509.308905, 88.115, -158.8270
2527.492392, 88.035, -158.4886
2545.807644, 87.959, -158.1431
2564.255615, 87.885, -157.7914
2582.837268, 87.811, -157.4235
2601.553572, 87.735, -157.0073
2620.405502, 87.662, -156.4913
2639.394040, 87.598, -155.8411
2658.520177, 87.555, -155.0646
2677.784910, 87.541, -154.2120
2697.189244, 87.558, -153.3655
2716.734189, 87.601, -152.6108
2736.420765, 87.655, -151.9990
2756.249998, 87.707, -151.5240
2776.222921, 87.741, -151.1201
2796.340577, 87.753, -150.6772
2816.604013, 87.744, -150.0769
2837.014287, 87.727, -149.2394
2857.572462, 87.716, -148.1519
2878.279610, 87.723, -146.8644
2899.136811, 87.754, -145.4656
2920.145151, 87.804, -144.0488
2941.305727, 87.867, -142.6773
2962.619641, 87.932, -141.3666
2984.088004, 87.990, -140.0798
3005.711935, 88.040, -138.7406
3027.492563, 88.085, -137.2621
3049.431022, 88.139, -135.5842
3071.528457, 88.221, -133.7273
3093.786018, 88.344, -131.8113
3116.204867, 88.507, -130.0031
3138.786172, 88.698, -128.4247
3161.531110, 88.898, -127.0908
3184.440868, 89.096, -125.9249
3207.516639, 89.291, -124.8191
3230.759627, 89.490, -123.6891
3254.171043, 89.706, -122.5059
3277.752108, 89.950, -121.3090
3301.504051, 90.226, -120.1966
3325.428110, 90.530, -119.2793
3349.525533, 90.847, -118.6240
3373.797576, 91.164, -118.2227
3398.245504, 91.473, -118.0035
3422.870591, 91.775, -117.8832
3447.674123, 92.078, -117.8205
3472.657391, 92.390, -117.8254
3497.821698, 92.714, -117.9390
3523.168356, 93.049, -118.2137
3548.698686, 93.388, -118.6950
3574.414019, 93.723, -119.3983
3600.315697, 94.047, -120.2983
3626.405068, 94.361, -121.3499
3652.683494, 94.669, -122.5298
3679.152345, 94.976, -123.8607
3705.812999, 95.281, -125.3893
3732.666848, 95.579, -127.1525
3759.715291, 95.863, -129.1664
3786.959737, 96.126, -131.4281
3814.401609, 96.362, -133.9174
3842.042335, 96.565, -136.5965
3869.883358, 96.734, -139.4190
3897.926128, 96.872, -142.3478
3926.172107, 96.981, -145.3624
3954.622769, 97.059, -148.4499
3983.279596, 97.103, -151.5865
4012.144082, 97.113, -154.7330
4041.217732, 97.088, -157.8432
4070.502061, 97.034, -160.8777
4099.998597, 96.954, -163.8158
4129.708877, 96.853, -166.6580
4159.634450, 96.730, -169.4124
4189.776876, 96.584, -172.0699
4220.137726, 96.413, -174.6010
4250.718584, 96.217, -176.9734
4281.521043, 96.002, -179.1718
4312.546709, 95.774, 178.7989
4343.797200, 95.534, 176.9233
4375.274146, 95.286, 175.1871
4406.979186, 95.029, 173.5812
4438.913974, 94.766, 172.0989
4471.080174, 94.499, 170.7311
4503.479464, 94.229, 169.4669
4536.113533, 93.958, 168.3007
4568.984081, 93.686, 167.2334
4602.092823, 93.417, 166.2661
4635.441485, 93.154, 165.3885
4669.031805, 92.900, 164.5799
4702.865534, 92.656, 163.8204
4736.944436, 92.420, 163.1027
4771.270288, 92.192, 162.4325
4805.844880, 91.972, 161.8174
4840.670013, 91.764, 161.2563
4875.747503, 91.567, 160.7361
4911.079179, 91.382, 160.2391
4946.666884, 91.206, 159.7565
4982.512471, 91.035, 159.2942
5018.617810, 90.869, 158.8634
5054.984784, 90.706, 158.4698
5091.615287, 90.546, 158.1127
5128.511230, 90.388, 157.7927
5165.674537, 90.228, 157.5203
5203.107144, 90.068, 157.3098
5240.811003, 89.911, 157.1625
5278.788080, 89.758, 157.0560
5317.040355, 89.610, 156.9529
5355.569821, 89.461, 156.8200
5394.378487, 89.306, 156.6403
5433.468378, 89.142, 156.4049
5472.841529, 88.961, 156.1022
5512.499995, 88.759, 155.7229
5552.445842, 88.526, 155.2771
5592.681154, 88.254, 154.8025
5633.208027, 87.933, 154.3667
5674.028574, 87.559, 154.0729
5715.144924, 87.127, 154.0679
5756.559221, 86.643, 154.5400
5798.273622, 86.123, 155.6868
5840.290302, 85.600, 157.6549
5882.611454, 85.116, 160.4669
5925.239281, 84.718, 163.9636
5968.176007, 84.444, 167.8130
6011.423871, 84.305, 171.6056
6054.985126, 84.289, 174.9810
6098.862045, 84.364, 177.7123
6143.056913, 84.491, 179.7214
6187.572036, 84.630, -178.9427
6232.409733, 84.756, -178.1517
6277.572344, 84.851, -177.7579
6323.062220, 84.908, -177.6295
6368.881736, 84.925, -177.6566
6415.033278, 84.906, -177.7535
6461.519254, 84.856, -177.8659
6508.342086, 84.780, -177.9675
6555.504216, 84.680, -178.0443
6603.008102, 84.560, -178.0803
6650.856220, 84.420, -178.0546
6699.051066, 84.261, -177.9388
6747.595151, 84.086, -177.6971
6796.491007, 83.897, -177.2932
6845.741183, 83.700, -176.6961
6895.348246, 83.499, -175.8726
6945.314781, 83.301, -174.7836
6995.643395, 83.118, -173.3961
7046.336711, 82.961, -171.6956
7097.397372, 82.849, -169.6961
7148.828039, 82.798, -167.4583
7200.631394, 82.825, -165.0984
7252.810137, 82.939, -162.7712
7305.366989, 83.141, -160.6410
7358.304690, 83.425, -158.8673
7411.625999, 83.776, -157.5854
7465.333696, 84.174, -156.8768
7519.430581, 84.596, -156.7654
7573.919475, 85.024, -157.2357
7628.803218, 85.441, -158.2443
7684.084670, 85.834, -159.7304
7739.766716, 86.194, -161.6305
7795.852256, 86.513, -163.8821
7852.344215, 86.786, -166.4238
7909.245538, 87.010, -169.1984
7966.559191, 87.181, -172.1517
8024.288163, 87.299, -175.2274
8082.435463, 87.365, -178.3673
8141.004122, 87.380, 178.4827
8199.997194, 87.350, 175.3687
8259.417754, 87.282, 172.3276
8319.268900, 87.183, 169.3828
8379.553752, 87.063, 166.5401
8440.275452, 86.931, 163.7902
8501.437168, 86.793, 161.1111
8563.042086, 86.655, 158.4701
8625.093419, 86.520, 155.8307
8687.594401, 86.387, 153.1631
8750.548291, 86.254, 150.4470
8813.958371, 86.117, 147.6706
8877.827947, 85.973, 144.8322
8942.160348, 85.819, 141.9366
9006.958928, 85.653, 138.9919
9072.227065, 85.474, 136.0073
9137.968162, 85.282, 132.9896
9204.185647, 85.077, 129.9415
9270.882970, 84.859, 126.8627
9338.063610, 84.628, 123.7563
9405.731068, 84.382, 120.6359
9473.888873, 84.121, 117.5292
9542.540577, 83.847, 114.4743
9611.689759, 83.567, 111.5094
9681.340025, 83.293, 108.6597
9751.495006, 83.039, 105.9229
9822.158359, 82.825, 103.2552
9893.333767, 82.666, 100.5714
9965.024942, 82.572, 97.7568
10037.235620, 82.542, 94.6882
10109.969567, 82.567, 91.2593
10183.230574, 82.628, 87.4055
10257.022461, 82.706, 83.1125
10331.349074, 82.781, 78.4114
10406.214288, 82.840, 73.3668
10481.622007, 82.873, 68.0593
10557.576160, 82.877, 62.5723
10634.080709, 82.851, 56.9833
10711.139642, 82.797, 51.3623
10788.756975, 82.717, 45.7747
10866.936755, 82.616, 40.2749
10945.683059, 82.500, 34.9071
11024.999990, 82.376, 29.7025
11104.891685, 82.249, 24.6786
11185.362308, 82.123, 19.8437
11266.416054, 82.003, 15.1967
11348.057149, 81.891, 10.7305
11430.289849, 81.789, 6.4333
11513.118441, 81.699, 2.2919
11596.547243, 81.622, -1.7092
11680.580605, 81.561, -5.5872
11765.222907, 81.518, -9.3638
11850.478562, 81.495, -13.0630
11936.352015, 81.494, -16.7070
12022.847742, 81.519, -20.3207
12109.970253, 81.574, -23.9314
12197.724089, 81.661, -27.5712
12286.113826, 81.786, -31.2778
12375.144072, 81.951, -35.0944
12464.819467, 82.158, -39.0681
12555.144687, 82.409, -43.2496
12646.124441, 82.701, -47.6917
12737.763472, 83.032, -52.4468
12830.066557, 83.398, -57.5655
12923.038508, 83.790, -63.0948
13016.684172, 84.198, -69.0762
13111.008431, 84.611, -75.5437
13206.016203, 85.014, -82.5204
13301.712440, 85.393, -90.0153
13398.102132, 85.732, -98.0205
13495.190303, 86.014, -106.5115
13592.982015, 86.226, -115.4465
13691.482366, 86.351, -124.7661
13790.696491, 86.378, -134.3928
13890.629563, 86.296, -144.2311
13991.286791, 86.097, -154.1669
14092.673422, 85.776, -164.0729
14194.794743, 85.333, -173.8124
14297.656077, 84.772, 176.7576
14401.262787, 84.101, 167.7847
14505.620274, 83.333, 159.4202
14610.733978, 82.492, 151.8121
14716.609379, 81.618, 145.0811
14823.251997, 80.772, 139.2612
14930.667392, 80.048, 134.2185
15038.861162, 79.545, 129.5931
15147.838950, 79.330, 124.8519
15257.606435, 79.396, 119.4590
15368.169341, 79.668, 113.0449
15479.533431, 80.046, 105.4615
15591.704511, 80.440, 96.7391
15704.688430, 80.788, 87.0140
15818.491076, 81.047, 76.4800
15933.118383, 81.198, 65.3628
16048.576327, 81.240, 53.9019
16164.870926, 81.201, 42.3181
16282.008245, 81.135, 30.7542
16399.994388, 81.119, 19.2050
16518.835508, 81.213, 7.4973
16638.537799, 81.438, -4.6372
16759.107503, 81.762, -17.4435
16880.550905, 82.131, -31.0685
17002.874335, 82.495, -45.5638
17126.084171, 82.813, -60.9156
17250.186837, 83.060, -77.0786
17375.188802, 83.216, -93.9910
17501.096582, 83.271, -111.5847
17627.916743, 83.218, -129.7899
17755.655894, 83.052, -148.5375
17884.320696, 82.771, -167.7551
18013.917856, 82.372, 172.6373
18144.454131, 81.863, 152.7310
18275.936325, 81.273, 132.6110
18408.371293, 80.676, 112.3152
18541.765940, 80.204, 91.7679
18676.127219, 80.014, 70.6965
18811.462136, 80.190, 48.6271
18947.777745, 80.661, 25.0002
19085.081153, 81.267, -0.8066
19223.379519, 81.863, -30.0093
19362.680051, 82.368, -66.0961
19502.990012, 82.748, -115.1613
19644.316718, 83.000, -165.9670
19786.667534, 83.142, 163.0663
19930.049884, 83.202, 149.5488
