* Measurement data measured by REW V5.40 beta 55
* Source: EXCL: Headset (USB-C to 3.5mm Headphone Jack Adapter), MICROPHONE (Master Volume), 0, volume: 0.260
* Format: 256k Log Swept Sine, 1 sweep at -6.0 dBFS with no timing reference
* Dated: Jan 12, 2025 7:34:48 PM
* REW Settings:
*  C-weighting compensation: Off
*  Target level: 75.0 dB
* Note: ; 
* Measurement: Right 1
* Smoothing: 1/12 octave
* Frequency Step: 96 ppo
* Start Frequency: 20.0 Hz
*
* Freq(Hz), SPL(dB), Phase(degrees)
20.033247, 75.749, 13.9066
20.178416, 75.893, 12.9622
20.324637, 76.033, 11.9928
20.471918, 76.168, 11.0000
20.620266, 76.294, 9.9928
20.769689, 76.409, 8.9863
20.920195, 76.514, 8.0015
21.071791, 76.607, 7.0612
21.224486, 76.692, 6.1890
21.378287, 76.772, 5.4041
21.533203, 76.852, 4.7187
21.689242, 76.936, 4.1344
21.846411, 77.032, 3.6402
22.004719, 77.142, 3.2125
22.164174, 77.271, 2.8173
22.324785, 77.418, 2.4146
22.486559, 77.581, 1.9653
22.649506, 77.755, 1.4369
22.813634, 77.934, 0.8097
22.978951, 78.111, 0.0792
23.145466, 78.279, -0.7421
23.313188, 78.433, -1.6273
23.482124, 78.569, -2.5379
23.652286, 78.686, -3.4288
23.823680, 78.787, -4.2544
23.996316, 78.877, -4.9741
24.170203, 78.962, -5.5602
24.345351, 79.053, -6.0031
24.521767, 79.157, -6.3159
24.699462, 79.282, -6.5353
24.878444, 79.434, -6.7173
25.058724, 79.613, -6.9288
25.240310, 79.814, -7.2355
25.423211, 80.029, -7.6904
25.607438, 80.249, -8.3247
25.793000, 80.462, -9.1437
25.979907, 80.656, -10.1276
26.168168, 80.825, -11.2355
26.357794, 80.963, -12.4105
26.548793, 81.067, -13.5880
26.741176, 81.140, -14.7014
26.934954, 81.187, -15.6903
27.130136, 81.216, -16.5074
27.326732, 81.239, -17.1260
27.524753, 81.266, -17.5448
27.724208, 81.308, -17.7907
27.925110, 81.374, -17.9148
28.127466, 81.467, -17.9839
28.331290, 81.586, -18.0679
28.536590, 81.726, -18.2255
28.743378, 81.879, -18.4951
28.951664, 82.035, -18.8901
29.161460, 82.188, -19.4009
29.372776, 82.332, -20.0017
29.585623, 82.465, -20.6583
29.800013, 82.587, -21.3375
30.015956, 82.701, -22.0138
30.233464, 82.811, -22.6735
30.452548, 82.919, -23.3159
30.673220, 83.028, -23.9498
30.895490, 83.139, -24.5892
31.119372, 83.251, -25.2457
31.344876, 83.361, -25.9243
31.572014, 83.467, -26.6200
31.800797, 83.568, -27.3192
32.031239, 83.663, -28.0034
32.263351, 83.755, -28.6550
32.497144, 83.846, -29.2626
32.732632, 83.941, -29.8257
32.969826, 84.042, -30.3545
33.208739, 84.152, -30.8680
33.449383, 84.269, -31.3876
33.691771, 84.392, -31.9313
33.935916, 84.519, -32.5089
34.181829, 84.646, -33.1202
34.429525, 84.770, -33.7574
34.679015, 84.891, -34.4083
34.930314, 85.009, -35.0615
35.183433, 85.125, -35.7094
35.438387, 85.239, -36.3489
35.695188, 85.352, -36.9800
35.953850, 85.463, -37.6034
36.214387, 85.573, -38.2172
36.476811, 85.680, -38.8170
36.741137, 85.786, -39.3981
37.007378, 85.892, -39.9589
37.275549, 86.000, -40.5039
37.545663, 86.110, -41.0454
37.817734, 86.222, -41.5998
38.091777, 86.335, -42.1820
38.367806, 86.445, -42.7993
38.645835, 86.550, -43.4463
38.925879, 86.645, -44.1058
39.207952, 86.733, -44.7538
39.492069, 86.813, -45.3684
39.778244, 86.892, -45.9387
40.066494, 86.973, -46.4695
40.356832, 87.059, -46.9814
40.649275, 87.152, -47.5032
40.943836, 87.249, -48.0610
41.240532, 87.347, -48.6687
41.539378, 87.441, -49.3237
41.840389, 87.528, -50.0090
42.143582, 87.608, -50.7007
42.448972, 87.683, -51.3770
42.756574, 87.756, -52.0249
43.066406, 87.830, -52.6443
43.378483, 87.907, -53.2446
43.692822, 87.988, -53.8403
44.009438, 88.073, -54.4445
44.328348, 88.161, -55.0647
44.649570, 88.248, -55.7023
44.973119, 88.334, -56.3529
45.299013, 88.418, -57.0085
45.627268, 88.499, -57.6594
45.957902, 88.577, -58.2950
46.290932, 88.654, -58.9055
46.626375, 88.729, -59.4834
46.964249, 88.806, -60.0258
47.304571, 88.886, -60.5358
47.647360, 88.971, -61.0236
47.992632, 89.061, -61.5046
48.340407, 89.157, -61.9968
48.690701, 89.258, -62.5161
49.043534, 89.360, -63.0735
49.398924, 89.461, -63.6719
49.756889, 89.558, -64.3071
50.117447, 89.652, -64.9691
50.480619, 89.740, -65.6457
50.846423, 89.824, -66.3265
51.214877, 89.905, -67.0055
51.586001, 89.984, -67.6813
51.959814, 90.061, -68.3542
52.336336, 90.137, -69.0228
52.715587, 90.210, -69.6813
53.097586, 90.282, -70.3210
53.482353, 90.353, -70.9352
53.869908, 90.426, -71.5230
54.260272, 90.503, -72.0909
54.653464, 90.582, -72.6487
55.049506, 90.663, -73.2043
55.448417, 90.746, -73.7605
55.850219, 90.828, -74.3167
56.254933, 90.909, -74.8723
56.662579, 90.988, -75.4271
57.073180, 91.064, -75.9761
57.486755, 91.136, -76.5065
57.903328, 91.207, -77.0028
58.322919, 91.280, -77.4617
58.745551, 91.361, -77.9062
59.171246, 91.451, -78.3855
59.600025, 91.547, -78.9521
60.031911, 91.639, -79.6318
60.466927, 91.718, -80.4064
60.905096, 91.781, -81.2242
61.346439, 91.830, -82.0295
61.790981, 91.870, -82.7887
62.238744, 91.909, -83.4996
62.689751, 91.951, -84.1799
63.144027, 91.998, -84.8492
63.601595, 92.049, -85.5189
64.062478, 92.104, -86.1941
64.526701, 92.163, -86.8783
64.994288, 92.225, -87.5745
65.465264, 92.289, -88.2821
65.939652, 92.354, -88.9969
66.417478, 92.419, -89.7129
66.898766, 92.485, -90.4256
67.383542, 92.550, -91.1327
67.871831, 92.615, -91.8321
68.363659, 92.679, -92.5209
68.859050, 92.741, -93.1974
69.358031, 92.803, -93.8625
69.860628, 92.864, -94.5187
70.366867, 92.922, -95.1674
70.876774, 92.978, -95.8079
71.390376, 93.032, -96.4386
71.907700, 93.084, -97.0592
72.428773, 93.134, -97.6722
72.953622, 93.183, -98.2812
73.482274, 93.230, -98.8901
74.014757, 93.277, -99.5018
74.551098, 93.323, -100.1186
75.091326, 93.369, -100.7424
75.635469, 93.414, -101.3746
76.183555, 93.459, -102.0167
76.735612, 93.504, -102.6697
77.291670, 93.549, -103.3334
77.851757, 93.593, -104.0058
78.415903, 93.636, -104.6823
78.984137, 93.679, -105.3573
79.556489, 93.721, -106.0255
80.132988, 93.762, -106.6826
80.713665, 93.803, -107.3264
81.298549, 93.843, -107.9569
81.887672, 93.884, -108.5762
82.481064, 93.924, -109.1876
83.078756, 93.964, -109.7953
83.680778, 94.004, -110.4048
84.287164, 94.042, -111.0222
84.897943, 94.080, -111.6516
85.513149, 94.114, -112.2935
86.132812, 94.147, -112.9434
86.756966, 94.177, -113.5947
87.385643, 94.205, -114.2416
88.018875, 94.232, -114.8808
88.656696, 94.260, -115.5111
89.299139, 94.288, -116.1320
89.946238, 94.317, -116.7427
90.598025, 94.346, -117.3443
91.254536, 94.377, -117.9386
91.915804, 94.407, -118.5282
92.581864, 94.437, -119.1157
93.252750, 94.466, -119.7034
93.928498, 94.494, -120.2935
94.609143, 94.520, -120.8875
95.294719, 94.544, -121.4855
95.985264, 94.566, -122.0861
96.680813, 94.586, -122.6881
97.381402, 94.604, -123.2909
98.087068, 94.622, -123.8951
98.797847, 94.640, -124.5007
99.513777, 94.656, -125.1063
100.234895, 94.672, -125.7092
100.961238, 94.688, -126.3077
101.692845, 94.703, -126.9007
102.429753, 94.718, -127.4873
103.172002, 94.733, -128.0685
103.919628, 94.749, -128.6467
104.672673, 94.763, -129.2233
105.431174, 94.777, -129.7975
106.195172, 94.790, -130.3671
106.964706, 94.802, -130.9307
107.739816, 94.814, -131.4896
108.520543, 94.826, -132.0461
109.306928, 94.836, -132.6006
110.099011, 94.847, -133.1520
110.896834, 94.856, -133.7003
111.700438, 94.865, -134.2462
112.509866, 94.872, -134.7908
113.325158, 94.879, -135.3341
114.146359, 94.885, -135.8757
114.973511, 94.889, -136.4137
115.806656, 94.893, -136.9472
116.645839, 94.896, -137.4774
117.491103, 94.900, -138.0063
118.342492, 94.903, -138.5349
119.200050, 94.908, -139.0614
120.063823, 94.913, -139.5861
120.933855, 94.920, -140.1124
121.810191, 94.927, -140.6425
122.692878, 94.933, -141.1744
123.581962, 94.938, -141.7041
124.477487, 94.942, -142.2297
125.379503, 94.943, -142.7516
126.288054, 94.942, -143.2704
127.203189, 94.940, -143.7852
128.124956, 94.935, -144.2938
129.053402, 94.930, -144.7946
129.988577, 94.925, -145.2875
130.930527, 94.921, -145.7745
131.879304, 94.917, -146.2578
132.834956, 94.914, -146.7390
133.797533, 94.911, -147.2188
134.767085, 94.907, -147.6974
135.743663, 94.902, -148.1740
136.727317, 94.895, -148.6472
137.718100, 94.888, -149.1163
138.716062, 94.880, -149.5806
139.721255, 94.871, -150.0387
140.733733, 94.862, -150.4893
141.753548, 94.853, -150.9312
142.780753, 94.844, -151.3647
143.815401, 94.835, -151.7928
144.857546, 94.826, -152.2197
145.907244, 94.816, -152.6501
146.964548, 94.807, -153.0875
148.029514, 94.796, -153.5318
149.102197, 94.783, -153.9785
150.182652, 94.769, -154.4220
151.270938, 94.755, -154.8582
152.367109, 94.739, -155.2861
153.471224, 94.724, -155.7078
154.583340, 94.709, -156.1248
155.703515, 94.693, -156.5385
156.831807, 94.677, -156.9494
157.968274, 94.661, -157.3572
159.112978, 94.644, -157.7609
160.265976, 94.627, -158.1594
161.427329, 94.609, -158.5517
162.597098, 94.591, -158.9371
163.775344, 94.573, -159.3159
164.962128, 94.555, -159.6880
166.157511, 94.537, -160.0530
167.361557, 94.519, -160.4102
168.574328, 94.501, -160.7607
169.795887, 94.482, -161.1063
171.026298, 94.463, -161.4476
172.265625, 94.444, -161.7850
173.513933, 94.424, -162.1183
174.771286, 94.405, -162.4467
176.037751, 94.387, -162.7689
177.313393, 94.368, -163.0842
178.598279, 94.351, -163.3943
179.892476, 94.334, -163.7022
181.196051, 94.316, -164.0109
182.509072, 94.298, -164.3215
183.831608, 94.281, -164.6331
185.163728, 94.263, -164.9443
186.505500, 94.245, -165.2549
187.856996, 94.228, -165.5664
189.218285, 94.211, -165.8810
190.589439, 94.193, -166.1995
191.970529, 94.174, -166.5205
193.361626, 94.155, -166.8412
194.762804, 94.136, -167.1586
196.174136, 94.117, -167.4702
197.595694, 94.098, -167.7742
199.027554, 94.079, -168.0699
200.469790, 94.059, -168.3584
201.922477, 94.040, -168.6422
203.385690, 94.019, -168.9240
204.859507, 93.998, -169.2052
206.344003, 93.976, -169.4868
207.839257, 93.954, -169.7693
209.345346, 93.930, -170.0541
210.862348, 93.906, -170.3412
212.390344, 93.881, -170.6298
213.929412, 93.855, -170.9181
215.479633, 93.829, -171.2031
217.041087, 93.802, -171.4811
218.613856, 93.776, -171.7490
220.198022, 93.749, -172.0056
221.793668, 93.722, -172.2516
223.400876, 93.697, -172.4902
225.019731, 93.672, -172.7253
226.650317, 93.647, -172.9598
228.292718, 93.622, -173.1944
229.947022, 93.597, -173.4272
231.613312, 93.571, -173.6549
233.291678, 93.545, -173.8742
234.982206, 93.520, -174.0833
236.684984, 93.495, -174.2841
238.400101, 93.471, -174.4834
240.127646, 93.446, -174.6886
241.867710, 93.419, -174.9022
243.620383, 93.391, -175.1207
245.385757, 93.361, -175.3386
247.163923, 93.331, -175.5505
248.954975, 93.301, -175.7542
250.759005, 93.272, -175.9506
252.576108, 93.243, -176.1434
254.406379, 93.214, -176.3359
256.249912, 93.185, -176.5301
258.106805, 93.156, -176.7264
259.977153, 93.127, -176.9255
261.861055, 93.098, -177.1266
263.758608, 93.070, -177.3262
265.669911, 93.042, -177.5167
267.595065, 93.014, -177.6913
269.534169, 92.985, -177.8483
271.487325, 92.956, -177.9922
273.454634, 92.927, -178.1315
275.436199, 92.898, -178.2722
277.432123, 92.868, -178.4156
279.442511, 92.840, -178.5601
281.467467, 92.811, -178.7038
283.507096, 92.783, -178.8468
285.561505, 92.756, -178.9896
287.630801, 92.728, -179.1318
289.715093, 92.699, -179.2723
291.814488, 92.671, -179.4104
293.929096, 92.642, -179.5445
296.059027, 92.612, -179.6733
298.204393, 92.583, -179.7967
300.365305, 92.555, -179.9166
302.541876, 92.527, 179.9634
304.734219, 92.500, 179.8411
306.942449, 92.474, 179.7179
309.166680, 92.449, 179.5979
311.407029, 92.423, 179.4835
313.663613, 92.396, 179.3737
315.936549, 92.369, 179.2667
318.225955, 92.340, 179.1624
320.531952, 92.312, 179.0618
322.854659, 92.283, 178.9669
325.194197, 92.254, 178.8782
327.550688, 92.224, 178.7953
329.924255, 92.195, 178.7178
332.315022, 92.165, 178.6466
334.723114, 92.136, 178.5823
337.148655, 92.106, 178.5233
339.591774, 92.076, 178.4658
342.052596, 92.046, 178.4061
344.531250, 92.017, 178.3427
347.027865, 91.989, 178.2768
349.542572, 91.961, 178.2099
352.075502, 91.934, 178.1423
354.626786, 91.906, 178.0743
357.196558, 91.878, 178.0078
359.784951, 91.851, 177.9456
362.392101, 91.824, 177.8896
365.018144, 91.796, 177.8401
367.663216, 91.769, 177.7958
370.327455, 91.741, 177.7546
373.011000, 91.713, 177.7147
375.713992, 91.686, 177.6759
378.436570, 91.657, 177.6388
381.178878, 91.629, 177.6047
383.941057, 91.600, 177.5742
386.723252, 91.571, 177.5471
389.525608, 91.541, 177.5225
392.348271, 91.512, 177.5005
395.191389, 91.484, 177.4808
398.055108, 91.455, 177.4623
400.939580, 91.427, 177.4447
403.844953, 91.400, 177.4293
406.771380, 91.372, 177.4174
409.719013, 91.344, 177.4094
412.688006, 91.317, 177.4044
415.678514, 91.290, 177.4019
418.690692, 91.263, 177.4028
421.724697, 91.236, 177.4093
424.780688, 91.209, 177.4220
427.858824, 91.183, 177.4385
430.959265, 91.156, 177.4554
434.082174, 91.130, 177.4704
437.227712, 91.104, 177.4832
440.396044, 91.078, 177.4952
443.587336, 91.052, 177.5089
446.801752, 91.026, 177.5267
450.039462, 91.001, 177.5493
453.300634, 90.975, 177.5757
456.585437, 90.948, 177.6051
459.894043, 90.921, 177.6381
463.226625, 90.894, 177.6763
466.583356, 90.867, 177.7202
469.964411, 90.841, 177.7676
473.369967, 90.815, 177.8156
476.800201, 90.789, 177.8621
480.255292, 90.764, 177.9071
483.735420, 90.740, 177.9508
487.240766, 90.716, 177.9930
490.771513, 90.692, 178.0343
494.327846, 90.670, 178.0767
497.909949, 90.647, 178.1241
501.518010, 90.624, 178.1790
505.152216, 90.600, 178.2397
508.812758, 90.575, 178.3023
512.499825, 90.548, 178.3630
516.213610, 90.521, 178.4213
519.954306, 90.495, 178.4796
523.722109, 90.469, 178.5423
527.517216, 90.444, 178.6140
531.339823, 90.420, 178.6984
535.190130, 90.396, 178.7955
539.068339, 90.373, 178.9002
542.974650, 90.351, 179.0045
546.909268, 90.329, 179.1024
550.872398, 90.309, 179.1932
554.864247, 90.288, 179.2822
558.885022, 90.268, 179.3758
562.934933, 90.249, 179.4788
567.014192, 90.229, 179.5922
571.123010, 90.210, 179.7136
575.261603, 90.191, 179.8399
579.430186, 90.173, 179.9670
583.628976, 90.155, -179.9099
587.858192, 90.138, -179.7935
592.118055, 90.121, -179.6847
596.408786, 90.104, -179.5830
600.730610, 90.088, -179.4872
605.083752, 90.071, -179.3953
609.468438, 90.054, -179.3047
613.884897, 90.038, -179.2125
618.333360, 90.022, -179.1166
622.814059, 90.006, -179.0169
627.327226, 89.990, -178.9151
631.873098, 89.974, -178.8130
636.451911, 89.958, -178.7101
641.063904, 89.942, -178.6038
645.709317, 89.926, -178.4926
650.388393, 89.910, -178.3770
655.101375, 89.895, -178.2591
659.848510, 89.879, -178.1402
664.630044, 89.863, -178.0215
669.446228, 89.846, -177.9043
674.297311, 89.828, -177.7885
679.183547, 89.810, -177.6724
684.105191, 89.790, -177.5525
689.062499, 89.770, -177.4250
694.055730, 89.751, -177.2885
699.085144, 89.734, -177.1447
704.151003, 89.718, -176.9984
709.253572, 89.704, -176.8535
714.393116, 89.690, -176.7106
719.569903, 89.675, -176.5684
724.784203, 89.660, -176.4258
730.036288, 89.644, -176.2823
735.326432, 89.627, -176.1375
740.654910, 89.611, -175.9905
746.022001, 89.594, -175.8395
751.427984, 89.579, -175.6827
756.873141, 89.565, -175.5194
762.357756, 89.552, -175.3513
767.882114, 89.540, -175.1814
773.446504, 89.529, -175.0123
779.051217, 89.518, -174.8463
784.696543, 89.507, -174.6841
790.382778, 89.496, -174.5254
796.110217, 89.485, -174.3690
801.879160, 89.474, -174.2134
807.689907, 89.462, -174.0566
813.542761, 89.451, -173.8962
819.438027, 89.438, -173.7290
825.376013, 89.426, -173.5531
831.357028, 89.413, -173.3685
837.381383, 89.402, -173.1765
843.449394, 89.391, -172.9796
849.561376, 89.382, -172.7812
855.717648, 89.373, -172.5840
861.918531, 89.366, -172.3902
868.164348, 89.359, -172.2017
874.455424, 89.352, -172.0193
880.792089, 89.345, -171.8411
887.174671, 89.338, -171.6648
893.603505, 89.330, -171.4891
900.078924, 89.322, -171.3137
906.601267, 89.313, -171.1370
913.170874, 89.303, -170.9567
919.788086, 89.294, -170.7709
926.453250, 89.284, -170.5787
933.166712, 89.275, -170.3807
939.928823, 89.267, -170.1780
946.739934, 89.260, -169.9705
953.600402, 89.253, -169.7573
960.510584, 89.246, -169.5377
967.470839, 89.241, -169.3126
974.481532, 89.235, -169.0843
981.543027, 89.231, -168.8541
988.655692, 89.227, -168.6223
995.819899, 89.224, -168.3883
1003.036020, 89.221, -168.1515
1010.304433, 89.220, -167.9115
1017.625515, 89.220, -167.6689
1024.999649, 89.221, -167.4243
1032.427219, 89.223, -167.1786
1039.908612, 89.226, -166.9344
1047.444219, 89.231, -166.6964
1055.034432, 89.237, -166.4687
1062.679646, 89.244, -166.2538
1070.380261, 89.250, -166.0513
1078.136677, 89.256, -165.8589
1085.949300, 89.261, -165.6731
1093.818536, 89.264, -165.4901
1101.744796, 89.267, -165.3065
1109.728493, 89.269, -165.1199
1117.770043, 89.271, -164.9298
1125.869866, 89.274, -164.7378
1134.028383, 89.276, -164.5463
1142.246020, 89.277, -164.3558
1150.523206, 89.277, -164.1635
1158.860371, 89.275, -163.9642
1167.257951, 89.272, -163.7530
1175.716383, 89.268, -163.5253
1184.236109, 89.265, -163.2771
1192.817572, 89.262, -163.0073
1201.461220, 89.261, -162.7187
1210.167503, 89.263, -162.4175
1218.936876, 89.268, -162.1118
1227.769795, 89.276, -161.8092
1236.666721, 89.287, -161.5139
1245.628118, 89.299, -161.2260
1254.654453, 89.314, -160.9438
1263.746196, 89.329, -160.6664
1272.903822, 89.347, -160.3958
1282.127808, 89.367, -160.1392
1291.418634, 89.388, -159.9067
1300.776786, 89.409, -159.7042
1310.202751, 89.427, -159.5260
1319.697020, 89.441, -159.3557
1329.260089, 89.451, -159.1736
1338.892455, 89.458, -158.9629
1348.594622, 89.464, -158.7141
1358.367094, 89.472, -158.4293
1368.210382, 89.485, -158.1221
1378.124999, 89.502, -157.8091
1388.111461, 89.523, -157.5032
1398.170288, 89.548, -157.2113
1408.302007, 89.575, -156.9351
1418.507144, 89.604, -156.6763
1428.786231, 89.636, -156.4381
1439.139805, 89.669, -156.2236
1449.568405, 89.701, -156.0338
1460.072576, 89.733, -155.8674
1470.652863, 89.764, -155.7208
1481.309820, 89.791, -155.5881
1492.044002, 89.817, -155.4636
1502.855968, 89.840, -155.3430
1513.746282, 89.860, -155.2222
1524.715511, 89.878, -155.0953
1535.764228, 89.892, -154.9545
1546.893009, 89.905, -154.7919
1558.102433, 89.919, -154.6044
1569.393086, 89.933, -154.3948
1580.765555, 89.951, -154.1685
1592.220434, 89.972, -153.9283
1603.758320, 89.999, -153.6749
1615.379813, 90.034, -153.4117
1627.085521, 90.081, -153.1450
1638.876054, 90.142, -152.8851
1650.752025, 90.218, -152.6451
1662.714055, 90.307, -152.4374
1674.762766, 90.404, -152.2725
1686.898788, 90.502, -152.1549
1699.122752, 90.593, -152.0773
1711.435296, 90.671, -152.0218
1723.837061, 90.733, -151.9655
1736.328695, 90.777, -151.8883
1748.910849, 90.805, -151.7788
1761.584178, 90.821, -151.6332
1774.349343, 90.828, -151.4586
1787.207010, 90.832, -151.2711
1800.157848, 90.836, -151.0892
1813.202534, 90.841, -150.9280
1826.341747, 90.850, -150.7993
1839.576172, 90.860, -150.7120
1852.906500, 90.869, -150.6652
1866.333424, 90.876, -150.6473
1879.857645, 90.877, -150.6428
1893.479869, 90.873, -150.6382
1907.200804, 90.865, -150.6271
1921.021168, 90.853, -150.6091
1934.941679, 90.837, -150.5875
1948.963064, 90.818, -150.5664
1963.086054, 90.797, -150.5449
1977.311384, 90.772, -150.5129
1991.639798, 90.747, -150.4575
2006.072041, 90.723, -150.3780
2020.608866, 90.703, -150.2936
2035.251031, 90.687, -150.2315
2049.999299, 90.671, -150.2066
2064.854438, 90.652, -150.2173
2079.817225, 90.630, -150.2542
2094.888438, 90.604, -150.3090
2110.068863, 90.575, -150.3822
2125.359292, 90.542, -150.4824
2140.760521, 90.504, -150.6158
2156.273355, 90.457, -150.7736
2171.898600, 90.400, -150.9295
2187.637073, 90.331, -151.0486
2203.489593, 90.257, -151.1008
2219.456987, 90.183, -151.0808
2235.540087, 90.116, -151.0201
2251.739732, 90.058, -150.9767
2268.056766, 90.007, -151.0005
2284.492041, 89.955, -151.1093
2301.046412, 89.896, -151.2875
2317.720742, 89.824, -151.4902
2334.515902, 89.740, -151.6536
2351.432767, 89.650, -151.7271
2368.472218, 89.561, -151.7029
2385.635144, 89.478, -151.6083
2402.922440, 89.403, -151.4670
2420.335006, 89.332, -151.2764
2437.873752, 89.266, -151.0261
2455.539590, 89.208, -150.7280
2473.333442, 89.159, -150.4144
2491.256235, 89.115, -150.1204
2509.308905, 89.073, -149.8644
2527.492392, 89.025, -149.6312
2545.807644, 88.970, -149.3779
2564.255615, 88.911, -149.0643
2582.837268, 88.851, -148.6655
2601.553572, 88.797, -148.1559
2620.405502, 88.755, -147.5145
2639.394040, 88.737, -146.7509
2658.520177, 88.751, -145.9161
2677.784910, 88.800, -145.0997
2697.189244, 88.878, -144.4047
2716.734189, 88.970, -143.8976
2736.420765, 89.059, -143.5704
2756.249998, 89.129, -143.3437
2776.222921, 89.175, -143.0989
2796.340577, 89.201, -142.7148
2816.604013, 89.219, -142.1078
2837.014287, 89.244, -141.2650
2857.572462, 89.287, -140.2444
2878.279610, 89.351, -139.1384
2899.136811, 89.434, -138.0326
2920.145151, 89.526, -136.9813
2941.305727, 89.617, -135.9932
2962.619641, 89.700, -135.0354
2984.088004, 89.771, -134.0467
3005.711935, 89.834, -132.9543
3027.492563, 89.897, -131.6985
3049.431022, 89.977, -130.2664
3071.528457, 90.086, -128.7228
3093.786018, 90.231, -127.1970
3116.204867, 90.405, -125.8189
3138.786172, 90.595, -124.6479
3161.531110, 90.788, -123.6575
3184.440868, 90.978, -122.7712
3207.516639, 91.166, -121.9006
3230.759627, 91.363, -120.9814
3254.171043, 91.582, -120.0089
3277.752108, 91.834, -119.0576
3301.504051, 92.118, -118.2526
3325.428110, 92.422, -117.6967
3349.525533, 92.730, -117.4161
3373.797576, 93.031, -117.3558
3398.245504, 93.320, -117.4235
3422.870591, 93.605, -117.5539
3447.674123, 93.894, -117.7335
3472.657391, 94.192, -117.9839
3497.821698, 94.502, -118.3480
3523.168356, 94.823, -118.8824
3548.698686, 95.145, -119.6387
3574.414019, 95.459, -120.6294
3600.315697, 95.757, -121.8134
3626.405068, 96.040, -123.1317
3652.683494, 96.313, -124.5576
3679.152345, 96.584, -126.1135
3705.812999, 96.851, -127.8420
3732.666848, 97.112, -129.7781
3759.715291, 97.360, -131.9449
3786.959737, 97.588, -134.3534
3814.401609, 97.786, -136.9879
3842.042335, 97.948, -139.8000
3869.883358, 98.073, -142.7290
3897.926128, 98.165, -145.7289
3926.172107, 98.228, -148.7774
3954.622769, 98.264, -151.8671
3983.279596, 98.272, -154.9891
4012.144082, 98.249, -158.1207
4041.217732, 98.192, -161.2221
4070.502061, 98.104, -164.2462
4099.998597, 97.987, -167.1530
4129.708877, 97.848, -169.9231
4159.634450, 97.692, -172.5579
4189.776876, 97.521, -175.0668
4220.137726, 97.336, -177.4563
4250.718584, 97.134, -179.7239
4281.521043, 96.915, 178.1428
4312.546709, 96.680, 176.1600
4343.797200, 96.434, 174.3363
4375.274146, 96.181, 172.6620
4406.979186, 95.926, 171.1067
4438.913974, 95.669, 169.6334
4471.080174, 95.410, 168.2224
4503.479464, 95.144, 166.8793
4536.113533, 94.872, 165.6215
4568.984081, 94.598, 164.4594
4602.092823, 94.326, 163.3842
4635.441485, 94.060, 162.3708
4669.031805, 93.799, 161.3986
4702.865534, 93.541, 160.4665
4736.944436, 93.286, 159.5836
4771.270288, 93.036, 158.7546
4805.844880, 92.791, 157.9755
4840.670013, 92.552, 157.2425
4875.747503, 92.318, 156.5589
4911.079179, 92.089, 155.9346
4946.666884, 91.864, 155.3817
4982.512471, 91.648, 154.9024
5018.617810, 91.440, 154.4832
5054.984784, 91.240, 154.1042
5091.615287, 91.046, 153.7521
5128.511230, 90.854, 153.4261
5165.674537, 90.661, 153.1362
5203.107144, 90.468, 152.8906
5240.811003, 90.276, 152.6833
5278.788080, 90.083, 152.4973
5317.040355, 89.889, 152.3140
5355.569821, 89.692, 152.1091
5394.378487, 89.487, 151.8509
5433.468378, 89.269, 151.5078
5472.841529, 89.028, 151.0642
5512.499995, 88.755, 150.5289
5552.445842, 88.439, 149.9293
5592.681154, 88.072, 149.3070
5633.208027, 87.643, 148.7353
5674.028574, 87.142, 148.3403
5715.144924, 86.562, 148.3160
5756.559221, 85.901, 148.9419
5798.273622, 85.172, 150.5992
5840.290302, 84.412, 153.7509
5882.611454, 83.688, 158.7870
5925.239281, 83.103, 165.6984
5968.176007, 82.758, 173.7859
6011.423871, 82.703, -178.2043
6054.985126, 82.908, -171.4512
6098.862045, 83.283, -166.5003
6143.056913, 83.730, -163.2638
6187.572036, 84.178, -161.3656
6232.409733, 84.587, -160.4252
6277.572344, 84.936, -160.1364
6323.062220, 85.217, -160.2492
6368.881736, 85.436, -160.5729
6415.033278, 85.602, -160.9935
6461.519254, 85.725, -161.4586
6508.342086, 85.810, -161.9353
6555.504216, 85.862, -162.3915
6603.008102, 85.886, -162.8004
6650.856220, 85.888, -163.1425
6699.051066, 85.874, -163.4027
6747.595151, 85.848, -163.5762
6796.491007, 85.815, -163.6712
6845.741183, 85.777, -163.6933
6895.348246, 85.736, -163.6340
6945.314781, 85.694, -163.4806
6995.643395, 85.656, -163.2294
7046.336711, 85.627, -162.8865
7097.397372, 85.612, -162.4682
7148.828039, 85.616, -162.0006
7200.631394, 85.642, -161.5105
7252.810137, 85.693, -161.0208
7305.366989, 85.776, -160.5618
7358.304690, 85.893, -160.1838
7411.625999, 86.046, -159.9473
7465.333696, 86.232, -159.9090
7519.430581, 86.447, -160.1163
7573.919475, 86.683, -160.6031
7628.803218, 86.931, -161.3859
7684.084670, 87.184, -162.4694
7739.766716, 87.434, -163.8519
7795.852256, 87.673, -165.5259
7852.344215, 87.894, -167.4771
7909.245538, 88.089, -169.6844
7966.559191, 88.253, -172.1199
8024.288163, 88.379, -174.7493
8082.435463, 88.465, -177.5331
8141.004122, 88.507, 179.5739
8199.997194, 88.506, 176.6212
8259.417754, 88.463, 173.6581
8319.268900, 88.383, 170.7278
8379.553752, 88.274, 167.8613
8440.275452, 88.145, 165.0704
8501.437168, 88.003, 162.3457
8563.042086, 87.856, 159.6648
8625.093419, 87.707, 156.9987
8687.594401, 87.557, 154.3188
8750.548291, 87.405, 151.6052
8813.958371, 87.249, 148.8483
8877.827947, 87.086, 146.0461
8942.160348, 86.916, 143.2011
9006.958928, 86.737, 140.3156
9072.227065, 86.551, 137.3875
9137.968162, 86.358, 134.4086
9204.185647, 86.160, 131.3646
9270.882970, 85.956, 128.2419
9338.063610, 85.745, 125.0312
9405.731068, 85.527, 121.7313
9473.888873, 85.301, 118.3492
9542.540577, 85.070, 114.8972
9611.689759, 84.840, 111.3836
9681.340025, 84.620, 107.8022
9751.495006, 84.422, 104.1219
9822.158359, 84.259, 100.2807
9893.333767, 84.138, 96.1932
9965.024942, 84.063, 91.7678
10037.235620, 84.028, 86.9203
10109.969567, 84.025, 81.5861
10183.230574, 84.041, 75.7308
10257.022461, 84.062, 69.3521
10331.349074, 84.073, 62.4789
10406.214288, 84.065, 55.1638
10481.622007, 84.030, 47.4745
10557.576160, 83.964, 39.4899
10634.080709, 83.864, 31.2913
10711.139642, 83.733, 22.9595
10788.756975, 83.571, 14.5735
10866.936755, 83.382, 6.2053
10945.683059, 83.169, -2.0831
11024.999990, 82.934, -10.2385
11104.891685, 82.681, -18.2167
11185.362308, 82.411, -25.9831
11266.416054, 82.125, -33.5121
11348.057149, 81.825, -40.7877
11430.289849, 81.510, -47.7991
11513.118441, 81.181, -54.5430
11596.547243, 80.837, -61.0219
11680.580605, 80.478, -67.2415
11765.222907, 80.103, -73.2089
11850.478562, 79.713, -78.9303
11936.352015, 79.308, -84.4088
12022.847742, 78.890, -89.6456
12109.970253, 78.459, -94.6411
12197.724089, 78.020, -99.3939
12286.113826, 77.575, -103.8989
12375.144072, 77.129, -108.1464
12464.819467, 76.688, -112.1244
12555.144687, 76.263, -115.8199
12646.124441, 75.868, -119.2271
12737.763472, 75.525, -122.3616
12830.066557, 75.262, -125.2750
12923.038508, 75.108, -128.0676
13016.684172, 75.092, -130.8979
13111.008431, 75.231, -133.9780
13206.016203, 75.525, -137.5463
13301.712440, 75.949, -141.8323
13398.102132, 76.464, -147.0215
13495.190303, 77.020, -153.2273
13592.982015, 77.568, -160.4817
13691.482366, 78.063, -168.7402
13790.696491, 78.473, -177.8975
13890.629563, 78.774, 172.1914
13991.286791, 78.953, 161.6902
14092.673422, 79.005, 150.7648
14194.794743, 78.928, 139.5750
14297.656077, 78.725, 128.2727
14401.262787, 78.400, 117.0044
14505.620274, 77.957, 105.9128
14610.733978, 77.403, 95.1458
14716.609379, 76.744, 84.8633
14823.251997, 75.989, 75.2457
14930.667392, 75.161, 66.4894
15038.861162, 74.301, 58.7838
15147.838950, 73.488, 52.2610
15257.606435, 72.844, 46.9026
15368.169341, 72.523, 42.4137
15479.533431, 72.633, 38.1547
15591.704511, 73.150, 33.2736
15704.688430, 73.918, 27.0261
15818.491076, 74.746, 19.0371
15933.118383, 75.480, 9.3282
16048.576327, 76.015, -1.7855
16164.870926, 76.293, -13.8121
16282.008245, 76.288, -26.1620
16399.994388, 76.019, -38.2322
16518.835508, 75.555, -49.5435
16638.537799, 75.028, -59.9235
16759.107503, 74.604, -69.6187
16880.550905, 74.410, -79.2072
17002.874335, 74.463, -89.3214
17126.084171, 74.669, -100.3752
17250.186837, 74.905, -112.4730
17375.188802, 75.078, -125.4790
17501.096582, 75.154, -139.1296
17627.916743, 75.164, -153.1317
17755.655894, 75.206, -167.2565
17884.320696, 75.432, 178.5441
18013.917856, 75.969, 164.0187
18144.454131, 76.824, 148.6064
18275.936325, 77.871, 131.6240
18408.371293, 78.949, 112.5581
18541.765940, 79.946, 91.2260
18676.127219, 80.809, 67.7083
18811.462136, 81.522, 42.2175
18947.777745, 82.087, 15.0012
19085.081153, 82.515, -13.7937
19223.379519, 82.815, -44.5660
19362.680051, 82.999, -79.7355
19502.990012, 83.076, -127.7406
19644.316718, 83.067, 169.4233
19786.667534, 83.007, 128.7477
19930.049884, 82.954, 112.4023
