* Measurement data measured by REW V5.40 beta 55
* Source: EXCL: Headset (USB-C to 3.5mm Headphone Jack Adapter), MICROPHONE (Master Volume), 0, volume: 0.260
* Format: 256k Log Swept Sine, 1 sweep at -6.0 dBFS with no timing reference
* Dated: Jan 12, 2025 7:43:24 PM
* REW Settings:
*  C-weighting compensation: Off
*  Target level: 75.0 dB
* Note: ; 
* Measurement: Right 18
* Smoothing: 1/12 octave
* Frequency Step: 96 ppo
* Start Frequency: 20.0 Hz
*
* Freq(Hz), SPL(dB), Phase(degrees)
20.033247, 78.415, 2.6976
20.178416, 78.599, 2.2936
20.324637, 78.782, 1.7982
20.471918, 78.960, 1.2162
20.620266, 79.129, 0.5606
20.769689, 79.286, -0.1495
20.920195, 79.430, -0.8917
21.071791, 79.561, -1.6428
21.224486, 79.680, -2.3820
21.378287, 79.790, -3.0925
21.533203, 79.894, -3.7642
21.689242, 79.994, -4.3938
21.846411, 80.094, -4.9851
22.004719, 80.195, -5.5477
22.164174, 80.300, -6.0946
22.324785, 80.407, -6.6398
22.486559, 80.517, -7.1949
22.649506, 80.628, -7.7670
22.813634, 80.738, -8.3575
22.978951, 80.846, -8.9616
23.145466, 80.951, -9.5703
23.313188, 81.054, -10.1724
23.482124, 81.156, -10.7579
23.652286, 81.261, -11.3223
23.823680, 81.371, -11.8684
23.996316, 81.490, -12.4088
24.170203, 81.620, -12.9651
24.345351, 81.761, -13.5657
24.521767, 81.911, -14.2401
24.699462, 82.067, -15.0140
24.878444, 82.222, -15.9032
25.058724, 82.370, -16.9087
25.240310, 82.503, -18.0150
25.423211, 82.615, -19.1901
25.607438, 82.701, -20.3869
25.793000, 82.761, -21.5483
25.979907, 82.796, -22.6119
26.168168, 82.811, -23.5181
26.357794, 82.815, -24.2174
26.548793, 82.820, -24.6814
26.741176, 82.839, -24.9101
26.934954, 82.886, -24.9371
27.130136, 82.970, -24.8279
27.326732, 83.094, -24.6698
27.524753, 83.257, -24.5549
27.724208, 83.451, -24.5627
27.925110, 83.663, -24.7444
28.127466, 83.881, -25.1183
28.331290, 84.093, -25.6705
28.536590, 84.290, -26.3638
28.743378, 84.469, -27.1472
28.951664, 84.626, -27.9668
29.161460, 84.766, -28.7744
29.372776, 84.892, -29.5341
29.585623, 85.010, -30.2263
29.800013, 85.125, -30.8481
30.015956, 85.242, -31.4110
30.233464, 85.364, -31.9352
30.452548, 85.490, -32.4443
30.673220, 85.621, -32.9595
30.895490, 85.755, -33.4960
31.119372, 85.888, -34.0618
31.344876, 86.020, -34.6592
31.572014, 86.149, -35.2868
31.800797, 86.275, -35.9417
32.031239, 86.397, -36.6215
32.263351, 86.514, -37.3238
32.497144, 86.626, -38.0461
32.732632, 86.733, -38.7841
32.969826, 86.833, -39.5305
33.208739, 86.926, -40.2751
33.449383, 87.014, -41.0061
33.691771, 87.096, -41.7119
33.935916, 87.177, -42.3841
34.181829, 87.257, -43.0190
34.429525, 87.340, -43.6196
34.679015, 87.427, -44.1945
34.930314, 87.521, -44.7566
35.183433, 87.621, -45.3208
35.438387, 87.727, -45.9005
35.695188, 87.838, -46.5059
35.953850, 87.951, -47.1428
36.214387, 88.065, -47.8126
36.476811, 88.179, -48.5125
36.741137, 88.290, -49.2365
37.007378, 88.397, -49.9768
37.275549, 88.502, -50.7243
37.545663, 88.602, -51.4698
37.817734, 88.700, -52.2053
38.091777, 88.794, -52.9246
38.367806, 88.888, -53.6248
38.645835, 88.981, -54.3066
38.925879, 89.075, -54.9739
39.207952, 89.169, -55.6323
39.492069, 89.264, -56.2874
39.778244, 89.358, -56.9426
40.066494, 89.452, -57.5991
40.356832, 89.544, -58.2548
40.649275, 89.635, -58.9067
40.943836, 89.724, -59.5529
41.240532, 89.813, -60.1934
41.539378, 89.902, -60.8306
41.840389, 89.991, -61.4684
42.143582, 90.079, -62.1096
42.448972, 90.167, -62.7548
42.756574, 90.254, -63.4022
43.066406, 90.339, -64.0497
43.378483, 90.425, -64.6970
43.692822, 90.511, -65.3470
44.009438, 90.597, -66.0057
44.328348, 90.681, -66.6777
44.649570, 90.764, -67.3625
44.973119, 90.841, -68.0516
45.299013, 90.914, -68.7292
45.627268, 90.983, -69.3787
45.957902, 91.050, -69.9885
46.290932, 91.120, -70.5594
46.626375, 91.194, -71.1047
46.964249, 91.274, -71.6456
47.304571, 91.359, -72.2023
47.647360, 91.445, -72.7863
47.992632, 91.530, -73.3970
48.340407, 91.612, -74.0254
48.690701, 91.691, -74.6596
49.043534, 91.768, -75.2916
49.398924, 91.845, -75.9203
49.756889, 91.922, -76.5497
50.117447, 92.000, -77.1859
50.480619, 92.078, -77.8325
50.846423, 92.155, -78.4900
51.214877, 92.231, -79.1562
51.586001, 92.306, -79.8279
51.959814, 92.380, -80.5012
52.336336, 92.453, -81.1719
52.715587, 92.525, -81.8352
53.097586, 92.597, -82.4870
53.482353, 92.669, -83.1252
53.869908, 92.742, -83.7510
54.260272, 92.817, -84.3681
54.653464, 92.892, -84.9806
55.049506, 92.967, -85.5902
55.448417, 93.042, -86.1960
55.850219, 93.115, -86.7952
56.254933, 93.185, -87.3845
56.662579, 93.254, -87.9608
57.073180, 93.321, -88.5197
57.486755, 93.387, -89.0571
57.903328, 93.455, -89.5743
58.322919, 93.526, -90.0841
58.745551, 93.601, -90.6121
59.171246, 93.679, -91.1890
59.600025, 93.755, -91.8344
60.031911, 93.824, -92.5442
60.466927, 93.882, -93.2909
60.905096, 93.929, -94.0376
61.346439, 93.969, -94.7573
61.790981, 94.007, -95.4435
62.238744, 94.046, -96.1069
62.689751, 94.087, -96.7631
63.144027, 94.131, -97.4211
63.601595, 94.175, -98.0822
64.062478, 94.221, -98.7439
64.526701, 94.269, -99.4044
64.994288, 94.317, -100.0636
65.465264, 94.367, -100.7211
65.939652, 94.416, -101.3759
66.417478, 94.466, -102.0261
66.898766, 94.516, -102.6700
67.383542, 94.565, -103.3055
67.871831, 94.614, -103.9319
68.363659, 94.663, -104.5507
68.859050, 94.712, -105.1663
69.358031, 94.761, -105.7849
69.860628, 94.810, -106.4117
70.366867, 94.856, -107.0483
70.876774, 94.901, -107.6930
71.390376, 94.943, -108.3416
71.907700, 94.982, -108.9902
72.428773, 95.020, -109.6371
72.953622, 95.057, -110.2828
73.482274, 95.094, -110.9287
74.014757, 95.129, -111.5757
74.551098, 95.164, -112.2228
75.091326, 95.199, -112.8679
75.635469, 95.233, -113.5096
76.183555, 95.267, -114.1479
76.735612, 95.301, -114.7843
77.291670, 95.335, -115.4197
77.851757, 95.368, -116.0546
78.415903, 95.401, -116.6887
78.984137, 95.434, -117.3221
79.556489, 95.466, -117.9550
80.132988, 95.497, -118.5872
80.713665, 95.527, -119.2177
81.298549, 95.557, -119.8452
81.887672, 95.585, -120.4690
82.481064, 95.613, -121.0894
83.078756, 95.640, -121.7079
83.680778, 95.667, -122.3264
84.287164, 95.694, -122.9463
84.897943, 95.719, -123.5679
85.513149, 95.743, -124.1903
86.132812, 95.767, -124.8118
86.756966, 95.789, -125.4312
87.385643, 95.810, -126.0481
88.018875, 95.831, -126.6630
88.656696, 95.851, -127.2760
89.299139, 95.871, -127.8871
89.946238, 95.890, -128.4976
90.598025, 95.910, -129.1093
91.254536, 95.930, -129.7238
91.915804, 95.948, -130.3408
92.581864, 95.967, -130.9582
93.252750, 95.984, -131.5736
93.928498, 96.000, -132.1851
94.609143, 96.015, -132.7913
95.294719, 96.029, -133.3920
95.985264, 96.043, -133.9875
96.680813, 96.055, -134.5785
97.381402, 96.066, -135.1655
98.087068, 96.076, -135.7501
98.797847, 96.085, -136.3336
99.513777, 96.093, -136.9161
100.234895, 96.100, -137.4976
100.961238, 96.106, -138.0777
101.692845, 96.111, -138.6569
102.429753, 96.117, -139.2355
103.172002, 96.122, -139.8134
103.919628, 96.126, -140.3901
104.672673, 96.130, -140.9634
105.431174, 96.134, -141.5302
106.195172, 96.136, -142.0881
106.964706, 96.138, -142.6368
107.739816, 96.140, -143.1777
108.520543, 96.142, -143.7130
109.306928, 96.145, -144.2460
110.099011, 96.147, -144.7796
110.896834, 96.149, -145.3151
111.700438, 96.149, -145.8507
112.509866, 96.148, -146.3821
113.325158, 96.146, -146.9045
114.146359, 96.142, -147.4159
114.973511, 96.137, -147.9180
115.806656, 96.131, -148.4149
116.645839, 96.124, -148.9109
117.491103, 96.114, -149.4080
118.342492, 96.103, -149.9044
119.200050, 96.092, -150.3972
120.063823, 96.082, -150.8881
120.933855, 96.074, -151.3841
121.810191, 96.067, -151.8903
122.692878, 96.062, -152.4042
123.581962, 96.057, -152.9182
124.477487, 96.051, -153.4243
125.379503, 96.043, -153.9165
126.288054, 96.035, -154.3918
127.203189, 96.027, -154.8518
128.124956, 96.018, -155.3026
129.053402, 96.009, -155.7528
129.988577, 96.000, -156.2098
130.930527, 95.992, -156.6776
131.879304, 95.982, -157.1558
132.834956, 95.971, -157.6371
133.797533, 95.958, -158.1093
134.767085, 95.945, -158.5630
135.743663, 95.931, -158.9966
136.727317, 95.918, -159.4147
137.718100, 95.905, -159.8239
138.716062, 95.892, -160.2299
139.721255, 95.879, -160.6365
140.733733, 95.865, -161.0453
141.753548, 95.851, -161.4562
142.780753, 95.836, -161.8669
143.815401, 95.821, -162.2750
144.857546, 95.805, -162.6796
145.907244, 95.790, -163.0807
146.964548, 95.773, -163.4788
148.029514, 95.756, -163.8741
149.102197, 95.738, -164.2673
150.182652, 95.720, -164.6599
151.270938, 95.702, -165.0540
152.367109, 95.684, -165.4513
153.471224, 95.666, -165.8509
154.583340, 95.648, -166.2498
155.703515, 95.630, -166.6441
156.831807, 95.612, -167.0313
157.968274, 95.593, -167.4106
159.112978, 95.574, -167.7823
160.265976, 95.554, -168.1475
161.427329, 95.533, -168.5073
162.597098, 95.512, -168.8631
163.775344, 95.491, -169.2161
164.962128, 95.470, -169.5670
166.157511, 95.450, -169.9164
167.361557, 95.429, -170.2651
168.574328, 95.409, -170.6136
169.795887, 95.388, -170.9617
171.026298, 95.367, -171.3081
172.265625, 95.346, -171.6519
173.513933, 95.325, -171.9919
174.771286, 95.304, -172.3276
176.037751, 95.281, -172.6591
177.313393, 95.259, -172.9866
178.598279, 95.236, -173.3110
179.892476, 95.212, -173.6329
181.196051, 95.187, -173.9528
182.509072, 95.162, -174.2714
183.831608, 95.137, -174.5895
185.163728, 95.111, -174.9072
186.505500, 95.086, -175.2242
187.856996, 95.061, -175.5400
189.218285, 95.036, -175.8544
190.589439, 95.011, -176.1663
191.970529, 94.987, -176.4742
193.361626, 94.962, -176.7773
194.762804, 94.936, -177.0759
196.174136, 94.909, -177.3701
197.595694, 94.881, -177.6600
199.027554, 94.853, -177.9457
200.469790, 94.824, -178.2273
201.922477, 94.795, -178.5054
203.385690, 94.767, -178.7803
204.859507, 94.739, -179.0524
206.344003, 94.712, -179.3228
207.839257, 94.684, -179.5920
209.345346, 94.657, -179.8608
210.862348, 94.630, 179.8715
212.390344, 94.603, 179.6063
213.929412, 94.576, 179.3456
215.479633, 94.548, 179.0914
217.041087, 94.519, 178.8447
218.613856, 94.490, 178.6053
220.198022, 94.460, 178.3722
221.793668, 94.429, 178.1432
223.400876, 94.399, 177.9151
225.019731, 94.368, 177.6844
226.650317, 94.338, 177.4481
228.292718, 94.308, 177.2051
229.947022, 94.278, 176.9550
231.613312, 94.248, 176.6979
233.291678, 94.219, 176.4349
234.982206, 94.188, 176.1695
236.684984, 94.158, 175.9079
238.400101, 94.127, 175.6600
240.127646, 94.095, 175.4365
241.867710, 94.062, 175.2424
243.620383, 94.029, 175.0730
245.385757, 93.995, 174.9188
247.163923, 93.961, 174.7705
248.954975, 93.928, 174.6213
250.759005, 93.895, 174.4686
252.576108, 93.862, 174.3116
254.406379, 93.829, 174.1494
256.249912, 93.796, 173.9801
258.106805, 93.762, 173.8033
259.977153, 93.727, 173.6210
261.861055, 93.693, 173.4360
263.758608, 93.659, 173.2524
265.669911, 93.625, 173.0754
267.595065, 93.592, 172.9088
269.534169, 93.560, 172.7517
271.487325, 93.529, 172.5997
273.454634, 93.499, 172.4486
275.436199, 93.467, 172.2984
277.432123, 93.434, 172.1514
279.442511, 93.400, 172.0084
281.467467, 93.366, 171.8682
283.507096, 93.332, 171.7280
285.561505, 93.298, 171.5852
287.630801, 93.264, 171.4397
289.715093, 93.228, 171.2958
291.814488, 93.191, 171.1595
293.929096, 93.155, 171.0352
296.059027, 93.120, 170.9227
298.204393, 93.086, 170.8179
300.365305, 93.053, 170.7154
302.541876, 93.021, 170.6109
304.734219, 92.990, 170.5021
306.942449, 92.959, 170.3890
309.166680, 92.928, 170.2729
311.407029, 92.897, 170.1542
313.663613, 92.867, 170.0345
315.936549, 92.837, 169.9183
318.225955, 92.806, 169.8102
320.531952, 92.775, 169.7119
322.854659, 92.744, 169.6223
325.194197, 92.710, 169.5402
327.550688, 92.676, 169.4648
329.924255, 92.639, 169.3942
332.315022, 92.602, 169.3235
334.723114, 92.565, 169.2482
337.148655, 92.530, 169.1672
339.591774, 92.495, 169.0833
342.052596, 92.462, 169.0005
344.531250, 92.429, 168.9235
347.027865, 92.396, 168.8548
349.542572, 92.364, 168.7933
352.075502, 92.331, 168.7360
354.626786, 92.299, 168.6801
357.196558, 92.267, 168.6242
359.784951, 92.235, 168.5683
362.392101, 92.204, 168.5140
365.018144, 92.172, 168.4636
367.663216, 92.140, 168.4188
370.327455, 92.107, 168.3796
373.011000, 92.074, 168.3440
375.713992, 92.040, 168.3101
378.436570, 92.005, 168.2777
381.178878, 91.969, 168.2502
383.941057, 91.933, 168.2305
386.723252, 91.897, 168.2185
389.525608, 91.862, 168.2125
392.348271, 91.829, 168.2103
395.191389, 91.797, 168.2101
398.055108, 91.766, 168.2102
400.939580, 91.735, 168.2086
403.844953, 91.703, 168.2043
406.771380, 91.670, 168.1997
409.719013, 91.638, 168.1989
412.688006, 91.606, 168.2043
415.678514, 91.575, 168.2161
418.690692, 91.543, 168.2314
421.724697, 91.512, 168.2482
424.780688, 91.479, 168.2642
427.858824, 91.446, 168.2759
430.959265, 91.413, 168.2795
434.082174, 91.380, 168.2744
437.227712, 91.347, 168.2649
440.396044, 91.315, 168.2588
443.587336, 91.283, 168.2640
446.801752, 91.252, 168.2844
450.039462, 91.220, 168.3182
453.300634, 91.188, 168.3585
456.585437, 91.156, 168.3962
459.894043, 91.124, 168.4274
463.226625, 91.092, 168.4535
466.583356, 91.060, 168.4785
469.964411, 91.029, 168.5076
473.369967, 90.998, 168.5457
476.800201, 90.969, 168.5953
480.255292, 90.941, 168.6544
483.735420, 90.914, 168.7183
487.240766, 90.889, 168.7823
490.771513, 90.865, 168.8428
494.327846, 90.839, 168.8992
497.909949, 90.812, 168.9529
501.518010, 90.782, 169.0046
505.152216, 90.751, 169.0532
508.812758, 90.718, 169.0984
512.499825, 90.685, 169.1428
516.213610, 90.652, 169.1908
519.954306, 90.620, 169.2469
523.722109, 90.589, 169.3148
527.517216, 90.559, 169.3958
531.339823, 90.531, 169.4866
535.190130, 90.504, 169.5802
539.068339, 90.479, 169.6722
542.974650, 90.456, 169.7628
546.909268, 90.433, 169.8542
550.872398, 90.410, 169.9504
554.864247, 90.387, 170.0522
558.885022, 90.364, 170.1578
562.934933, 90.340, 170.2645
567.014192, 90.314, 170.3702
571.123010, 90.288, 170.4737
575.261603, 90.260, 170.5754
579.430186, 90.232, 170.6793
583.628976, 90.205, 170.7882
587.858192, 90.181, 170.8998
592.118055, 90.158, 171.0087
596.408786, 90.137, 171.1132
600.730610, 90.117, 171.2157
605.083752, 90.096, 171.3186
609.468438, 90.074, 171.4229
613.884897, 90.051, 171.5293
618.333360, 90.028, 171.6385
622.814059, 90.004, 171.7510
627.327226, 89.981, 171.8656
631.873098, 89.960, 171.9816
636.451911, 89.940, 172.0991
641.063904, 89.920, 172.2188
645.709317, 89.901, 172.3413
650.388393, 89.881, 172.4658
655.101375, 89.860, 172.5905
659.848510, 89.838, 172.7140
664.630044, 89.815, 172.8367
669.446228, 89.792, 172.9595
674.297311, 89.769, 173.0840
679.183547, 89.746, 173.2128
684.105191, 89.723, 173.3479
689.062499, 89.700, 173.4901
694.055730, 89.679, 173.6391
699.085144, 89.659, 173.7930
704.151003, 89.640, 173.9475
709.253572, 89.622, 174.1001
714.393116, 89.605, 174.2518
719.569903, 89.587, 174.4054
724.784203, 89.570, 174.5635
730.036288, 89.552, 174.7273
735.326432, 89.534, 174.8950
740.654910, 89.517, 175.0646
746.022001, 89.500, 175.2339
751.427984, 89.483, 175.4023
756.873141, 89.466, 175.5705
762.357756, 89.450, 175.7388
767.882114, 89.435, 175.9066
773.446504, 89.419, 176.0724
779.051217, 89.404, 176.2348
784.696543, 89.390, 176.3938
790.382778, 89.376, 176.5507
796.110217, 89.362, 176.7072
801.879160, 89.348, 176.8644
807.689907, 89.333, 177.0242
813.542761, 89.319, 177.1888
819.438027, 89.303, 177.3599
825.376013, 89.288, 177.5379
831.357028, 89.273, 177.7234
837.381383, 89.258, 177.9153
843.449394, 89.244, 178.1106
849.561376, 89.231, 178.3062
855.717648, 89.218, 178.4998
861.918531, 89.206, 178.6887
868.164348, 89.195, 178.8710
874.455424, 89.184, 179.0478
880.792089, 89.174, 179.2224
887.174671, 89.164, 179.3979
893.603505, 89.153, 179.5762
900.078924, 89.141, 179.7581
906.601267, 89.129, 179.9439
913.170874, 89.116, -179.8667
919.788086, 89.104, -179.6742
926.453250, 89.092, -179.4788
933.166712, 89.080, -179.2804
939.928823, 89.069, -179.0793
946.739934, 89.059, -178.8767
953.600402, 89.049, -178.6732
960.510584, 89.040, -178.4684
967.470839, 89.031, -178.2610
974.481532, 89.022, -178.0493
981.543027, 89.013, -177.8326
988.655692, 89.005, -177.6106
995.819899, 88.998, -177.3837
1003.036020, 88.992, -177.1534
1010.304433, 88.986, -176.9218
1017.625515, 88.981, -176.6905
1024.999649, 88.978, -176.4612
1032.427219, 88.975, -176.2351
1039.908612, 88.974, -176.0139
1047.444219, 88.974, -175.7984
1055.034432, 88.973, -175.5880
1062.679646, 88.973, -175.3806
1070.380261, 88.972, -175.1739
1078.136677, 88.970, -174.9666
1085.949300, 88.968, -174.7589
1093.818536, 88.967, -174.5518
1101.744796, 88.965, -174.3447
1109.728493, 88.963, -174.1357
1117.770043, 88.961, -173.9229
1125.869866, 88.959, -173.7048
1134.028383, 88.958, -173.4813
1142.246020, 88.957, -173.2542
1150.523206, 88.955, -173.0248
1158.860371, 88.954, -172.7917
1167.257951, 88.953, -172.5511
1175.716383, 88.952, -172.2993
1184.236109, 88.952, -172.0344
1192.817572, 88.953, -171.7578
1201.461220, 88.957, -171.4737
1210.167503, 88.962, -171.1870
1218.936876, 88.969, -170.9014
1227.769795, 88.978, -170.6192
1236.666721, 88.989, -170.3411
1245.628118, 89.002, -170.0665
1254.654453, 89.017, -169.7947
1263.746196, 89.033, -169.5249
1272.903822, 89.052, -169.2589
1282.127808, 89.072, -169.0032
1291.418634, 89.094, -168.7676
1300.776786, 89.116, -168.5594
1310.202751, 89.138, -168.3782
1319.697020, 89.158, -168.2177
1329.260089, 89.178, -168.0693
1338.892455, 89.196, -167.9235
1348.594622, 89.214, -167.7720
1358.367094, 89.231, -167.6123
1368.210382, 89.247, -167.4460
1378.124999, 89.262, -167.2755
1388.111461, 89.277, -167.1013
1398.170288, 89.292, -166.9229
1408.302007, 89.308, -166.7412
1418.507144, 89.325, -166.5616
1428.786231, 89.344, -166.3920
1439.139805, 89.365, -166.2383
1449.568405, 89.384, -166.1027
1460.072576, 89.403, -165.9828
1470.652863, 89.420, -165.8721
1481.309820, 89.434, -165.7634
1492.044002, 89.446, -165.6518
1502.855968, 89.456, -165.5338
1513.746282, 89.464, -165.4062
1524.715511, 89.471, -165.2650
1535.764228, 89.477, -165.1055
1546.893009, 89.483, -164.9237
1558.102433, 89.492, -164.7192
1569.393086, 89.505, -164.4998
1580.765555, 89.524, -164.2791
1592.220434, 89.548, -164.0698
1603.758320, 89.580, -163.8811
1615.379813, 89.617, -163.7172
1627.085521, 89.661, -163.5766
1638.876054, 89.713, -163.4540
1650.752025, 89.773, -163.3427
1662.714055, 89.841, -163.2361
1674.762766, 89.915, -163.1323
1686.898788, 89.989, -163.0317
1699.122752, 90.060, -162.9317
1711.435296, 90.123, -162.8257
1723.837061, 90.176, -162.7082
1736.328695, 90.218, -162.5812
1748.910849, 90.250, -162.4550
1761.584178, 90.271, -162.3437
1774.349343, 90.282, -162.2607
1787.207010, 90.283, -162.2103
1800.157848, 90.276, -162.1829
1813.202534, 90.262, -162.1603
1826.341747, 90.246, -162.1288
1839.576172, 90.230, -162.0855
1852.906500, 90.215, -162.0344
1866.333424, 90.203, -161.9843
1879.857645, 90.191, -161.9478
1893.479869, 90.178, -161.9337
1907.200804, 90.162, -161.9408
1921.021168, 90.139, -161.9563
1934.941679, 90.113, -161.9673
1948.963064, 90.082, -161.9719
1963.086054, 90.049, -161.9740
1977.311384, 90.013, -161.9716
1991.639798, 89.974, -161.9568
2006.072041, 89.935, -161.9272
2020.608866, 89.897, -161.8877
2035.251031, 89.861, -161.8457
2049.999299, 89.827, -161.8135
2064.854438, 89.796, -161.8109
2079.817225, 89.765, -161.8561
2094.888438, 89.730, -161.9546
2110.068863, 89.688, -162.0984
2125.359292, 89.637, -162.2723
2140.760521, 89.575, -162.4547
2156.273355, 89.505, -162.6232
2171.898600, 89.426, -162.7605
2187.637073, 89.342, -162.8584
2203.489593, 89.256, -162.9210
2219.456987, 89.171, -162.9635
2235.540087, 89.086, -163.0045
2251.739732, 89.000, -163.0557
2268.056766, 88.913, -163.1193
2284.492041, 88.825, -163.1943
2301.046412, 88.733, -163.2785
2317.720742, 88.639, -163.3619
2334.515902, 88.543, -163.4282
2351.432767, 88.448, -163.4702
2368.472218, 88.355, -163.4968
2385.635144, 88.263, -163.5195
2402.922440, 88.168, -163.5287
2420.335006, 88.068, -163.4883
2437.873752, 87.966, -163.3627
2455.539590, 87.866, -163.1457
2473.333442, 87.772, -162.8633
2491.256235, 87.685, -162.5569
2509.308905, 87.601, -162.2562
2527.492392, 87.517, -161.9622
2545.807644, 87.431, -161.6538
2564.255615, 87.342, -161.3100
2582.837268, 87.253, -160.9161
2601.553572, 87.167, -160.4519
2620.405502, 87.087, -159.8985
2639.394040, 87.020, -159.2571
2658.520177, 86.973, -158.5563
2677.784910, 86.946, -157.8486
2697.189244, 86.935, -157.1863
2716.734189, 86.933, -156.5917
2736.420765, 86.928, -156.0446
2756.249998, 86.913, -155.4846
2776.222921, 86.888, -154.8325
2796.340577, 86.856, -154.0250
2816.604013, 86.825, -153.0367
2837.014287, 86.801, -151.8735
2857.572462, 86.787, -150.5537
2878.279610, 86.785, -149.0960
2899.136811, 86.798, -147.5210
2920.145151, 86.827, -145.8644
2941.305727, 86.872, -144.1767
2962.619641, 86.927, -142.4938
2984.088004, 86.988, -140.8126
3005.711935, 87.052, -139.0969
3027.492563, 87.122, -137.3075
3049.431022, 87.205, -135.4308
3071.528457, 87.308, -133.4814
3093.786018, 87.438, -131.4961
3116.204867, 87.598, -129.5336
3138.786172, 87.786, -127.6651
3161.531110, 87.999, -125.9536
3184.440868, 88.227, -124.4283
3207.516639, 88.461, -123.0690
3230.759627, 88.699, -121.8159
3254.171043, 88.943, -120.6033
3277.752108, 89.201, -119.4021
3301.504051, 89.482, -118.2387
3325.428110, 89.788, -117.1711
3349.525533, 90.117, -116.2631
3373.797576, 90.461, -115.5669
3398.245504, 90.812, -115.1041
3422.870591, 91.160, -114.8557
3447.674123, 91.502, -114.7737
3472.657391, 91.839, -114.8043
3497.821698, 92.177, -114.9170
3523.168356, 92.523, -115.1207
3548.698686, 92.878, -115.4594
3574.414019, 93.241, -115.9861
3600.315697, 93.605, -116.7329
3626.405068, 93.965, -117.7067
3652.683494, 94.318, -118.9074
3679.152345, 94.658, -120.3355
3705.812999, 94.982, -121.9824
3732.666848, 95.290, -123.8333
3759.715291, 95.580, -125.8804
3786.959737, 95.852, -128.1259
3814.401609, 96.102, -130.5723
3842.042335, 96.326, -133.2123
3869.883358, 96.521, -136.0262
3897.926128, 96.683, -138.9838
3926.172107, 96.809, -142.0488
3954.622769, 96.900, -145.1796
3983.279596, 96.956, -148.3362
4012.144082, 96.977, -151.4849
4041.217732, 96.967, -154.5936
4070.502061, 96.927, -157.6316
4099.998597, 96.863, -160.5776
4129.708877, 96.778, -163.4283
4159.634450, 96.674, -166.1924
4189.776876, 96.549, -168.8735
4220.137726, 96.400, -171.4609
4250.718584, 96.225, -173.9292
4281.521043, 96.024, -176.2458
4312.546709, 95.802, -178.3860
4343.797200, 95.565, 179.6572
4375.274146, 95.317, 177.8704
4406.979186, 95.065, 176.2278
4438.913974, 94.808, 174.7043
4471.080174, 94.548, 173.2834
4503.479464, 94.283, 171.9589
4536.113533, 94.016, 170.7324
4568.984081, 93.748, 169.6047
4602.092823, 93.481, 168.5706
4635.441485, 93.218, 167.6229
4669.031805, 92.961, 166.7575
4702.865534, 92.711, 165.9695
4736.944436, 92.472, 165.2482
4771.270288, 92.245, 164.5758
4805.844880, 92.031, 163.9305
4840.670013, 91.827, 163.2953
4875.747503, 91.629, 162.6680
4911.079179, 91.435, 162.0640
4946.666884, 91.243, 161.5043
4982.512471, 91.055, 160.9994
5018.617810, 90.869, 160.5489
5054.984784, 90.685, 160.1534
5091.615287, 90.501, 159.8242
5128.511230, 90.316, 159.5771
5165.674537, 90.131, 159.4242
5203.107144, 89.948, 159.3693
5240.811003, 89.768, 159.4102
5278.788080, 89.594, 159.5379
5317.040355, 89.427, 159.7317
5355.569821, 89.268, 159.9563
5394.378487, 89.117, 160.1669
5433.468378, 88.968, 160.3168
5472.841529, 88.815, 160.3670
5512.499995, 88.649, 160.2952
5552.445842, 88.459, 160.1077
5592.681154, 88.234, 159.8488
5633.208027, 87.964, 159.5992
5674.028574, 87.646, 159.4666
5715.144924, 87.281, 159.5758
5756.559221, 86.874, 160.0653
5798.273622, 86.441, 161.0705
5840.290302, 86.006, 162.6913
5882.611454, 85.601, 164.9464
5925.239281, 85.262, 167.7363
5968.176007, 85.019, 170.8330
6011.423871, 84.885, 173.9171
6054.985126, 84.853, 176.6734
6098.862045, 84.895, 178.8937
6143.056913, 84.979, -179.4882
6187.572036, 85.074, -178.4283
6232.409733, 85.157, -177.8291
6277.572344, 85.214, -177.5811
6323.062220, 85.239, -177.5828
6368.881736, 85.228, -177.7474
6415.033278, 85.182, -178.0066
6461.519254, 85.105, -178.3148
6508.342086, 84.999, -178.6481
6555.504216, 84.865, -178.9922
6603.008102, 84.703, -179.3279
6650.856220, 84.511, -179.6267
6699.051066, 84.290, -179.8560
6747.595151, 84.038, -179.9773
6796.491007, 83.753, -179.9333
6845.741183, 83.435, -179.6417
6895.348246, 83.087, -179.0013
6945.314781, 82.719, -177.8975
6995.643395, 82.344, -176.2019
7046.336711, 81.989, -173.7963
7097.397372, 81.689, -170.6265
7148.828039, 81.489, -166.7599
7200.631394, 81.431, -162.4270
7252.810137, 81.539, -158.0225
7305.366989, 81.814, -154.0114
7358.304690, 82.224, -150.7653
7411.625999, 82.728, -148.4775
7465.333696, 83.278, -147.1898
7519.430581, 83.836, -146.8362
7573.919475, 84.375, -147.2877
7628.803218, 84.877, -148.4082
7684.084670, 85.329, -150.0782
7739.766716, 85.723, -152.1840
7795.852256, 86.055, -154.6187
7852.344215, 86.323, -157.2930
7909.245538, 86.527, -160.1299
7966.559191, 86.668, -163.0544
8024.288163, 86.748, -165.9957
8082.435463, 86.774, -168.8916
8141.004122, 86.753, -171.6915
8199.997194, 86.695, -174.3610
8259.417754, 86.611, -176.8865
8319.268900, 86.510, -179.2756
8379.553752, 86.403, 178.4473
8440.275452, 86.297, 176.2440
8501.437168, 86.195, 174.0706
8563.042086, 86.100, 171.8850
8625.093419, 86.008, 169.6523
8687.594401, 85.918, 167.3472
8750.548291, 85.825, 164.9574
8813.958371, 85.724, 162.4817
8877.827947, 85.612, 159.9244
8942.160348, 85.486, 157.2928
9006.958928, 85.344, 154.5953
9072.227065, 85.184, 151.8383
9137.968162, 85.004, 149.0245
9204.185647, 84.801, 146.1578
9270.882970, 84.571, 143.2458
9338.063610, 84.311, 140.3065
9405.731068, 84.013, 137.3763
9473.888873, 83.675, 134.5174
9542.540577, 83.292, 131.8204
9611.689759, 82.870, 129.3991
9681.340025, 82.419, 127.3696
9751.495006, 81.966, 125.8185
9822.158359, 81.543, 124.7632
9893.333767, 81.191, 124.1095
9965.024942, 80.944, 123.6489
10037.235620, 80.819, 123.1097
10109.969567, 80.808, 122.2271
10183.230574, 80.886, 120.8132
10257.022461, 81.020, 118.7864
10331.349074, 81.178, 116.1539
10406.214288, 81.335, 112.9819
10481.622007, 81.476, 109.3593
10557.576160, 81.591, 105.3776
10634.080709, 81.677, 101.1281
10711.139642, 81.733, 96.6935
10788.756975, 81.764, 92.1409
10866.936755, 81.773, 87.5225
10945.683059, 81.767, 82.8793
11024.999990, 81.750, 78.2380
11104.891685, 81.728, 73.6160
11185.362308, 81.704, 69.0237
11266.416054, 81.682, 64.4641
11348.057149, 81.662, 59.9391
11430.289849, 81.646, 55.4471
11513.118441, 81.636, 50.9847
11596.547243, 81.631, 46.5486
11680.580605, 81.631, 42.1373
11765.222907, 81.639, 37.7501
11850.478562, 81.654, 33.3865
11936.352015, 81.679, 29.0464
12022.847742, 81.718, 24.7308
12109.970253, 81.773, 20.4374
12197.724089, 81.853, 16.1544
12286.113826, 81.963, 11.8624
12375.144072, 82.108, 7.5342
12464.819467, 82.296, 3.1343
12555.144687, 82.529, -1.3798
12646.124441, 82.811, -6.0557
12737.763472, 83.143, -10.9443
12830.066557, 83.525, -16.0990
12923.038508, 83.954, -21.5760
13016.684172, 84.427, -27.4335
13111.008431, 84.935, -33.7310
13206.016203, 85.469, -40.5270
13301.712440, 86.015, -47.8762
13398.102132, 86.554, -55.8229
13495.190303, 87.065, -64.3939
13592.982015, 87.524, -73.5921
13691.482366, 87.910, -83.3910
13790.696491, 88.198, -93.7307
13890.629563, 88.370, -104.5184
13991.286791, 88.411, -115.6315
14092.673422, 88.309, -126.9255
14194.794743, 88.061, -138.2421
14297.656077, 87.667, -149.4185
14401.262787, 87.135, -160.2938
14505.620274, 86.475, -170.7148
14610.733978, 85.705, 179.4596
14716.609379, 84.853, 170.3457
14823.251997, 83.959, 162.0078
14930.667392, 83.076, 154.4236
15038.861162, 82.271, 147.4561
15147.838950, 81.610, 140.8588
15257.606435, 81.140, 134.3274
15368.169341, 80.872, 127.5703
15479.533431, 80.788, 120.3601
15591.704511, 80.847, 112.5493
15704.688430, 81.001, 104.0632
15818.491076, 81.210, 94.8865
15933.118383, 81.438, 85.0500
16048.576327, 81.667, 74.6157
16164.870926, 81.891, 63.6538
16282.008245, 82.114, 52.2169
16399.994388, 82.345, 40.3168
16518.835508, 82.590, 27.9238
16638.537799, 82.842, 14.9939
16759.107503, 83.089, 1.4967
16880.550905, 83.323, -12.5753
17002.874335, 83.537, -27.2240
17126.084171, 83.731, -42.4574
17250.186837, 83.903, -58.2957
17375.188802, 84.048, -74.7622
17501.096582, 84.166, -91.8813
17627.916743, 84.254, -109.6814
17755.655894, 84.310, -128.1993
17884.320696, 84.325, -147.4791
18013.917856, 84.285, -167.5588
18144.454131, 84.168, 171.5472
18275.936325, 83.951, 149.8605
18408.371293, 83.617, 127.4403
18541.765940, 83.168, 104.3730
18676.127219, 82.639, 80.7352
18811.462136, 82.109, 56.5428
18947.777745, 81.703, 31.6584
19085.081153, 81.538, 5.5959
19223.379519, 81.645, -22.9762
19362.680051, 81.933, -57.5548
19502.990012, 82.259, -104.3838
19644.316718, 82.517, -155.1796
19786.667534, 82.668, 172.6315
19930.049884, 82.730, 158.5693
