* Measurement data measured by REW V5.40 beta 55
* Source: EXCL: Headset (USB-C to 3.5mm Headphone Jack Adapter), MICROPHONE (Master Volume), 0, volume: 0.260
* Format: 256k Log Swept Sine, 1 sweep at -6.0 dBFS with no timing reference
* Dated: Jan 22, 2025 11:00:36 PM
* REW Settings:
*  C-weighting compensation: Off
*  Target level: 75.0 dB
* Note: ; 
* Measurement: L 13
* Smoothing: 1/12 octave
* Frequency Step: 96 ppo
* Start Frequency: 20.0 Hz
*
* Freq(Hz), SPL(dB), Phase(degrees)
19.995176, 64.796, 42.6395
20.140070, 64.939, 41.7788
20.286013, 65.069, 40.9701
20.433014, 65.190, 40.2331
20.581080, 65.308, 39.5788
20.730219, 65.427, 39.0067
20.880438, 65.553, 38.5058
21.031747, 65.689, 38.0560
21.184151, 65.837, 37.6306
21.337660, 65.996, 37.2009
21.492282, 66.166, 36.7409
21.648024, 66.342, 36.2306
21.804894, 66.522, 35.6590
21.962902, 66.700, 35.0250
22.122054, 66.873, 34.3366
22.282359, 67.040, 33.6092
22.443827, 67.198, 32.8623
22.606464, 67.348, 32.1161
22.770280, 67.491, 31.3883
22.935282, 67.631, 30.6912
23.101481, 67.770, 30.0298
23.268884, 67.912, 29.4012
23.437500, 68.057, 28.7955
23.607337, 68.207, 28.1979
23.778406, 68.362, 27.5928
23.950714, 68.520, 26.9666
24.124271, 68.677, 26.3120
24.299085, 68.833, 25.6293
24.475166, 68.982, 24.9269
24.652524, 69.125, 24.2205
24.831166, 69.260, 23.5294
25.011103, 69.388, 22.8736
25.192344, 69.513, 22.2689
25.374898, 69.638, 21.7237
25.558775, 69.767, 21.2354
25.743984, 69.903, 20.7908
25.930536, 70.049, 20.3671
26.118439, 70.205, 19.9367
26.307704, 70.369, 19.4728
26.498340, 70.536, 18.9552
26.690358, 70.702, 18.3755
26.883768, 70.862, 17.7388
27.078578, 71.011, 17.0640
27.274801, 71.147, 16.3796
27.472445, 71.271, 15.7197
27.671522, 71.383, 15.1171
27.872041, 71.489, 14.5969
28.074014, 71.596, 14.1711
28.277450, 71.708, 13.8347
28.482360, 71.832, 13.5657
28.688755, 71.971, 13.3292
28.896645, 72.125, 13.0841
29.106042, 72.290, 12.7925
29.316956, 72.463, 12.4271
29.529399, 72.637, 11.9765
29.743381, 72.806, 11.4460
29.958914, 72.966, 10.8549
30.176009, 73.115, 10.2308
30.394677, 73.254, 9.6035
30.614929, 73.384, 8.9982
30.836777, 73.508, 8.4310
31.060233, 73.632, 7.9069
31.285309, 73.757, 7.4196
31.512015, 73.887, 6.9553
31.740364, 74.022, 6.4973
31.970368, 74.160, 6.0302
32.202038, 74.300, 5.5444
32.435387, 74.441, 5.0371
32.670428, 74.580, 4.5112
32.907171, 74.717, 3.9731
33.145630, 74.853, 3.4298
33.385817, 74.986, 2.8861
33.627744, 75.119, 2.3439
33.871425, 75.252, 1.8027
34.116871, 75.384, 1.2605
34.364096, 75.516, 0.7163
34.613112, 75.646, 0.1711
34.863933, 75.775, -0.3724
35.116572, 75.902, -0.9105
35.371041, 76.029, -1.4402
35.627354, 76.156, -1.9607
35.885524, 76.282, -2.4741
36.145566, 76.410, -2.9843
36.407491, 76.538, -3.4958
36.671315, 76.667, -4.0116
36.937051, 76.794, -4.5319
37.204712, 76.921, -5.0547
37.474312, 77.046, -5.5773
37.745867, 77.171, -6.0985
38.019389, 77.296, -6.6201
38.294893, 77.421, -7.1469
38.572393, 77.547, -7.6854
38.851905, 77.672, -8.2405
39.133442, 77.795, -8.8123
39.417019, 77.914, -9.3948
39.702651, 78.030, -9.9774
39.990353, 78.142, -10.5478
40.280139, 78.253, -11.0974
40.572026, 78.366, -11.6256
40.866027, 78.483, -12.1412
41.162159, 78.604, -12.6600
41.460437, 78.729, -13.1996
41.760877, 78.857, -13.7719
42.063493, 78.982, -14.3783
42.368303, 79.104, -15.0079
42.675321, 79.220, -15.6414
42.984564, 79.333, -16.2578
43.296048, 79.443, -16.8424
43.609789, 79.556, -17.3923
43.925803, 79.674, -17.9175
44.244108, 79.798, -18.4367
44.564719, 79.927, -18.9701
44.887653, 80.059, -19.5317
45.212928, 80.191, -20.1252
45.540559, 80.320, -20.7446
45.870565, 80.445, -21.3779
46.202962, 80.566, -22.0126
46.537767, 80.683, -22.6394
46.874999, 80.799, -23.2538
47.214675, 80.913, -23.8547
47.556812, 81.027, -24.4440
47.901428, 81.141, -25.0251
48.248542, 81.257, -25.6042
48.598170, 81.374, -26.1898
48.950333, 81.492, -26.7916
49.305047, 81.609, -27.4169
49.662332, 81.725, -28.0667
50.022206, 81.836, -28.7346
50.384687, 81.943, -29.4091
50.749795, 82.046, -30.0774
51.117549, 82.147, -30.7312
51.487968, 82.247, -31.3693
51.861071, 82.348, -31.9959
52.236878, 82.450, -32.6174
52.615408, 82.553, -33.2382
52.996681, 82.655, -33.8594
53.380716, 82.758, -34.4800
53.767535, 82.860, -35.0997
54.157157, 82.963, -35.7197
54.549602, 83.065, -36.3430
54.944891, 83.166, -36.9714
55.343044, 83.266, -37.6050
55.744083, 83.364, -38.2416
56.148027, 83.460, -38.8788
56.554899, 83.555, -39.5159
56.964719, 83.647, -40.1542
57.377509, 83.739, -40.7950
57.793290, 83.828, -41.4362
58.212084, 83.915, -42.0721
58.633913, 84.002, -42.6959
59.058798, 84.090, -43.3059
59.486763, 84.182, -43.9094
59.917828, 84.279, -44.5225
60.352018, 84.381, -45.1622
60.789353, 84.483, -45.8389
61.229858, 84.585, -46.5500
61.673555, 84.684, -47.2837
62.120467, 84.780, -48.0244
62.570617, 84.873, -48.7598
63.024030, 84.965, -49.4827
63.480728, 85.056, -50.1907
63.940735, 85.147, -50.8845
64.404076, 85.239, -51.5662
64.870775, 85.330, -52.2391
65.340855, 85.422, -52.9072
65.814342, 85.513, -53.5739
66.291260, 85.602, -54.2412
66.771634, 85.690, -54.9106
67.255488, 85.776, -55.5823
67.742849, 85.860, -56.2565
68.233742, 85.941, -56.9330
68.728192, 86.020, -57.6119
69.226225, 86.098, -58.2936
69.727866, 86.173, -58.9777
70.233143, 86.248, -59.6638
70.742082, 86.321, -60.3518
71.254708, 86.394, -61.0420
71.771049, 86.466, -61.7356
72.291131, 86.538, -62.4333
72.814983, 86.610, -63.1335
73.342630, 86.680, -63.8330
73.874101, 86.749, -64.5286
74.409423, 86.818, -65.2189
74.948625, 86.886, -65.9047
75.491733, 86.953, -66.5869
76.038777, 87.019, -67.2648
76.589786, 87.083, -67.9365
77.144787, 87.145, -68.6003
77.703810, 87.206, -69.2556
78.266884, 87.267, -69.9039
78.834038, 87.326, -70.5483
79.405302, 87.386, -71.1935
79.980705, 87.445, -71.8441
80.560278, 87.504, -72.5023
81.144051, 87.560, -73.1661
81.732055, 87.614, -73.8306
82.324319, 87.667, -74.4892
82.920875, 87.718, -75.1367
83.521754, 87.769, -75.7710
84.126987, 87.821, -76.3940
84.736605, 87.873, -77.0093
85.350642, 87.925, -77.6202
85.969128, 87.977, -78.2289
86.592096, 88.029, -78.8363
87.219578, 88.080, -79.4424
87.851607, 88.131, -80.0471
88.488216, 88.181, -80.6508
89.129438, 88.231, -81.2549
89.775306, 88.281, -81.8618
90.425855, 88.332, -82.4724
91.081118, 88.382, -83.0856
91.741129, 88.432, -83.6992
92.405924, 88.483, -84.3127
93.075535, 88.533, -84.9263
93.749999, 88.584, -85.5400
94.429350, 88.634, -86.1530
95.113624, 88.683, -86.7644
95.802856, 88.731, -87.3739
96.497083, 88.779, -87.9822
97.196341, 88.825, -88.5904
97.900666, 88.870, -89.2004
98.610094, 88.914, -89.8136
99.324664, 88.957, -90.4309
100.044411, 88.999, -91.0529
100.769374, 89.041, -91.6794
101.499591, 89.081, -92.3093
102.235098, 89.120, -92.9384
102.975936, 89.158, -93.5612
103.722142, 89.194, -94.1737
104.473756, 89.230, -94.7750
105.230815, 89.265, -95.3671
105.993361, 89.299, -95.9530
106.761433, 89.332, -96.5358
107.535070, 89.364, -97.1180
108.314314, 89.394, -97.7015
109.099204, 89.422, -98.2866
109.889782, 89.450, -98.8726
110.686088, 89.476, -99.4589
111.488165, 89.502, -100.0454
112.296055, 89.528, -100.6316
113.109798, 89.554, -101.2158
113.929438, 89.581, -101.7955
114.755018, 89.607, -102.3687
115.586580, 89.633, -102.9346
116.424168, 89.658, -103.4932
117.267826, 89.682, -104.0453
118.117597, 89.704, -104.5918
118.973525, 89.725, -105.1334
119.835657, 89.743, -105.6700
120.704035, 89.759, -106.2020
121.578706, 89.775, -106.7318
122.459716, 89.790, -107.2635
123.347109, 89.806, -107.7998
124.240933, 89.821, -108.3407
125.141234, 89.836, -108.8844
126.048059, 89.851, -109.4288
126.961456, 89.866, -109.9723
127.881471, 89.880, -110.5135
128.808153, 89.893, -111.0518
129.741550, 89.906, -111.5874
130.681710, 89.917, -112.1218
131.628684, 89.927, -112.6565
132.582520, 89.935, -113.1918
133.543267, 89.942, -113.7268
134.510977, 89.947, -114.2589
135.485699, 89.952, -114.7850
136.467484, 89.955, -115.3024
137.456384, 89.958, -115.8092
138.452449, 89.958, -116.3050
139.455733, 89.958, -116.7902
140.466286, 89.955, -117.2658
141.484163, 89.951, -117.7338
142.509416, 89.945, -118.1962
143.542098, 89.939, -118.6542
144.582263, 89.931, -119.1079
145.629965, 89.924, -119.5564
146.685260, 89.915, -119.9978
147.748202, 89.906, -120.4299
148.818846, 89.897, -120.8515
149.897249, 89.887, -121.2626
150.983466, 89.877, -121.6646
152.077555, 89.866, -122.0582
153.179572, 89.854, -122.4442
154.289574, 89.841, -122.8220
155.407620, 89.828, -123.1906
156.533767, 89.815, -123.5485
157.668076, 89.801, -123.8942
158.810603, 89.787, -124.2273
159.961411, 89.772, -124.5485
161.120557, 89.757, -124.8586
162.288103, 89.742, -125.1589
163.464109, 89.727, -125.4503
164.648638, 89.713, -125.7333
165.841750, 89.700, -126.0082
167.043507, 89.687, -126.2747
168.253973, 89.674, -126.5328
169.473211, 89.663, -126.7826
170.701284, 89.652, -127.0244
171.938256, 89.641, -127.2595
173.184191, 89.630, -127.4885
174.439155, 89.618, -127.7122
175.703213, 89.607, -127.9303
176.976431, 89.595, -128.1433
178.258875, 89.584, -128.3511
179.550613, 89.572, -128.5539
180.851710, 89.561, -128.7525
182.162236, 89.550, -128.9478
183.482259, 89.540, -129.1404
184.811847, 89.530, -129.3310
186.151070, 89.520, -129.5197
187.499997, 89.511, -129.7068
188.858700, 89.501, -129.8925
190.227248, 89.492, -130.0764
191.605713, 89.483, -130.2587
192.994167, 89.473, -130.4393
194.392682, 89.462, -130.6180
195.801331, 89.451, -130.7943
197.220189, 89.440, -130.9671
198.649327, 89.428, -131.1357
200.088822, 89.415, -131.2989
201.538748, 89.402, -131.4551
202.999181, 89.388, -131.6033
204.470197, 89.374, -131.7427
205.951872, 89.359, -131.8733
207.444284, 89.343, -131.9961
208.947511, 89.327, -132.1127
210.461631, 89.311, -132.2245
211.986723, 89.294, -132.3305
213.522866, 89.277, -132.4285
215.070141, 89.259, -132.5157
216.628627, 89.241, -132.5908
218.198408, 89.223, -132.6534
219.779563, 89.204, -132.7047
221.372177, 89.185, -132.7468
222.976331, 89.166, -132.7818
224.592109, 89.148, -132.8109
226.219596, 89.131, -132.8342
227.858877, 89.114, -132.8518
229.510036, 89.097, -132.8632
231.173160, 89.081, -132.8681
232.848336, 89.065, -132.8659
234.535651, 89.050, -132.8564
236.235193, 89.035, -132.8398
237.947051, 89.020, -132.8168
239.671313, 89.005, -132.7885
241.408071, 88.991, -132.7554
243.157413, 88.976, -132.7174
244.919432, 88.962, -132.6742
246.694219, 88.947, -132.6249
248.481867, 88.933, -132.5685
250.282469, 88.919, -132.5042
252.096119, 88.905, -132.4315
253.922911, 88.893, -132.3511
255.762941, 88.880, -132.2637
257.616305, 88.869, -132.1704
259.483099, 88.857, -132.0721
261.363421, 88.846, -131.9696
263.257368, 88.835, -131.8626
265.165039, 88.825, -131.7507
267.086534, 88.815, -131.6329
269.021953, 88.806, -131.5082
270.971397, 88.796, -131.3762
272.934968, 88.788, -131.2366
274.912767, 88.780, -131.0884
276.904898, 88.772, -130.9297
278.911465, 88.765, -130.7593
280.932573, 88.759, -130.5756
282.968326, 88.754, -130.3778
285.018831, 88.749, -130.1653
287.084195, 88.747, -129.9385
289.164526, 88.747, -129.6979
291.259931, 88.751, -129.4436
293.370520, 88.758, -129.1759
295.496404, 88.770, -128.8958
297.637693, 88.787, -128.6061
299.794498, 88.810, -128.3115
301.966933, 88.840, -128.0197
304.155110, 88.878, -127.7418
306.359143, 88.923, -127.4928
308.579148, 88.976, -127.2905
310.815239, 89.035, -127.1533
313.067535, 89.095, -127.0959
315.336151, 89.156, -127.1270
317.621207, 89.211, -127.2452
319.922821, 89.258, -127.4391
322.241114, 89.294, -127.6883
324.576206, 89.317, -127.9670
326.928219, 89.327, -128.2485
329.297275, 89.324, -128.5094
331.683499, 89.312, -128.7325
334.087014, 89.291, -128.9072
336.507947, 89.265, -129.0284
338.946422, 89.235, -129.0961
341.402567, 89.204, -129.1144
343.876511, 89.172, -129.0906
346.368382, 89.141, -129.0327
348.878310, 89.110, -128.9482
351.406426, 89.082, -128.8434
353.952862, 89.055, -128.7226
356.517750, 89.030, -128.5895
359.101225, 89.008, -128.4470
361.703421, 88.987, -128.2971
364.324473, 88.968, -128.1412
366.964518, 88.950, -127.9794
369.623694, 88.933, -127.8114
372.302140, 88.917, -127.6374
374.999995, 88.902, -127.4579
377.717399, 88.887, -127.2735
380.454495, 88.873, -127.0848
383.211425, 88.859, -126.8923
385.988333, 88.846, -126.6971
388.785364, 88.833, -126.4992
391.602663, 88.820, -126.2985
394.440377, 88.807, -126.0943
397.298655, 88.795, -125.8865
400.177644, 88.782, -125.6749
403.077497, 88.769, -125.4600
405.998362, 88.756, -125.2420
408.940394, 88.743, -125.0209
411.903744, 88.730, -124.7961
414.888569, 88.717, -124.5673
417.895022, 88.705, -124.3337
420.923262, 88.692, -124.0955
423.973445, 88.679, -123.8529
427.045732, 88.666, -123.6068
430.140281, 88.654, -123.3578
433.257255, 88.641, -123.1057
436.396816, 88.629, -122.8502
439.559127, 88.616, -122.5914
442.744354, 88.604, -122.3295
445.952662, 88.592, -122.0646
449.184218, 88.580, -121.7971
452.439192, 88.568, -121.5273
455.717753, 88.557, -121.2563
459.020072, 88.545, -120.9847
462.346321, 88.533, -120.7133
465.696673, 88.520, -120.4430
469.071303, 88.507, -120.1744
472.470387, 88.493, -119.9082
475.894102, 88.479, -119.6451
479.342627, 88.463, -119.3860
482.816141, 88.447, -119.1315
486.314826, 88.430, -118.8826
489.838864, 88.411, -118.6396
493.388438, 88.389, -118.4025
496.963734, 88.365, -118.1694
500.564938, 88.337, -117.9375
504.192238, 88.304, -117.7021
507.845823, 88.267, -117.4578
511.525883, 88.225, -117.1973
515.232610, 88.178, -116.9131
518.966198, 88.127, -116.5974
522.726841, 88.073, -116.2443
526.514735, 88.016, -115.8492
530.330078, 87.958, -115.4100
534.173068, 87.899, -114.9264
538.043907, 87.841, -114.4000
541.942795, 87.785, -113.8341
545.869936, 87.730, -113.2341
549.825534, 87.678, -112.6060
553.809797, 87.629, -111.9551
557.822931, 87.583, -111.2858
561.865146, 87.540, -110.6008
565.936652, 87.498, -109.9023
570.037662, 87.459, -109.1918
574.168390, 87.422, -108.4700
578.329051, 87.385, -107.7374
582.519862, 87.350, -106.9933
586.741041, 87.317, -106.2362
590.992808, 87.284, -105.4637
595.275386, 87.252, -104.6738
599.588997, 87.221, -103.8646
603.933866, 87.191, -103.0353
608.310219, 87.163, -102.1854
612.718286, 87.135, -101.3148
617.158295, 87.110, -100.4243
621.630479, 87.086, -99.5142
626.135069, 87.063, -98.5844
630.672302, 87.043, -97.6354
635.242414, 87.026, -96.6680
639.845642, 87.010, -95.6825
644.482227, 86.997, -94.6785
649.152411, 86.986, -93.6548
653.856437, 86.977, -92.6103
658.594551, 86.971, -91.5455
663.366998, 86.967, -90.4612
668.174029, 86.966, -89.3567
673.015893, 86.966, -88.2274
677.892844, 86.969, -87.0665
682.805135, 86.976, -85.8685
687.753022, 86.986, -84.6309
692.736764, 87.003, -83.3539
697.756620, 87.026, -82.0395
702.812853, 87.057, -80.6902
707.905724, 87.096, -79.3099
713.035501, 87.145, -77.9047
718.202450, 87.204, -76.4817
723.406841, 87.275, -75.0497
728.648945, 87.356, -73.6182
733.929036, 87.448, -72.1974
739.247388, 87.552, -70.7975
744.604279, 87.666, -69.4277
749.999989, 87.789, -68.0967
755.434798, 87.921, -66.8105
760.908990, 88.061, -65.5732
766.422850, 88.207, -64.3867
771.976666, 88.359, -63.2510
777.570727, 88.517, -62.1664
783.205325, 88.679, -61.1341
788.880754, 88.846, -60.1559
794.597309, 89.016, -59.2344
800.355289, 89.188, -58.3719
806.154993, 89.363, -57.5681
811.996725, 89.538, -56.8188
817.880788, 89.714, -56.1194
823.807489, 89.890, -55.4681
829.777138, 90.067, -54.8666
835.790045, 90.245, -54.3176
841.846524, 90.421, -53.8226
847.946891, 90.596, -53.3802
854.091464, 90.769, -52.9866
860.280562, 90.939, -52.6366
866.514510, 91.107, -52.3273
872.793631, 91.271, -52.0575
879.118254, 91.433, -51.8270
885.488707, 91.590, -51.6353
891.905323, 91.745, -51.4808
898.368437, 91.895, -51.3621
904.878385, 92.040, -51.2770
911.435507, 92.181, -51.2240
918.040144, 92.317, -51.2019
924.692641, 92.448, -51.2097
931.393345, 92.573, -51.2451
938.142606, 92.691, -51.3041
944.940774, 92.804, -51.3815
951.788204, 92.910, -51.4731
958.685254, 93.009, -51.5757
965.632282, 93.103, -51.6864
972.629652, 93.191, -51.8032
979.677727, 93.272, -51.9244
986.776876, 93.349, -52.0491
993.927468, 93.419, -52.1760
1001.129876, 93.484, -52.3033
1008.384476, 93.543, -52.4285
1015.691645, 93.596, -52.5490
1023.051766, 93.643, -52.6625
1030.465221, 93.685, -52.7671
1037.932396, 93.721, -52.8600
1045.453682, 93.751, -52.9377
1053.029471, 93.777, -52.9966
1060.660156, 93.798, -53.0333
1068.346137, 93.814, -53.0457
1076.087813, 93.828, -53.0322
1083.885589, 93.839, -52.9923
1091.739871, 93.848, -52.9271
1099.651068, 93.856, -52.8394
1107.619593, 93.864, -52.7330
1115.645861, 93.871, -52.6129
1123.730291, 93.878, -52.4835
1131.873304, 93.884, -52.3491
1140.075325, 93.889, -52.2125
1148.336780, 93.892, -52.0754
1156.658102, 93.894, -51.9374
1165.039724, 93.892, -51.7967
1173.482082, 93.888, -51.6508
1181.985617, 93.882, -51.4971
1190.550772, 93.873, -51.3336
1199.177993, 93.861, -51.1602
1207.867731, 93.849, -50.9792
1216.620439, 93.834, -50.7952
1225.436572, 93.818, -50.6132
1234.316591, 93.800, -50.4379
1243.260957, 93.778, -50.2709
1252.270139, 93.752, -50.1107
1261.344604, 93.721, -49.9528
1270.484827, 93.683, -49.7908
1279.691284, 93.638, -49.6180
1288.964455, 93.588, -49.4276
1298.304823, 93.531, -49.2132
1307.712874, 93.468, -48.9702
1317.189101, 93.400, -48.6955
1326.733996, 93.326, -48.3873
1336.348058, 93.248, -48.0433
1346.031787, 93.165, -47.6603
1355.785688, 93.077, -47.2343
1365.610270, 92.985, -46.7613
1375.506045, 92.890, -46.2380
1385.473529, 92.792, -45.6622
1395.513241, 92.692, -45.0319
1405.625705, 92.591, -44.3453
1415.811448, 92.489, -43.6011
1426.071002, 92.386, -42.7980
1436.404900, 92.284, -41.9349
1446.813682, 92.184, -41.0115
1457.297890, 92.087, -40.0283
1467.858072, 91.994, -38.9868
1478.494776, 91.905, -37.8906
1489.208559, 91.822, -36.7444
1499.999978, 91.747, -35.5548
1510.869596, 91.678, -34.3296
1521.817980, 91.618, -33.0779
1532.845701, 91.567, -31.8098
1543.953332, 91.524, -30.5349
1555.141455, 91.489, -29.2620
1566.410651, 91.463, -28.0002
1577.761508, 91.445, -26.7586
1589.194618, 91.436, -25.5471
1600.710578, 91.434, -24.3755
1612.309986, 91.440, -23.2536
1623.993449, 91.454, -22.1887
1635.761575, 91.476, -21.1843
1647.614978, 91.503, -20.2388
1659.554275, 91.535, -19.3453
1671.580089, 91.567, -18.4921
1683.693048, 91.593, -17.6635
1695.893782, 91.609, -16.8411
1708.182927, 91.609, -16.0053
1720.561125, 91.590, -15.1381
1733.029020, 91.551, -14.2253
1745.587263, 91.493, -13.2578
1758.236508, 91.418, -12.2312
1770.977414, 91.327, -11.1455
1783.810646, 91.227, -10.0046
1796.736874, 91.119, -8.8158
1809.756770, 91.008, -7.5883
1822.871013, 90.896, -6.3303
1836.080288, 90.783, -5.0431
1849.385283, 90.669, -3.7155
1862.786691, 90.554, -2.3242
1876.285211, 90.438, -0.8425
1889.881547, 90.326, 0.7483
1903.576408, 90.224, 2.4455
1917.370507, 90.138, 4.2177
1931.264564, 90.072, 6.0050
1945.259304, 90.027, 7.7327
1959.355454, 89.999, 9.3333
1973.553752, 89.979, 10.7667
1987.854936, 89.961, 12.0255
2002.259752, 89.935, 13.1246
2016.768952, 89.895, 14.0891
2031.383291, 89.835, 14.9506
2046.103531, 89.750, 15.7505
2060.930441, 89.638, 16.5397
2075.864793, 89.499, 17.3724
2090.907365, 89.334, 18.2947
2106.058941, 89.149, 19.3372
2121.320313, 88.948, 20.5137
2136.692274, 88.736, 21.8267
2152.175627, 88.516, 23.2751
2167.771179, 88.291, 24.8596
2183.479742, 88.063, 26.5845
2199.302137, 87.837, 28.4539
2215.239187, 87.615, 30.4650
2231.291723, 87.403, 32.6014
2247.460582, 87.204, 34.8317
2263.746608, 87.021, 37.1161
2280.150649, 86.852, 39.4185
2296.673561, 86.698, 41.7160
2313.316204, 86.555, 44.0015
2330.079447, 86.422, 46.2800
2346.964163, 86.298, 48.5614
2363.971233, 86.182, 50.8561
2381.101543, 86.076, 53.1718
2398.355986, 85.978, 55.5122
2415.735463, 85.889, 57.8768
2433.240878, 85.807, 60.2619
2450.873144, 85.732, 62.6628
2468.633181, 85.662, 65.0755
2486.521915, 85.595, 67.4985
2504.540278, 85.532, 69.9328
2522.689209, 85.472, 72.3816
2540.969655, 85.415, 74.8484
2559.382568, 85.364, 77.3364
2577.928909, 85.320, 79.8474
2596.609645, 85.285, 82.3808
2615.425749, 85.260, 84.9340
2634.378202, 85.246, 87.5020
2653.467992, 85.245, 90.0792
2672.696115, 85.257, 92.6607
2692.063573, 85.280, 95.2432
2711.571376, 85.315, 97.8255
2731.220539, 85.359, 100.4086
2751.012089, 85.411, 102.9948
2770.947057, 85.470, 105.5873
2791.026482, 85.532, 108.1900
2811.251410, 85.597, 110.8069
2831.622897, 85.663, 113.4413
2852.142003, 85.727, 116.0950
2872.809800, 85.790, 118.7675
2893.627364, 85.851, 121.4560
2914.595781, 85.907, 124.1545
2935.716143, 85.959, 126.8556
2956.989553, 86.006, 129.5504
2978.417118, 86.045, 132.2295
2999.999956, 86.075, 134.8848
3021.739192, 86.093, 137.5112
3043.635960, 86.098, 140.1121
3065.691401, 86.084, 142.7054
3087.906665, 86.051, 145.3329
3110.282909, 85.996, 148.0651
3132.821301, 85.924, 150.9948
3155.523016, 85.847, 154.2025
3178.389237, 85.781, 157.7026
3201.421155, 85.741, 161.4120
3224.619973, 85.735, 165.1816
3247.986898, 85.759, 168.8672
3271.523150, 85.805, 172.3822
3295.229956, 85.861, 175.7068
3319.108550, 85.919, 178.8695
3343.160179, 85.971, -178.0768
3367.386096, 86.014, -175.0721
3391.787563, 86.048, -172.0588
3416.365854, 86.073, -168.9876
3441.122250, 86.093, -165.8236
3466.058040, 86.114, -162.5514
3491.174525, 86.140, -159.1785
3516.473015, 86.175, -155.7298
3541.954828, 86.222, -152.2394
3567.621293, 86.280, -148.7413
3593.473747, 86.348, -145.2635
3619.513539, 86.425, -141.8256
3645.742027, 86.506, -138.4380
3672.160576, 86.590, -135.1011
3698.770566, 86.675, -131.8076
3725.573382, 86.760, -128.5459
3752.570422, 86.846, -125.3040
3779.763094, 86.934, -122.0720
3807.152816, 87.026, -118.8444
3834.741015, 87.125, -115.6208
3862.529129, 87.232, -112.4054
3890.518607, 87.351, -109.2052
3918.710909, 87.482, -106.0280
3947.107503, 87.626, -102.8820
3975.709871, 87.783, -99.7763
4004.519504, 87.952, -96.7213
4033.537903, 88.131, -93.7270
4062.766581, 88.318, -90.7981
4092.207063, 88.508, -87.9284
4121.860882, 88.698, -85.0992
4151.729585, 88.886, -82.2851
4181.814729, 89.070, -79.4613
4212.117883, 89.250, -76.6091
4242.640625, 89.428, -73.7171
4273.384548, 89.604, -70.7836
4304.351254, 89.778, -67.8136
4335.542358, 89.951, -64.8142
4366.959485, 90.121, -61.7861
4398.604273, 90.288, -58.7175
4430.478373, 90.455, -55.5827
4462.583446, 90.625, -52.3470
4494.921165, 90.805, -48.9776
4527.493217, 91.006, -45.4585
4560.301299, 91.240, -41.8030
4593.347122, 91.519, -38.0631
4626.632409, 91.849, -34.3291
4660.158894, 92.234, -30.7191
4693.928327, 92.670, -27.3577
4727.942466, 93.148, -24.3528
4762.203086, 93.654, -21.7762
4796.711973, 94.172, -19.6556
4831.470925, 94.691, -17.9772
4866.481755, 95.198, -16.6984
4901.746288, 95.687, -15.7633
4937.266362, 96.154, -15.1178
4973.043830, 96.595, -14.7197
5009.080555, 97.009, -14.5400
5045.378418, 97.391, -14.5586
5081.939310, 97.737, -14.7564
5118.765137, 98.043, -15.1099
5155.857819, 98.304, -15.5900
5193.219290, 98.518, -16.1639
5230.851498, 98.683, -16.7979
5268.756404, 98.798, -17.4607
5306.935985, 98.864, -18.1259
5345.392231, 98.880, -18.7733
5384.127146, 98.847, -19.3874
5423.142751, 98.765, -19.9560
5462.441079, 98.634, -20.4674
5502.024179, 98.452, -20.9099
5541.894114, 98.221, -21.2700
5582.052963, 97.938, -21.5314
5622.502820, 97.605, -21.6722
5663.245793, 97.221, -21.6646
5704.284007, 96.788, -21.4749
5745.619600, 96.307, -21.0680
5787.254728, 95.782, -20.4107
5829.191562, 95.217, -19.4751
5871.432287, 94.617, -18.2413
5913.979105, 93.988, -16.6981
5956.834236, 93.332, -14.8415
5999.999912, 92.656, -12.6715
6043.478385, 91.962, -10.1894
6087.271921, 91.255, -7.3982
6131.382802, 90.535, -4.3036
6175.813330, 89.808, -0.9153
6220.565819, 89.074, 2.7554
6265.642603, 88.334, 6.7006
6311.046032, 87.589, 10.9235
6356.778473, 86.838, 15.4450
6402.842310, 86.081, 20.3066
6449.239945, 85.322, 25.5678
6495.973796, 84.564, 31.2954
6543.046300, 83.818, 37.5472
6590.459911, 83.095, 44.3516
6638.217100, 82.410, 51.6905
6686.320358, 81.779, 59.4944
6734.772191, 81.213, 67.6550
6783.575127, 80.724, 76.0476
6832.731709, 80.315, 84.5548
6882.244499, 79.991, 93.0871
6932.116080, 79.753, 101.5959
6982.349051, 79.606, 110.0590
7032.946030, 79.561, 118.4228
7083.909656, 79.632, 126.5298
7135.242586, 79.828, 134.1003
7186.947495, 80.149, 140.7913
7239.027079, 80.584, 146.2723
7291.484053, 81.106, 150.2679
7344.321152, 81.676, 152.5827
7397.541131, 82.250, 153.1241
7451.146763, 82.780, 151.8998
7505.140844, 83.225, 148.9829
7559.526189, 83.552, 144.4654
7614.305632, 83.729, 138.4349
7669.482029, 83.731, 130.9800
7725.058258, 83.541, 122.1986
7781.037214, 83.153, 112.1975
7837.421817, 82.580, 101.1007
7894.215007, 81.849, 89.1021
7951.419743, 81.004, 76.5775
8009.039008, 80.103, 64.1885
8067.075806, 79.212, 52.8362
8125.533163, 78.407, 43.4106
8184.414126, 77.763, 36.5099
8243.721764, 77.344, 32.3276
8303.459170, 77.197, 30.6827
8363.629458, 77.328, 31.0830
8424.235765, 77.699, 32.8089
8485.281250, 78.236, 35.0751
8546.769096, 78.847, 37.2463
8608.702508, 79.448, 38.9873
8671.084715, 79.973, 40.2774
8733.918969, 80.380, 41.3396
8797.208547, 80.655, 42.5559
8860.956746, 80.811, 44.4034
8925.166891, 80.896, 47.4018
8989.842330, 80.987, 52.0441
9054.986433, 81.188, 58.6517
9120.602598, 81.601, 67.0922
9186.694244, 82.282, 76.4782
9253.264817, 83.210, 85.2997
9320.317788, 84.297, 92.1580
9387.856653, 85.429, 96.3752
9455.884932, 86.496, 97.9594
9524.406173, 87.414, 97.2838
9593.423946, 88.114, 94.8632
9662.941850, 88.554, 91.2607
9732.963510, 88.711, 87.0403
9803.492576, 88.589, 82.7104
9874.532725, 88.205, 78.6658
9946.087659, 87.589, 75.1619
10018.161110, 86.771, 72.3264
10090.756835, 85.774, 70.1911
10163.878619, 84.617, 68.7237
10237.530273, 83.308, 67.8486
10311.715638, 81.856, 67.4470
10386.438580, 80.274, 67.3225
10461.702996, 78.599, 67.0681
10537.512808, 76.935, 65.4662
10613.871970, 75.509, 55.6442
10690.784461, 74.669, -45.7159
10768.254293, 74.657, -80.0229
10846.285502, 75.349, -81.5546
10924.882158, 76.419, -78.5291
11004.048358, 77.625, -73.6737
11083.788228, 78.857, -67.7966
11164.105927, 80.079, -61.3596
11245.005640, 81.285, -54.7487
11326.491587, 82.475, -48.3327
11408.568014, 83.641, -42.4546
11491.239200, 84.768, -37.3877
11574.509457, 85.833, -33.2795
11658.383123, 86.812, -30.1172
11742.864573, 87.684, -27.7274
11827.958211, 88.441, -25.8139
11913.668472, 89.092, -24.0314
11999.999825, 89.666, -22.0972
12086.956770, 90.202, -19.9105
12174.543841, 90.731, -17.6035
12262.765605, 91.260, -15.4572
12351.626659, 91.771, -13.7219
12441.131638, 92.234, -12.4685
12531.285206, 92.626, -11.5624
12622.092064, 92.942, -10.7449
12713.556946, 93.202, -9.7599
12805.684621, 93.444, -8.4694
12898.479890, 93.708, -6.9268
12991.947593, 94.025, -5.3825
13086.092601, 94.396, -4.2040
13180.919822, 94.792, -3.7357
13276.434201, 95.163, -4.1743
13372.640716, 95.455, -5.5230
13469.544383, 95.620, -7.6217
13567.150254, 95.624, -10.2079
13665.463417, 95.449, -12.9774
13764.488998, 95.090, -15.6250
13864.232160, 94.551, -17.8495
13964.698101, 93.841, -19.3174
14065.892060, 92.973, -19.5920
14167.819312, 91.980, -18.0775
14270.485171, 90.926, -14.0962
14373.894990, 89.918, -7.3130
14478.054158, 89.092, 1.5064
14582.968107, 88.544, 10.3806
14688.642305, 88.269, 17.4414
14795.082262, 88.174, 22.0439
14902.293527, 88.136, 24.4674
15010.281689, 88.057, 25.2645
15119.052378, 87.869, 24.9617
15228.611264, 87.532, 24.0105
15338.964058, 87.026, 22.8059
15450.116515, 86.343, 21.7104
15562.074428, 85.488, 21.0773
15674.843635, 84.473, 21.2717
15788.430013, 83.325, 22.6610
15902.839485, 82.087, 25.5198
16018.078016, 80.818, 29.8151
16134.151612, 79.587, 35.0050
16251.066326, 78.439, 40.1778
16368.828251, 77.377, 44.5654
16487.443528, 76.361, 47.9121
16606.918341, 75.333, 50.4064
16727.258917, 74.241, 52.4456
16848.471530, 73.051, 54.4917
16970.562500, 71.745, 57.0267
17093.538192, 70.327, 60.5005
17217.405016, 68.817, 65.2218
17342.169430, 67.250, 71.2818
17467.837939, 65.663, 78.6102
17594.417093, 64.104, 87.0042
17721.913492, 62.641, 95.8940
17850.333783, 61.368, 104.0979
17979.684660, 60.386, 110.1299
18109.972866, 59.775, 112.8219
18241.205195, 59.579, 111.3642
18373.388487, 59.790, 104.2188
18506.529634, 60.347, 83.2033
18640.635577, 61.124, -2.8142
18775.713306, 61.970, -55.4582
18911.769865, 62.747, -74.4482
19048.812345, 63.369, -88.3701
19186.847892, 63.802, -100.8172
19325.883701, 64.059, -112.4400
19465.927021, 64.178, -123.2541
19606.985152, 64.213, -133.0203
19749.065449, 64.213, -141.3019
19892.175318, 64.209, -147.4819
20036.322221, 64.208, -150.8529
