* Measurement data measured by REW V5.40 beta 55
* Source: EXCL: Headset (USB-C to 3.5mm Headphone Jack Adapter), MICROPHONE (Master Volume), 0, volume: 0.260
* Format: 256k Log Swept Sine, 1 sweep at -6.0 dBFS with no timing reference
* Dated: Jan 22, 2025 10:57:54 PM
* REW Settings:
*  C-weighting compensation: Off
*  Target level: 75.0 dB
* Note: ; 
* Measurement: L 4
* Smoothing: 1/12 octave
* Frequency Step: 96 ppo
* Start Frequency: 20.0 Hz
*
* Freq(Hz), SPL(dB), Phase(degrees)
19.995176, 67.109, 32.0907
20.140070, 67.313, 32.3662
20.286013, 67.551, 32.5587
20.433014, 67.817, 32.6062
20.581080, 68.101, 32.4646
20.730219, 68.394, 32.1118
20.880438, 68.684, 31.5464
21.031747, 68.962, 30.7850
21.184151, 69.222, 29.8579
21.337660, 69.459, 28.8044
21.492282, 69.669, 27.6683
21.648024, 69.852, 26.4954
21.804894, 70.008, 25.3300
21.962902, 70.139, 24.2133
22.122054, 70.250, 23.1808
22.282359, 70.346, 22.2604
22.443827, 70.431, 21.4710
22.606464, 70.513, 20.8198
22.770280, 70.598, 20.3023
22.935282, 70.690, 19.9014
23.101481, 70.796, 19.5891
23.268884, 70.916, 19.3296
23.437500, 71.050, 19.0838
23.607337, 71.197, 18.8150
23.778406, 71.351, 18.4951
23.950714, 71.507, 18.1088
24.124271, 71.659, 17.6565
24.299085, 71.800, 17.1552
24.475166, 71.927, 16.6361
24.652524, 72.038, 16.1411
24.831166, 72.135, 15.7169
25.011103, 72.222, 15.4072
25.192344, 72.307, 15.2437
25.374898, 72.402, 15.2371
25.558775, 72.517, 15.3694
25.743984, 72.662, 15.5912
25.930536, 72.842, 15.8269
26.118439, 73.058, 15.9868
26.307704, 73.302, 15.9855
26.498340, 73.564, 15.7584
26.690358, 73.828, 15.2744
26.883768, 74.080, 14.5384
27.078578, 74.308, 13.5885
27.274801, 74.504, 12.4872
27.472445, 74.662, 11.3109
27.671522, 74.785, 10.1395
27.872041, 74.877, 9.0451
28.074014, 74.948, 8.0827
28.277450, 75.009, 7.2814
28.482360, 75.072, 6.6402
28.688755, 75.147, 6.1284
28.896645, 75.240, 5.6941
29.106042, 75.351, 5.2788
29.316956, 75.478, 4.8305
29.529399, 75.613, 4.3144
29.743381, 75.749, 3.7196
29.958914, 75.879, 3.0586
30.176009, 75.999, 2.3598
30.394677, 76.109, 1.6578
30.614929, 76.211, 0.9833
30.836777, 76.309, 0.3560
31.060233, 76.408, -0.2194
31.285309, 76.511, -0.7515
31.512015, 76.621, -1.2575
31.740364, 76.737, -1.7559
31.970368, 76.857, -2.2607
32.202038, 76.979, -2.7775
32.435387, 77.102, -3.3041
32.670428, 77.225, -3.8337
32.907171, 77.348, -4.3590
33.145630, 77.472, -4.8767
33.385817, 77.598, -5.3885
33.627744, 77.726, -5.9002
33.871425, 77.857, -6.4187
34.116871, 77.988, -6.9476
34.364096, 78.118, -7.4857
34.613112, 78.246, -8.0262
34.863933, 78.373, -8.5595
35.116572, 78.498, -9.0771
35.371041, 78.624, -9.5752
35.627354, 78.752, -10.0567
35.885524, 78.884, -10.5308
36.145566, 79.019, -11.0098
36.407491, 79.156, -11.5052
36.671315, 79.294, -12.0238
36.937051, 79.430, -12.5658
37.204712, 79.562, -13.1251
37.474312, 79.690, -13.6922
37.745867, 79.814, -14.2567
38.019389, 79.934, -14.8108
38.294893, 80.052, -15.3497
38.572393, 80.168, -15.8725
38.851905, 80.283, -16.3803
39.133442, 80.398, -16.8752
39.417019, 80.514, -17.3592
39.702651, 80.629, -17.8346
39.990353, 80.746, -18.3043
40.280139, 80.864, -18.7730
40.572026, 80.985, -19.2475
40.866027, 81.107, -19.7362
41.162159, 81.231, -20.2472
41.460437, 81.355, -20.7864
41.760877, 81.477, -21.3554
42.063493, 81.596, -21.9505
42.368303, 81.711, -22.5633
42.675321, 81.821, -23.1824
42.984564, 81.928, -23.7965
43.296048, 82.033, -24.3970
43.609789, 82.137, -24.9803
43.925803, 82.243, -25.5479
44.244108, 82.351, -26.1059
44.564719, 82.463, -26.6627
44.887653, 82.577, -27.2269
45.212928, 82.694, -27.8054
45.540559, 82.812, -28.4021
45.870565, 82.930, -29.0180
46.202962, 83.046, -29.6503
46.537767, 83.160, -30.2924
46.874999, 83.270, -30.9349
47.214675, 83.377, -31.5670
47.556812, 83.482, -32.1796
47.901428, 83.586, -32.7684
48.248542, 83.692, -33.3364
48.598170, 83.800, -33.8929
48.950333, 83.911, -34.4498
49.305047, 84.022, -35.0172
49.662332, 84.134, -35.5994
50.022206, 84.244, -36.1945
50.384687, 84.352, -36.7970
50.749795, 84.459, -37.4017
51.117549, 84.564, -38.0073
51.487968, 84.669, -38.6162
51.861071, 84.774, -39.2325
52.236878, 84.878, -39.8587
52.615408, 84.981, -40.4943
52.996681, 85.082, -41.1360
53.380716, 85.182, -41.7800
53.767535, 85.281, -42.4238
54.157157, 85.379, -43.0664
54.549602, 85.477, -43.7073
54.944891, 85.574, -44.3449
55.343044, 85.671, -44.9767
55.744083, 85.767, -45.6008
56.148027, 85.864, -46.2176
56.554899, 85.960, -46.8298
56.964719, 86.057, -47.4404
57.377509, 86.154, -48.0504
57.793290, 86.249, -48.6574
58.212084, 86.344, -49.2593
58.633913, 86.439, -49.8576
59.058798, 86.535, -50.4598
59.486763, 86.632, -51.0774
59.917828, 86.729, -51.7196
60.352018, 86.823, -52.3877
60.789353, 86.912, -53.0745
61.229858, 86.997, -53.7688
61.673555, 87.079, -54.4612
62.120467, 87.159, -55.1477
62.570617, 87.238, -55.8285
63.024030, 87.316, -56.5053
63.480728, 87.394, -57.1794
63.940735, 87.473, -57.8512
64.404076, 87.552, -58.5220
64.870775, 87.632, -59.1926
65.340855, 87.711, -59.8629
65.814342, 87.790, -60.5314
66.291260, 87.868, -61.1956
66.771634, 87.945, -61.8535
67.255488, 88.023, -62.5050
67.742849, 88.100, -63.1516
68.233742, 88.176, -63.7953
68.728192, 88.252, -64.4382
69.226225, 88.327, -65.0816
69.727866, 88.401, -65.7256
70.233143, 88.473, -66.3698
70.742082, 88.545, -67.0135
71.254708, 88.615, -67.6558
71.771049, 88.684, -68.2961
72.291131, 88.752, -68.9338
72.814983, 88.821, -69.5689
73.342630, 88.889, -70.2018
73.874101, 88.957, -70.8327
74.409423, 89.024, -71.4616
74.948625, 89.092, -72.0889
75.491733, 89.159, -72.7150
76.038777, 89.226, -73.3405
76.589786, 89.292, -73.9649
77.144787, 89.358, -74.5877
77.703810, 89.423, -75.2091
78.266884, 89.487, -75.8302
78.834038, 89.550, -76.4524
79.405302, 89.613, -77.0758
79.980705, 89.674, -77.6992
80.560278, 89.735, -78.3220
81.144051, 89.796, -78.9442
81.732055, 89.856, -79.5666
82.324319, 89.916, -80.1895
82.920875, 89.976, -80.8134
83.521754, 90.036, -81.4398
84.126987, 90.096, -82.0703
84.736605, 90.156, -82.7058
85.350642, 90.214, -83.3460
85.969128, 90.271, -83.9890
86.592096, 90.327, -84.6325
87.219578, 90.382, -85.2743
87.851607, 90.435, -85.9128
88.488216, 90.487, -86.5485
89.129438, 90.539, -87.1832
89.775306, 90.591, -87.8187
90.425855, 90.642, -88.4558
91.081118, 90.692, -89.0944
91.741129, 90.742, -89.7341
92.405924, 90.792, -90.3744
93.075535, 90.840, -91.0141
93.749999, 90.888, -91.6525
94.429350, 90.935, -92.2893
95.113624, 90.981, -92.9242
95.802856, 91.025, -93.5570
96.497083, 91.069, -94.1878
97.196341, 91.111, -94.8172
97.900666, 91.152, -95.4455
98.610094, 91.192, -96.0734
99.324664, 91.231, -96.7014
100.044411, 91.269, -97.3303
100.769374, 91.306, -97.9602
101.499591, 91.343, -98.5914
102.235098, 91.379, -99.2236
102.975936, 91.414, -99.8559
103.722142, 91.448, -100.4868
104.473756, 91.481, -101.1154
105.230815, 91.513, -101.7411
105.993361, 91.543, -102.3630
106.761433, 91.573, -102.9802
107.535070, 91.600, -103.5926
108.314314, 91.626, -104.2005
109.099204, 91.651, -104.8049
109.889782, 91.675, -105.4064
110.686088, 91.697, -106.0056
111.488165, 91.718, -106.6026
112.296055, 91.739, -107.1971
113.109798, 91.757, -107.7886
113.929438, 91.775, -108.3766
114.755018, 91.792, -108.9611
115.586580, 91.808, -109.5418
116.424168, 91.822, -110.1181
117.267826, 91.835, -110.6891
118.117597, 91.848, -111.2545
118.973525, 91.861, -111.8149
119.835657, 91.873, -112.3728
120.704035, 91.885, -112.9306
121.578706, 91.897, -113.4882
122.459716, 91.907, -114.0426
123.347109, 91.916, -114.5901
124.240933, 91.924, -115.1292
125.141234, 91.931, -115.6603
126.048059, 91.937, -116.1856
126.961456, 91.942, -116.7074
127.881471, 91.946, -117.2271
128.808153, 91.949, -117.7459
129.741550, 91.952, -118.2646
130.681710, 91.953, -118.7829
131.628684, 91.954, -119.3000
132.582520, 91.955, -119.8139
133.543267, 91.954, -120.3222
134.510977, 91.952, -120.8235
135.485699, 91.950, -121.3175
136.467484, 91.946, -121.8050
137.456384, 91.940, -122.2864
138.452449, 91.933, -122.7614
139.455733, 91.924, -123.2295
140.466286, 91.913, -123.6899
141.484163, 91.901, -124.1413
142.509416, 91.887, -124.5823
143.542098, 91.873, -125.0125
144.582263, 91.857, -125.4321
145.629965, 91.841, -125.8419
146.685260, 91.824, -126.2421
147.748202, 91.806, -126.6325
148.818846, 91.787, -127.0120
149.897249, 91.768, -127.3801
150.983466, 91.749, -127.7368
152.077555, 91.729, -128.0829
153.179572, 91.709, -128.4185
154.289574, 91.688, -128.7432
155.407620, 91.667, -129.0566
156.533767, 91.646, -129.3586
157.668076, 91.625, -129.6494
158.810603, 91.604, -129.9295
159.961411, 91.583, -130.1994
161.120557, 91.563, -130.4591
162.288103, 91.543, -130.7084
163.464109, 91.524, -130.9472
164.648638, 91.505, -131.1755
165.841750, 91.486, -131.3939
167.043507, 91.468, -131.6031
168.253973, 91.450, -131.8042
169.473211, 91.434, -131.9986
170.701284, 91.418, -132.1879
171.938256, 91.403, -132.3731
173.184191, 91.389, -132.5541
174.439155, 91.375, -132.7299
175.703213, 91.362, -132.8994
176.976431, 91.350, -133.0632
178.258875, 91.338, -133.2226
179.550613, 91.328, -133.3792
180.851710, 91.317, -133.5337
182.162236, 91.307, -133.6861
183.482259, 91.297, -133.8362
184.811847, 91.286, -133.9837
186.151070, 91.275, -134.1287
187.499997, 91.264, -134.2713
188.858700, 91.253, -134.4116
190.227248, 91.242, -134.5503
191.605713, 91.231, -134.6878
192.994167, 91.221, -134.8247
194.392682, 91.211, -134.9613
195.801331, 91.201, -135.0975
197.220189, 91.191, -135.2329
198.649327, 91.180, -135.3664
200.088822, 91.168, -135.4963
201.538748, 91.155, -135.6212
202.999181, 91.142, -135.7407
204.470197, 91.128, -135.8551
205.951872, 91.113, -135.9649
207.444284, 91.097, -136.0698
208.947511, 91.080, -136.1686
210.461631, 91.063, -136.2594
211.986723, 91.045, -136.3404
213.522866, 91.027, -136.4109
215.070141, 91.009, -136.4714
216.628627, 90.991, -136.5229
218.198408, 90.973, -136.5669
219.779563, 90.955, -136.6035
221.372177, 90.938, -136.6326
222.976331, 90.920, -136.6539
224.592109, 90.902, -136.6674
226.219596, 90.885, -136.6737
227.858877, 90.867, -136.6733
229.510036, 90.850, -136.6676
231.173160, 90.834, -136.6573
232.848336, 90.818, -136.6427
234.535651, 90.803, -136.6231
236.235193, 90.789, -136.5980
237.947051, 90.774, -136.5673
239.671313, 90.760, -136.5310
241.408071, 90.746, -136.4892
243.157413, 90.733, -136.4425
244.919432, 90.719, -136.3917
246.694219, 90.706, -136.3375
248.481867, 90.693, -136.2807
250.282469, 90.681, -136.2209
252.096119, 90.669, -136.1573
253.922911, 90.657, -136.0886
255.762941, 90.646, -136.0134
257.616305, 90.635, -135.9306
259.483099, 90.624, -135.8397
261.363421, 90.614, -135.7410
263.257368, 90.604, -135.6354
265.165039, 90.595, -135.5240
267.086534, 90.586, -135.4073
269.021953, 90.577, -135.2850
270.971397, 90.569, -135.1569
272.934968, 90.561, -135.0220
274.912767, 90.553, -134.8796
276.904898, 90.546, -134.7290
278.911465, 90.539, -134.5693
280.932573, 90.534, -134.3989
282.968326, 90.529, -134.2157
285.018831, 90.526, -134.0177
287.084195, 90.524, -133.8034
289.164526, 90.524, -133.5720
291.259931, 90.527, -133.3236
293.370520, 90.533, -133.0591
295.496404, 90.544, -132.7809
297.637693, 90.561, -132.4934
299.794498, 90.585, -132.2026
301.966933, 90.616, -131.9168
304.155110, 90.655, -131.6473
306.359143, 90.703, -131.4093
308.579148, 90.758, -131.2213
310.815239, 90.818, -131.1014
313.067535, 90.881, -131.0644
315.336151, 90.943, -131.1179
317.621207, 91.000, -131.2597
319.922821, 91.049, -131.4776
322.241114, 91.085, -131.7513
324.576206, 91.108, -132.0549
326.928219, 91.118, -132.3618
329.297275, 91.115, -132.6484
331.683499, 91.102, -132.8976
334.087014, 91.081, -133.0989
336.507947, 91.055, -133.2482
338.946422, 91.025, -133.3459
341.402567, 90.994, -133.3960
343.876511, 90.963, -133.4041
346.368382, 90.932, -133.3772
348.878310, 90.903, -133.3228
351.406426, 90.874, -133.2477
353.952862, 90.847, -133.1576
356.517750, 90.822, -133.0558
359.101225, 90.799, -132.9445
361.703421, 90.777, -132.8249
364.324473, 90.757, -132.6977
366.964518, 90.737, -132.5628
369.623694, 90.719, -132.4202
372.302140, 90.701, -132.2704
374.999995, 90.684, -132.1148
377.717399, 90.668, -131.9547
380.454495, 90.652, -131.7910
383.211425, 90.637, -131.6241
385.988333, 90.622, -131.4537
388.785364, 90.608, -131.2796
391.602663, 90.594, -131.1017
394.440377, 90.580, -130.9199
397.298655, 90.567, -130.7343
400.177644, 90.553, -130.5447
403.077497, 90.539, -130.3510
405.998362, 90.525, -130.1530
408.940394, 90.510, -129.9509
411.903744, 90.496, -129.7451
414.888569, 90.482, -129.5359
417.895022, 90.468, -129.3239
420.923262, 90.455, -129.1093
423.973445, 90.441, -128.8923
427.045732, 90.427, -128.6726
430.140281, 90.413, -128.4499
433.257255, 90.400, -128.2241
436.396816, 90.386, -127.9950
439.559127, 90.372, -127.7626
442.744354, 90.358, -127.5272
445.952662, 90.344, -127.2887
449.184218, 90.331, -127.0476
452.439192, 90.317, -126.8046
455.717753, 90.304, -126.5610
459.020072, 90.291, -126.3178
462.346321, 90.278, -126.0760
465.696673, 90.264, -125.8361
469.071303, 90.251, -125.5986
472.470387, 90.236, -125.3638
475.894102, 90.222, -125.1319
479.342627, 90.206, -124.9036
482.816141, 90.189, -124.6796
486.314826, 90.172, -124.4605
489.838864, 90.152, -124.2473
493.388438, 90.130, -124.0407
496.963734, 90.106, -123.8402
500.564938, 90.077, -123.6433
504.192238, 90.044, -123.4453
507.845823, 90.007, -123.2399
511.525883, 89.965, -123.0192
515.232610, 89.918, -122.7757
518.966198, 89.868, -122.5026
522.726841, 89.814, -122.1944
526.514735, 89.759, -121.8475
530.330078, 89.701, -121.4605
534.173068, 89.644, -121.0334
538.043907, 89.586, -120.5673
541.942795, 89.530, -120.0652
545.869936, 89.476, -119.5313
549.825534, 89.423, -118.9709
553.809797, 89.374, -118.3890
557.822931, 89.326, -117.7897
561.865146, 89.282, -117.1761
565.936652, 89.239, -116.5500
570.037662, 89.198, -115.9129
574.168390, 89.159, -115.2651
578.329051, 89.121, -114.6068
582.519862, 89.083, -113.9371
586.741041, 89.046, -113.2546
590.992808, 89.009, -112.5576
595.275386, 88.973, -111.8446
599.588997, 88.938, -111.1142
603.933866, 88.904, -110.3660
608.310219, 88.870, -109.6003
612.718286, 88.838, -108.8174
617.158295, 88.807, -108.0174
621.630479, 88.777, -107.1995
626.135069, 88.748, -106.3624
630.672302, 88.721, -105.5046
635.242414, 88.696, -104.6264
639.845642, 88.672, -103.7288
644.482227, 88.651, -102.8131
649.152411, 88.631, -101.8791
653.856437, 88.613, -100.9262
658.594551, 88.596, -99.9538
663.366998, 88.582, -98.9622
668.174029, 88.570, -97.9503
673.015893, 88.560, -96.9152
677.892844, 88.552, -95.8517
682.805135, 88.546, -94.7555
687.753022, 88.545, -93.6245
692.736764, 88.547, -92.4587
697.756620, 88.555, -91.2593
702.812853, 88.568, -90.0273
707.905724, 88.589, -88.7647
713.035501, 88.616, -87.4744
718.202450, 88.653, -86.1607
723.406841, 88.699, -84.8293
728.648945, 88.756, -83.4876
733.929036, 88.823, -82.1446
739.247388, 88.901, -80.8101
744.604279, 88.990, -79.4944
749.999989, 89.090, -78.2070
755.434798, 89.198, -76.9555
760.908990, 89.314, -75.7460
766.422850, 89.438, -74.5826
771.976666, 89.568, -73.4673
777.570727, 89.704, -72.4017
783.205325, 89.844, -71.3867
788.880754, 89.989, -70.4235
794.597309, 90.138, -69.5131
800.355289, 90.289, -68.6569
806.154993, 90.441, -67.8546
811.996725, 90.595, -67.1036
817.880788, 90.749, -66.4002
823.807489, 90.903, -65.7426
829.777138, 91.058, -65.1304
835.790045, 91.212, -64.5640
841.846524, 91.366, -64.0438
847.946891, 91.519, -63.5686
854.091464, 91.669, -63.1357
860.280562, 91.818, -62.7416
866.514510, 91.964, -62.3828
872.793631, 92.108, -62.0577
879.118254, 92.249, -61.7657
885.488707, 92.388, -61.5066
891.905323, 92.524, -61.2800
898.368437, 92.657, -61.0858
904.878385, 92.787, -60.9239
911.435507, 92.914, -60.7945
918.040144, 93.038, -60.6979
924.692641, 93.156, -60.6339
931.393345, 93.270, -60.6002
938.142606, 93.377, -60.5928
944.940774, 93.479, -60.6070
951.788204, 93.574, -60.6384
958.685254, 93.663, -60.6835
965.632282, 93.747, -60.7394
972.629652, 93.825, -60.8034
979.677727, 93.898, -60.8731
986.776876, 93.965, -60.9466
993.927468, 94.027, -61.0222
1001.129876, 94.083, -61.0978
1008.384476, 94.133, -61.1712
1015.691645, 94.177, -61.2404
1023.051766, 94.216, -61.3034
1030.465221, 94.249, -61.3580
1037.932396, 94.277, -61.4015
1045.453682, 94.300, -61.4307
1053.029471, 94.318, -61.4424
1060.660156, 94.332, -61.4340
1068.346137, 94.342, -61.4041
1076.087813, 94.350, -61.3519
1083.885589, 94.355, -61.2778
1091.739871, 94.359, -61.1838
1099.651068, 94.361, -61.0730
1107.619593, 94.363, -60.9497
1115.645861, 94.363, -60.8183
1123.730291, 94.362, -60.6826
1131.873304, 94.359, -60.5453
1140.075325, 94.354, -60.4073
1148.336780, 94.346, -60.2677
1156.658102, 94.335, -60.1240
1165.039724, 94.320, -59.9721
1173.482082, 94.301, -59.8076
1181.985617, 94.280, -59.6267
1190.550772, 94.255, -59.4265
1199.177993, 94.228, -59.2067
1207.867731, 94.200, -58.9689
1216.620439, 94.171, -58.7173
1225.436572, 94.141, -58.4572
1234.316591, 94.110, -58.1943
1243.260957, 94.078, -57.9331
1252.270139, 94.043, -57.6759
1261.344604, 94.005, -57.4224
1270.484827, 93.962, -57.1696
1279.691284, 93.915, -56.9129
1288.964455, 93.862, -56.6461
1298.304823, 93.803, -56.3628
1307.712874, 93.739, -56.0573
1317.189101, 93.670, -55.7254
1326.733996, 93.597, -55.3638
1336.348058, 93.519, -54.9704
1346.031787, 93.438, -54.5435
1355.785688, 93.353, -54.0813
1365.610270, 93.266, -53.5830
1375.506045, 93.175, -53.0481
1385.473529, 93.082, -52.4763
1395.513241, 92.987, -51.8676
1405.625705, 92.890, -51.2217
1415.811448, 92.792, -50.5383
1426.071002, 92.692, -49.8175
1436.404900, 92.592, -49.0596
1446.813682, 92.491, -48.2652
1457.297890, 92.390, -47.4345
1467.858072, 92.288, -46.5670
1478.494776, 92.186, -45.6616
1489.208559, 92.084, -44.7164
1499.999978, 91.982, -43.7300
1510.869596, 91.882, -42.7010
1521.817980, 91.783, -41.6294
1532.845701, 91.686, -40.5160
1543.953332, 91.592, -39.3625
1555.141455, 91.503, -38.1719
1566.410651, 91.418, -36.9485
1577.761508, 91.339, -35.6975
1589.194618, 91.265, -34.4251
1600.710578, 91.200, -33.1375
1612.309986, 91.143, -31.8412
1623.993449, 91.096, -30.5430
1635.761575, 91.062, -29.2496
1647.614978, 91.040, -27.9670
1659.554275, 91.031, -26.7001
1671.580089, 91.031, -25.4522
1683.693048, 91.035, -24.2233
1695.893782, 91.037, -23.0102
1708.182927, 91.030, -21.8064
1720.561125, 91.011, -20.6027
1733.029020, 90.975, -19.3882
1745.587263, 90.922, -18.1509
1758.236508, 90.852, -16.8793
1770.977414, 90.767, -15.5645
1783.810646, 90.671, -14.2022
1796.736874, 90.570, -12.7950
1809.756770, 90.466, -11.3517
1822.871013, 90.364, -9.8833
1836.080288, 90.262, -8.3950
1849.385283, 90.162, -6.8794
1862.786691, 90.062, -5.3175
1876.285211, 89.964, -3.6883
1889.881547, 89.872, -1.9794
1903.576408, 89.789, -0.1970
1917.370507, 89.721, 1.6296
1931.264564, 89.670, 3.4504
1945.259304, 89.637, 5.2037
1959.355454, 89.618, 6.8313
1973.553752, 89.607, 8.2932
1987.854936, 89.596, 9.5743
2002.259752, 89.576, 10.6824
2016.768952, 89.540, 11.6421
2031.383291, 89.479, 12.4927
2046.103531, 89.391, 13.2867
2060.930441, 89.271, 14.0850
2075.864793, 89.122, 14.9467
2090.907365, 88.948, 15.9178
2106.058941, 88.753, 17.0253
2121.320313, 88.544, 18.2784
2136.692274, 88.325, 19.6752
2152.175627, 88.098, 21.2114
2167.771179, 87.868, 22.8858
2183.479742, 87.637, 24.7018
2199.302137, 87.407, 26.6629
2215.239187, 87.183, 28.7651
2231.291723, 86.968, 30.9904
2247.460582, 86.768, 33.3066
2263.746608, 86.583, 35.6747
2280.150649, 86.414, 38.0607
2296.673561, 86.258, 40.4430
2313.316204, 86.114, 42.8140
2330.079447, 85.981, 45.1761
2346.964163, 85.857, 47.5366
2363.971233, 85.743, 49.9043
2381.101543, 85.638, 52.2863
2398.355986, 85.541, 54.6874
2415.735463, 85.452, 57.1093
2433.240878, 85.371, 59.5513
2450.873144, 85.295, 62.0103
2468.633181, 85.224, 64.4822
2486.521915, 85.158, 66.9627
2504.540278, 85.095, 69.4484
2522.689209, 85.035, 71.9385
2540.969655, 84.979, 74.4349
2559.382568, 84.926, 76.9423
2577.928909, 84.878, 79.4669
2596.609645, 84.837, 82.0142
2615.425749, 84.804, 84.5878
2634.378202, 84.781, 87.1873
2653.467992, 84.770, 89.8099
2672.696115, 84.772, 92.4502
2692.063573, 84.785, 95.1026
2711.571376, 84.811, 97.7620
2731.220539, 84.847, 100.4242
2751.012089, 84.892, 103.0866
2770.947057, 84.944, 105.7487
2791.026482, 84.999, 108.4133
2811.251410, 85.055, 111.0861
2831.622897, 85.111, 113.7751
2852.142003, 85.163, 116.4885
2872.809800, 85.212, 119.2323
2893.627364, 85.258, 122.0095
2914.595781, 85.300, 124.8186
2935.716143, 85.338, 127.6537
2956.989553, 85.371, 130.5056
2978.417118, 85.401, 133.3623
2999.999956, 85.424, 136.2106
3021.739192, 85.442, 139.0372
3043.635960, 85.450, 141.8315
3065.691401, 85.448, 144.5887
3087.906665, 85.430, 147.3169
3110.282909, 85.393, 150.0464
3132.821301, 85.335, 152.8396
3155.523016, 85.257, 155.7929
3178.389237, 85.166, 159.0168
3201.421155, 85.079, 162.5841
3224.619973, 85.016, 166.4646
3247.986898, 84.994, 170.5085
3271.523150, 85.013, 174.5145
3295.229956, 85.065, 178.3295
3319.108550, 85.133, -178.1022
3343.160179, 85.203, -174.7537
3367.386096, 85.267, -171.5550
3391.787563, 85.319, -168.4269
3416.365854, 85.359, -165.3000
3441.122250, 85.391, -162.1241
3466.058040, 85.417, -158.8718
3491.174525, 85.443, -155.5372
3516.473015, 85.471, -152.1311
3541.954828, 85.505, -148.6727
3567.621293, 85.544, -145.1836
3593.473747, 85.589, -141.6832
3619.513539, 85.639, -138.1883
3645.742027, 85.694, -134.7119
3672.160576, 85.750, -131.2616
3698.770566, 85.807, -127.8387
3725.573382, 85.864, -124.4388
3752.570422, 85.920, -121.0537
3779.763094, 85.977, -117.6741
3807.152816, 86.035, -114.2925
3834.741015, 86.096, -110.9050
3862.529129, 86.162, -107.5115
3890.518607, 86.234, -104.1135
3918.710909, 86.313, -100.7100
3947.107503, 86.399, -97.2961
3975.709871, 86.492, -93.8635
4004.519504, 86.594, -90.4051
4033.537903, 86.704, -86.9171
4062.766581, 86.821, -83.3989
4092.207063, 86.944, -79.8448
4121.860882, 87.069, -76.2335
4151.729585, 87.196, -72.5226
4181.814729, 87.326, -68.6539
4212.117883, 87.463, -64.5659
4242.640625, 87.616, -60.2062
4273.384548, 87.796, -55.5446
4304.351254, 88.018, -50.5821
4335.542358, 88.294, -45.3582
4366.959485, 88.638, -39.9541
4398.604273, 89.061, -34.4942
4430.478373, 89.566, -29.1446
4462.583446, 90.153, -24.1025
4494.921165, 90.809, -19.5690
4527.493217, 91.516, -15.7128
4560.301299, 92.248, -12.6395
4593.347122, 92.979, -10.3804
4626.632409, 93.683, -8.8971
4660.158894, 94.340, -8.0956
4693.928327, 94.932, -7.8424
4727.942466, 95.450, -7.9803
4762.203086, 95.891, -8.3437
4796.711973, 96.258, -8.7721
4831.470925, 96.560, -9.1255
4866.481755, 96.813, -9.2982
4901.746288, 97.031, -9.2281
4937.266362, 97.231, -8.9014
4973.043830, 97.427, -8.3480
5009.080555, 97.629, -7.6300
5045.378418, 97.838, -6.8230
5081.939310, 98.055, -5.9991
5118.765137, 98.273, -5.2144
5155.857819, 98.487, -4.5048
5193.219290, 98.691, -3.8881
5230.851498, 98.879, -3.3685
5268.756404, 99.046, -2.9423
5306.935985, 99.187, -2.6014
5345.392231, 99.301, -2.3386
5384.127146, 99.383, -2.1486
5423.142751, 99.432, -2.0284
5462.441079, 99.444, -1.9749
5502.024179, 99.415, -1.9821
5541.894114, 99.344, -2.0401
5582.052963, 99.227, -2.1347
5622.502820, 99.061, -2.2465
5663.245793, 98.846, -2.3497
5704.284007, 98.579, -2.4117
5745.619600, 98.259, -2.3936
5787.254728, 97.887, -2.2533
5829.191562, 97.465, -1.9484
5871.432287, 96.994, -1.4386
5913.979105, 96.478, -0.6882
5956.834236, 95.922, 0.3318
5999.999912, 95.328, 1.6431
6043.478385, 94.702, 3.2626
6087.271921, 94.047, 5.2035
6131.382802, 93.368, 7.4753
6175.813330, 92.668, 10.0826
6220.565819, 91.951, 13.0241
6265.642603, 91.222, 16.2960
6311.046032, 90.480, 19.8992
6356.778473, 89.729, 23.8475
6402.842310, 88.969, 28.1738
6449.239945, 88.203, 32.9314
6495.973796, 87.436, 38.1854
6543.046300, 86.678, 43.9984
6590.459911, 85.942, 50.4070
6638.217100, 85.245, 57.3967
6686.320358, 84.603, 64.8877
6734.772191, 84.033, 72.7405
6783.575127, 83.542, 80.7801
6832.731709, 83.136, 88.8270
6882.244499, 82.812, 96.7230
6932.116080, 82.562, 104.3469
6982.349051, 82.376, 111.6142
7032.946030, 82.243, 118.4531
7083.909656, 82.152, 124.7739
7135.242586, 82.085, 130.4733
7186.947495, 82.019, 135.4877
7239.027079, 81.924, 139.8485
7291.484053, 81.774, 143.6985
7344.321152, 81.544, 147.2880
7397.541131, 81.219, 150.9769
7451.146763, 80.806, 155.2074
7505.140844, 80.333, 160.3754
7559.526189, 79.853, 166.6105
7614.305632, 79.418, 173.6503
7669.482029, 79.057, -178.9850
7725.058258, 78.775, -171.6584
7781.037214, 78.567, -164.4832
7837.421817, 78.435, -157.4783
7894.215007, 78.388, -150.7910
7951.419743, 78.430, -144.7659
8009.039008, 78.548, -139.8304
8067.075806, 78.709, -136.3272
8125.533163, 78.865, -134.4351
8184.414126, 78.969, -134.1934
8243.721764, 78.978, -135.5671
8303.459170, 78.860, -138.5172
8363.629458, 78.598, -143.0677
8424.235765, 78.193, -149.3688
8485.281250, 77.664, -157.7433
8546.769096, 77.061, -168.6555
8608.702508, 76.476, 177.5890
8671.084715, 76.050, 161.6714
8733.918969, 75.949, 145.9405
8797.208547, 76.295, 133.1627
8860.956746, 77.094, 124.5101
8925.166891, 78.247, 119.5157
8989.842330, 79.621, 117.0574
9054.986433, 81.102, 115.9580
9120.602598, 82.604, 115.2119
9186.694244, 84.060, 114.0726
9253.264817, 85.414, 112.0760
9320.317788, 86.618, 109.0135
9387.856653, 87.625, 104.8840
9455.884932, 88.396, 99.8528
9524.406173, 88.900, 94.2173
9593.423946, 89.122, 88.3641
9662.941850, 89.067, 82.6978
9732.963510, 88.758, 77.5593
9803.492576, 88.232, 73.1675
9874.532725, 87.530, 69.6011
9946.087659, 86.685, 66.8124
10018.161110, 85.725, 64.6578
10090.756835, 84.663, 62.9363
10163.878619, 83.502, 61.4147
10237.530273, 82.235, 59.8254
10311.715638, 80.859, 57.8014
10386.438580, 79.387, 54.6823
10461.702996, 77.873, 48.9222
10537.512808, 76.466, 35.9546
10613.871970, 75.442, 2.2305
10690.784461, 75.096, -45.5382
10768.254293, 75.478, -67.1343
10846.285502, 76.337, -74.1326
10924.882158, 77.387, -75.6740
11004.048358, 78.454, -74.6730
11083.788228, 79.465, -72.2432
11164.105927, 80.403, -68.8635
11245.005640, 81.274, -64.7113
11326.491587, 82.106, -59.8132
11408.568014, 82.933, -54.1826
11491.239200, 83.794, -47.9678
11574.509457, 84.715, -41.5425
11658.383123, 85.697, -35.4494
11742.864573, 86.721, -30.2183
11827.958211, 87.749, -26.2055
11913.668472, 88.738, -23.5511
11999.999825, 89.643, -22.2198
12086.956770, 90.421, -22.0463
12174.543841, 91.033, -22.7546
12262.765605, 91.451, -23.9598
12351.626659, 91.664, -25.1801
12441.131638, 91.687, -25.8812
12531.285206, 91.566, -25.5584
12622.092064, 91.376, -23.8412
12713.556946, 91.212, -20.6091
12805.684621, 91.170, -16.0991
12898.479890, 91.319, -10.9376
12991.947593, 91.675, -5.9910
13086.092601, 92.194, -2.0594
13180.919822, 92.796, 0.3772
13276.434201, 93.394, 1.2111
13372.640716, 93.912, 0.6078
13469.544383, 94.294, -1.1177
13567.150254, 94.505, -3.5966
13665.463417, 94.530, -6.4635
13764.488998, 94.363, -9.3848
13864.232160, 94.008, -12.0557
13964.698101, 93.473, -14.1697
14065.892060, 92.772, -15.3806
14167.819312, 91.931, -15.2884
14270.485171, 90.999, -13.5188
14373.894990, 90.052, -9.9521
14478.054158, 89.183, -5.0123
14582.968107, 88.459, 0.3225
14688.642305, 87.888, 5.0070
14795.082262, 87.414, 8.4922
14902.293527, 86.948, 10.8491
15010.281689, 86.415, 12.5371
15119.052378, 85.777, 14.1223
15228.611264, 85.030, 16.0776
15338.964058, 84.198, 18.7086
15450.116515, 83.313, 22.1979
15562.074428, 82.418, 26.6610
15674.843635, 81.568, 32.0583
15788.430013, 80.828, 37.9472
15902.839485, 80.245, 43.4021
16018.078016, 79.808, 47.4401
16134.151612, 79.444, 49.5789
16251.066326, 79.053, 49.9243
16368.828251, 78.554, 48.8917
16487.443528, 77.897, 46.9396
16606.918341, 77.060, 44.4579
16727.258917, 76.033, 41.7958
16848.471530, 74.811, 39.4000
16970.562500, 73.392, 38.0483
17093.538192, 71.790, 39.1511
17217.405016, 70.051, 44.9426
17342.169430, 68.266, 57.3739
17467.837939, 66.565, 73.4800
17594.417093, 65.078, 85.2094
17721.913492, 63.880, 89.1974
17850.333783, 62.967, 86.4688
17979.684660, 62.298, 77.5431
18109.972866, 61.850, 60.5072
18241.205195, 61.631, 30.4973
18373.388487, 61.654, -9.8358
18506.529634, 61.896, -41.7051
18640.635577, 62.295, -61.9125
18775.713306, 62.792, -75.9171
18911.769865, 63.362, -86.8368
19048.812345, 64.024, -96.1093
19186.847892, 64.807, -104.5408
19325.883701, 65.707, -112.7246
19465.927021, 66.664, -121.0789
19606.985152, 67.574, -129.6490
19749.065449, 68.336, -137.8779
19892.175318, 68.872, -144.6174
20036.322221, 69.146, -148.4909
