* Measurement data measured by REW V5.40 beta 55
* Source: Headset (USB-C to 3.5mm Headphone Jack Adapter), MICROPHONE (Master Volume), L, volume: 0.250
* Format: 256k Log Swept Sine, 1 sweep at -6.0 dBFS with no timing reference
* Dated: Jan 16, 2025 10:48:13 PM
* REW Settings:
*  C-weighting compensation: Off
*  Target level: 75.0 dB
* Note: ; 
* Measurement: Right 26
* Smoothing: 1/12 octave
* Frequency Step: 96 ppo
* Start Frequency: 20.0 Hz
*
* Freq(Hz), SPL(dB), Phase(degrees)
19.995176, 67.875, -18.5384
20.140070, 68.255, -17.7581
20.286013, 68.662, -17.2849
20.433014, 69.077, -17.1530
20.581080, 69.481, -17.3558
20.730219, 69.860, -17.8529
20.880438, 70.203, -18.5807
21.031747, 70.504, -19.4635
21.184151, 70.760, -20.4203
21.337660, 70.973, -21.3732
21.492282, 71.150, -22.2537
21.648024, 71.297, -23.0086
21.804894, 71.428, -23.6062
21.962902, 71.553, -24.0411
22.122054, 71.683, -24.3362
22.282359, 71.827, -24.5408
22.443827, 71.989, -24.7222
22.606464, 72.168, -24.9527
22.770280, 72.358, -25.2966
22.935282, 72.550, -25.7974
23.101481, 72.733, -26.4715
23.268884, 72.897, -27.3072
23.437500, 73.033, -28.2684
23.607337, 73.139, -29.3022
23.778406, 73.213, -30.3481
23.950714, 73.259, -31.3473
24.124271, 73.285, -32.2537
24.299085, 73.303, -33.0421
24.475166, 73.325, -33.7161
24.652524, 73.362, -34.3089
24.831166, 73.422, -34.8788
25.011103, 73.506, -35.4977
25.192344, 73.611, -36.2337
25.374898, 73.729, -37.1362
25.558775, 73.848, -38.2246
25.743984, 73.955, -39.4846
25.930536, 74.043, -40.8718
26.118439, 74.106, -42.3203
26.307704, 74.143, -43.7538
26.498340, 74.161, -45.0986
26.690358, 74.170, -46.2972
26.883768, 74.184, -47.3192
27.078578, 74.217, -48.1706
27.274801, 74.282, -48.8939
27.472445, 74.385, -49.5594
27.671522, 74.525, -50.2489
27.872041, 74.694, -51.0342
28.074014, 74.882, -51.9611
28.277450, 75.072, -53.0403
28.482360, 75.254, -54.2492
28.688755, 75.418, -55.5400
28.896645, 75.560, -56.8519
29.106042, 75.680, -58.1231
29.316956, 75.783, -59.3024
29.529399, 75.876, -60.3566
29.743381, 75.964, -61.2745
29.958914, 76.056, -62.0665
30.176009, 76.154, -62.7593
30.394677, 76.260, -63.3873
30.614929, 76.373, -63.9843
30.836777, 76.488, -64.5758
31.060233, 76.602, -65.1761
31.285309, 76.711, -65.7882
31.512015, 76.814, -66.4077
31.740364, 76.908, -67.0264
31.970368, 76.995, -67.6369
32.202038, 77.074, -68.2349
32.435387, 77.149, -68.8201
32.670428, 77.219, -69.3960
32.907171, 77.285, -69.9688
33.145630, 77.350, -70.5463
33.385817, 77.412, -71.1375
33.627744, 77.474, -71.7520
33.871425, 77.535, -72.3997
34.116871, 77.595, -73.0898
34.364096, 77.653, -73.8297
34.613112, 77.707, -74.6226
34.863933, 77.757, -75.4664
35.116572, 77.801, -76.3526
35.371041, 77.837, -77.2661
35.627354, 77.866, -78.1875
35.885524, 77.889, -79.0959
36.145566, 77.909, -79.9722
36.407491, 77.929, -80.8033
36.671315, 77.953, -81.5854
36.937051, 77.984, -82.3251
37.204712, 78.027, -83.0386
37.474312, 78.081, -83.7484
37.745867, 78.144, -84.4775
38.019389, 78.215, -85.2430
38.294893, 78.287, -86.0511
38.572393, 78.356, -86.8945
38.851905, 78.418, -87.7537
39.133442, 78.472, -88.6014
39.417019, 78.517, -89.4105
39.702651, 78.558, -90.1604
39.990353, 78.596, -90.8439
40.280139, 78.636, -91.4683
40.572026, 78.681, -92.0527
40.866027, 78.730, -92.6221
41.162159, 78.783, -93.1992
41.460437, 78.836, -93.7985
41.760877, 78.886, -94.4243
42.063493, 78.932, -95.0723
42.368303, 78.972, -95.7334
42.675321, 79.006, -96.3989
42.984564, 79.036, -97.0629
43.296048, 79.062, -97.7230
43.609789, 79.085, -98.3792
43.925803, 79.105, -99.0312
44.244108, 79.124, -99.6774
44.564719, 79.140, -100.3151
44.887653, 79.156, -100.9414
45.212928, 79.173, -101.5558
45.540559, 79.190, -102.1604
45.870565, 79.209, -102.7587
46.202962, 79.228, -103.3538
46.537767, 79.249, -103.9451
46.874999, 79.269, -104.5291
47.214675, 79.289, -105.1009
47.556812, 79.311, -105.6588
47.901428, 79.335, -106.2081
48.248542, 79.362, -106.7609
48.598170, 79.390, -107.3317
48.950333, 79.419, -107.9302
49.305047, 79.443, -108.5565
49.662332, 79.463, -109.2007
50.022206, 79.476, -109.8480
50.384687, 79.484, -110.4869
50.749795, 79.490, -111.1149
51.117549, 79.495, -111.7381
51.487968, 79.498, -112.3654
51.861071, 79.499, -113.0003
52.236878, 79.496, -113.6367
52.615408, 79.489, -114.2599
52.996681, 79.479, -114.8538
53.380716, 79.468, -115.4084
53.767535, 79.460, -115.9250
54.157157, 79.457, -116.4144
54.549602, 79.459, -116.8915
54.944891, 79.464, -117.3673
55.343044, 79.470, -117.8441
55.744083, 79.475, -118.3162
56.148027, 79.479, -118.7748
56.554899, 79.482, -119.2139
56.964719, 79.483, -119.6320
57.377509, 79.484, -120.0285
57.793290, 79.483, -120.3994
58.212084, 79.483, -120.7385
58.633913, 79.485, -121.0461
59.058798, 79.493, -121.3396
59.486763, 79.509, -121.6542
59.917828, 79.531, -122.0289
60.352018, 79.552, -122.4842
60.789353, 79.566, -123.0103
61.229858, 79.569, -123.5723
61.673555, 79.563, -124.1311
62.120467, 79.551, -124.6624
62.570617, 79.538, -125.1616
63.024030, 79.526, -125.6365
63.480728, 79.517, -126.0940
63.940735, 79.509, -126.5371
64.404076, 79.504, -126.9670
64.870775, 79.501, -127.3870
65.340855, 79.500, -127.8015
65.814342, 79.501, -128.2124
66.291260, 79.500, -128.6165
66.771634, 79.499, -129.0085
67.255488, 79.497, -129.3838
67.742849, 79.494, -129.7402
68.233742, 79.490, -130.0786
68.728192, 79.487, -130.4026
69.226225, 79.485, -130.7178
69.727866, 79.482, -131.0302
70.233143, 79.479, -131.3445
70.742082, 79.476, -131.6616
71.254708, 79.471, -131.9792
71.771049, 79.464, -132.2928
72.291131, 79.456, -132.5991
72.814983, 79.448, -132.8979
73.342630, 79.441, -133.1915
73.874101, 79.434, -133.4832
74.409423, 79.427, -133.7744
74.948625, 79.420, -134.0649
75.491733, 79.414, -134.3540
76.038777, 79.409, -134.6428
76.589786, 79.405, -134.9333
77.144787, 79.401, -135.2268
77.703810, 79.397, -135.5219
78.266884, 79.393, -135.8152
78.834038, 79.388, -136.1039
79.405302, 79.385, -136.3871
79.980705, 79.381, -136.6648
80.560278, 79.377, -136.9373
81.144051, 79.373, -137.2036
81.732055, 79.368, -137.4618
82.324319, 79.363, -137.7097
82.920875, 79.357, -137.9463
83.521754, 79.351, -138.1726
84.126987, 79.345, -138.3927
84.736605, 79.340, -138.6116
85.350642, 79.334, -138.8323
85.969128, 79.327, -139.0542
86.592096, 79.320, -139.2750
87.219578, 79.312, -139.4930
87.851607, 79.304, -139.7069
88.488216, 79.295, -139.9143
89.129438, 79.287, -140.1118
89.775306, 79.279, -140.2961
90.425855, 79.272, -140.4690
91.081118, 79.267, -140.6361
91.741129, 79.263, -140.8047
92.405924, 79.260, -140.9790
93.075535, 79.257, -141.1588
93.749999, 79.252, -141.3411
94.429350, 79.247, -141.5227
95.113624, 79.242, -141.7035
95.802856, 79.238, -141.8850
96.497083, 79.235, -142.0693
97.196341, 79.233, -142.2566
97.900666, 79.232, -142.4443
98.610094, 79.232, -142.6285
99.324664, 79.235, -142.8081
100.044411, 79.238, -142.9861
100.769374, 79.243, -143.1665
101.499591, 79.246, -143.3507
102.235098, 79.246, -143.5355
102.975936, 79.241, -143.7117
103.722142, 79.232, -143.8669
104.473756, 79.219, -143.9958
105.230815, 79.205, -144.1049
105.993361, 79.191, -144.2076
106.761433, 79.179, -144.3169
107.535070, 79.167, -144.4398
108.314314, 79.158, -144.5791
109.099204, 79.149, -144.7334
109.889782, 79.142, -144.8978
110.686088, 79.136, -145.0641
111.488165, 79.129, -145.2217
112.296055, 79.122, -145.3606
113.109798, 79.114, -145.4736
113.929438, 79.105, -145.5605
114.755018, 79.094, -145.6270
115.586580, 79.082, -145.6807
116.424168, 79.067, -145.7274
117.267826, 79.051, -145.7703
118.117597, 79.035, -145.8120
118.973525, 79.022, -145.8593
119.835657, 79.012, -145.9242
120.704035, 79.006, -146.0179
121.578706, 79.002, -146.1396
122.459716, 78.998, -146.2750
123.347109, 78.993, -146.4053
124.240933, 78.988, -146.5153
125.141234, 78.983, -146.5967
126.048059, 78.979, -146.6514
126.961456, 78.978, -146.6931
127.881471, 78.978, -146.7405
128.808153, 78.978, -146.8046
129.741550, 78.976, -146.8813
130.681710, 78.972, -146.9584
131.628684, 78.967, -147.0273
132.582520, 78.963, -147.0874
133.543267, 78.958, -147.1409
134.510977, 78.955, -147.1899
135.485699, 78.951, -147.2351
136.467484, 78.948, -147.2767
137.456384, 78.944, -147.3157
138.452449, 78.941, -147.3517
139.455733, 78.938, -147.3826
140.466286, 78.936, -147.4067
141.484163, 78.934, -147.4254
142.509416, 78.933, -147.4403
143.542098, 78.932, -147.4517
144.582263, 78.931, -147.4594
145.629965, 78.931, -147.4658
146.685260, 78.931, -147.4741
147.748202, 78.931, -147.4860
148.818846, 78.933, -147.5010
149.897249, 78.934, -147.5166
150.983466, 78.936, -147.5286
152.077555, 78.938, -147.5330
153.179572, 78.939, -147.5309
154.289574, 78.940, -147.5275
155.407620, 78.938, -147.5259
156.533767, 78.935, -147.5242
157.668076, 78.929, -147.5206
158.810603, 78.921, -147.5156
159.961411, 78.913, -147.5081
161.120557, 78.905, -147.4973
162.288103, 78.899, -147.4847
163.464109, 78.897, -147.4758
164.648638, 78.897, -147.4757
165.841750, 78.900, -147.4854
167.043507, 78.904, -147.5010
168.253973, 78.908, -147.5162
169.473211, 78.911, -147.5264
170.701284, 78.914, -147.5298
171.938256, 78.916, -147.5283
173.184191, 78.918, -147.5239
174.439155, 78.920, -147.5173
175.703213, 78.922, -147.5077
176.976431, 78.923, -147.4929
178.258875, 78.923, -147.4706
179.550613, 78.923, -147.4409
180.851710, 78.923, -147.4073
182.162236, 78.925, -147.3740
183.482259, 78.928, -147.3438
184.811847, 78.932, -147.3181
186.151070, 78.936, -147.2955
187.499997, 78.939, -147.2723
188.858700, 78.940, -147.2466
190.227248, 78.940, -147.2207
191.605713, 78.938, -147.1981
192.994167, 78.936, -147.1791
194.392682, 78.934, -147.1602
195.801331, 78.933, -147.1371
197.220189, 78.934, -147.1072
198.649327, 78.937, -147.0714
200.088822, 78.940, -147.0325
201.538748, 78.944, -146.9935
202.999181, 78.946, -146.9569
204.470197, 78.949, -146.9229
205.951872, 78.950, -146.8899
207.444284, 78.951, -146.8560
208.947511, 78.951, -146.8196
210.461631, 78.952, -146.7810
211.986723, 78.954, -146.7413
213.522866, 78.957, -146.7009
215.070141, 78.961, -146.6594
216.628627, 78.966, -146.6166
218.198408, 78.970, -146.5732
219.779563, 78.974, -146.5326
221.372177, 78.975, -146.4978
222.976331, 78.976, -146.4702
224.592109, 78.976, -146.4485
226.219596, 78.977, -146.4287
227.858877, 78.978, -146.4071
229.510036, 78.979, -146.3796
231.173160, 78.980, -146.3419
232.848336, 78.980, -146.2878
234.535651, 78.980, -146.2122
236.235193, 78.980, -146.1152
237.947051, 78.979, -146.0105
239.671313, 78.977, -145.9202
241.408071, 78.974, -145.8617
243.157413, 78.968, -145.8348
244.919432, 78.963, -145.8265
246.694219, 78.958, -145.8223
248.481867, 78.956, -145.8120
250.282469, 78.955, -145.7919
252.096119, 78.954, -145.7605
253.922911, 78.951, -145.7178
255.762941, 78.946, -145.6641
257.616305, 78.939, -145.6007
259.483099, 78.930, -145.5302
261.363421, 78.921, -145.4561
263.257368, 78.912, -145.3820
265.165039, 78.904, -145.3103
267.086534, 78.895, -145.2385
269.021953, 78.886, -145.1602
270.971397, 78.876, -145.0706
272.934968, 78.865, -144.9703
274.912767, 78.855, -144.8645
276.904898, 78.844, -144.7585
278.911465, 78.833, -144.6552
280.932573, 78.822, -144.5510
282.968326, 78.813, -144.4417
285.018831, 78.803, -144.3254
287.084195, 78.795, -144.2054
289.164526, 78.786, -144.0851
291.259931, 78.776, -143.9637
293.370520, 78.765, -143.8353
295.496404, 78.753, -143.6923
297.637693, 78.742, -143.5315
299.794498, 78.731, -143.3571
301.966933, 78.719, -143.1768
304.155110, 78.707, -142.9966
306.359143, 78.693, -142.8184
308.579148, 78.679, -142.6399
310.815239, 78.664, -142.4590
313.067535, 78.651, -142.2770
315.336151, 78.638, -142.0964
317.621207, 78.627, -141.9182
319.922821, 78.616, -141.7402
322.241114, 78.607, -141.5586
324.576206, 78.598, -141.3684
326.928219, 78.590, -141.1667
329.297275, 78.582, -140.9526
331.683499, 78.573, -140.7271
334.087014, 78.563, -140.4923
336.507947, 78.552, -140.2501
338.946422, 78.541, -140.0007
341.402567, 78.530, -139.7432
343.876511, 78.520, -139.4775
346.368382, 78.512, -139.2063
348.878310, 78.506, -138.9314
351.406426, 78.500, -138.6541
353.952862, 78.495, -138.3754
356.517750, 78.491, -138.0964
359.101225, 78.486, -137.8192
361.703421, 78.482, -137.5459
364.324473, 78.479, -137.2762
366.964518, 78.476, -137.0090
369.623694, 78.473, -136.7419
372.302140, 78.470, -136.4724
374.999995, 78.467, -136.1974
377.717399, 78.465, -135.9152
380.454495, 78.464, -135.6256
383.211425, 78.463, -135.3300
385.988333, 78.463, -135.0294
388.785364, 78.462, -134.7247
391.602663, 78.462, -134.4163
394.440377, 78.461, -134.1045
397.298655, 78.460, -133.7898
400.177644, 78.459, -133.4731
403.077497, 78.459, -133.1545
405.998362, 78.460, -132.8344
408.940394, 78.461, -132.5118
411.903744, 78.463, -132.1860
414.888569, 78.464, -131.8560
417.895022, 78.465, -131.5219
420.923262, 78.466, -131.1853
423.973445, 78.466, -130.8484
427.045732, 78.466, -130.5123
430.140281, 78.467, -130.1774
433.257255, 78.468, -129.8418
436.396816, 78.469, -129.5032
439.559127, 78.472, -129.1577
442.744354, 78.476, -128.8040
445.952662, 78.481, -128.4443
449.184218, 78.488, -128.0840
452.439192, 78.496, -127.7253
455.717753, 78.504, -127.3679
459.020072, 78.514, -127.0118
462.346321, 78.523, -126.6591
465.696673, 78.533, -126.3125
469.071303, 78.543, -125.9720
472.470387, 78.553, -125.6335
475.894102, 78.563, -125.2906
479.342627, 78.573, -124.9385
482.816141, 78.583, -124.5771
486.314826, 78.594, -124.2122
489.838864, 78.605, -123.8501
493.388438, 78.615, -123.4960
496.963734, 78.624, -123.1508
500.564938, 78.631, -122.8102
504.192238, 78.637, -122.4674
507.845823, 78.641, -122.1166
511.525883, 78.646, -121.7554
515.232610, 78.650, -121.3837
518.966198, 78.656, -121.0029
522.726841, 78.663, -120.6149
526.514735, 78.670, -120.2194
530.330078, 78.678, -119.8154
534.173068, 78.687, -119.4036
538.043907, 78.697, -118.9893
541.942795, 78.710, -118.5812
545.869936, 78.723, -118.1854
549.825534, 78.737, -117.8027
553.809797, 78.751, -117.4295
557.822931, 78.764, -117.0582
561.865146, 78.775, -116.6796
565.936652, 78.785, -116.2861
570.037662, 78.796, -115.8771
574.168390, 78.808, -115.4596
578.329051, 78.822, -115.0432
582.519862, 78.838, -114.6342
586.741041, 78.855, -114.2337
590.992808, 78.872, -113.8403
595.275386, 78.889, -113.4511
599.588997, 78.906, -113.0628
603.933866, 78.922, -112.6733
608.310219, 78.938, -112.2839
612.718286, 78.954, -111.8951
617.158295, 78.968, -111.5028
621.630479, 78.982, -111.0975
626.135069, 78.997, -110.6721
630.672302, 79.013, -110.2297
635.242414, 79.031, -109.7805
639.845642, 79.052, -109.3354
644.482227, 79.075, -108.9055
649.152411, 79.099, -108.4983
653.856437, 79.122, -108.1161
658.594551, 79.143, -107.7546
663.366998, 79.162, -107.4057
668.174029, 79.179, -107.0609
673.015893, 79.195, -106.7155
677.892844, 79.210, -106.3706
682.805135, 79.224, -106.0328
687.753022, 79.236, -105.7061
692.736764, 79.246, -105.3851
697.756620, 79.253, -105.0573
702.812853, 79.258, -104.7115
707.905724, 79.261, -104.3432
713.035501, 79.264, -103.9542
718.202450, 79.268, -103.5502
723.406841, 79.272, -103.1389
728.648945, 79.277, -102.7269
733.929036, 79.282, -102.3187
739.247388, 79.287, -101.9186
744.604279, 79.291, -101.5317
749.999989, 79.295, -101.1610
755.434798, 79.297, -100.8033
760.908990, 79.297, -100.4512
766.422850, 79.294, -100.0970
771.976666, 79.288, -99.7341
777.570727, 79.280, -99.3581
783.205325, 79.269, -98.9678
788.880754, 79.256, -98.5663
794.597309, 79.240, -98.1547
800.355289, 79.220, -97.7271
806.154993, 79.196, -97.2709
811.996725, 79.171, -96.7751
817.880788, 79.147, -96.2378
823.807489, 79.124, -95.6663
829.777138, 79.104, -95.0702
835.790045, 79.087, -94.4545
841.846524, 79.072, -93.8185
847.946891, 79.060, -93.1608
854.091464, 79.052, -92.4862
860.280562, 79.049, -91.8087
866.514510, 79.050, -91.1461
872.793631, 79.054, -90.5126
879.118254, 79.058, -89.9127
885.488707, 79.060, -89.3429
891.905323, 79.058, -88.7954
898.368437, 79.051, -88.2599
904.878385, 79.039, -87.7249
911.435507, 79.022, -87.1779
918.040144, 79.001, -86.6054
924.692641, 78.976, -85.9954
931.393345, 78.949, -85.3409
938.142606, 78.921, -84.6415
944.940774, 78.894, -83.8994
951.788204, 78.868, -83.1144
958.685254, 78.844, -82.2869
965.632282, 78.824, -81.4213
972.629652, 78.808, -80.5242
979.677727, 78.799, -79.6021
986.776876, 78.796, -78.6616
993.927468, 78.800, -77.7114
1001.129876, 78.810, -76.7623
1008.384476, 78.826, -75.8241
1015.691645, 78.847, -74.9039
1023.051766, 78.870, -74.0062
1030.465221, 78.896, -73.1299
1037.932396, 78.923, -72.2698
1045.453682, 78.951, -71.4229
1053.029471, 78.979, -70.5927
1060.660156, 79.009, -69.7843
1068.346137, 79.037, -68.9960
1076.087813, 79.063, -68.2186
1083.885589, 79.089, -67.4418
1091.739871, 79.113, -66.6617
1099.651068, 79.138, -65.8813
1107.619593, 79.163, -65.1043
1115.645861, 79.188, -64.3325
1123.730291, 79.213, -63.5668
1131.873304, 79.236, -62.8038
1140.075325, 79.257, -62.0336
1148.336780, 79.277, -61.2470
1156.658102, 79.296, -60.4415
1165.039724, 79.316, -59.6180
1173.482082, 79.336, -58.7782
1181.985617, 79.358, -57.9227
1190.550772, 79.383, -57.0537
1199.177993, 79.413, -56.1798
1207.867731, 79.447, -55.3185
1216.620439, 79.486, -54.4909
1225.436572, 79.525, -53.7118
1234.316591, 79.561, -52.9785
1243.260957, 79.591, -52.2704
1252.270139, 79.617, -51.5641
1261.344604, 79.639, -50.8495
1270.484827, 79.660, -50.1290
1279.691284, 79.678, -49.4072
1288.964455, 79.693, -48.6838
1298.304823, 79.705, -47.9522
1307.712874, 79.712, -47.2013
1317.189101, 79.716, -46.4151
1326.733996, 79.719, -45.5842
1336.348058, 79.725, -44.7152
1346.031787, 79.733, -43.8252
1355.785688, 79.746, -42.9357
1365.610270, 79.761, -42.0678
1375.506045, 79.775, -41.2294
1385.473529, 79.786, -40.4084
1395.513241, 79.793, -39.5833
1405.625705, 79.794, -38.7306
1415.811448, 79.792, -37.8287
1426.071002, 79.790, -36.8720
1436.404900, 79.792, -35.8771
1446.813682, 79.798, -34.8686
1457.297890, 79.808, -33.8621
1467.858072, 79.820, -32.8575
1478.494776, 79.835, -31.8439
1489.208559, 79.856, -30.8146
1499.999978, 79.884, -29.7832
1510.869596, 79.921, -28.7796
1521.817980, 79.963, -27.8312
1532.845701, 80.005, -26.9515
1543.953332, 80.043, -26.1359
1555.141455, 80.073, -25.3594
1566.410651, 80.096, -24.5917
1577.761508, 80.113, -23.8218
1589.194618, 80.125, -23.0546
1600.710578, 80.133, -22.2913
1612.309986, 80.136, -21.5225
1623.993449, 80.134, -20.7224
1635.761575, 80.131, -19.8560
1647.614978, 80.133, -18.8984
1659.554275, 80.146, -17.8461
1671.580089, 80.173, -16.7221
1683.693048, 80.212, -15.5630
1695.893782, 80.260, -14.3992
1708.182927, 80.311, -13.2565
1720.561125, 80.358, -12.1558
1733.029020, 80.395, -11.1068
1745.587263, 80.416, -10.1121
1758.236508, 80.417, -9.1687
1770.977414, 80.395, -8.2554
1783.810646, 80.349, -7.3294
1796.736874, 80.280, -6.3347
1809.756770, 80.197, -5.2164
1822.871013, 80.107, -3.9395
1836.080288, 80.024, -2.5001
1849.385283, 79.955, -0.9288
1862.786691, 79.908, 0.7196
1876.285211, 79.884, 2.3813
1889.881547, 79.881, 3.9884
1903.576408, 79.892, 5.4814
1917.370507, 79.907, 6.8321
1931.264564, 79.916, 8.0564
1945.259304, 79.911, 9.2050
1959.355454, 79.892, 10.3408
1973.553752, 79.860, 11.5214
1987.854936, 79.823, 12.7758
2002.259752, 79.785, 14.0944
2016.768952, 79.752, 15.4460
2031.383291, 79.724, 16.8007
2046.103531, 79.698, 18.1384
2060.930441, 79.673, 19.4482
2075.864793, 79.644, 20.7338
2090.907365, 79.610, 22.0175
2106.058941, 79.572, 23.3305
2121.320313, 79.533, 24.6936
2136.692274, 79.499, 26.0955
2152.175627, 79.473, 27.4998
2167.771179, 79.455, 28.8741
2183.479742, 79.443, 30.2026
2199.302137, 79.435, 31.4691
2215.239187, 79.428, 32.6458
2231.291723, 79.416, 33.7169
2247.460582, 79.391, 34.7132
2263.746608, 79.351, 35.6964
2280.150649, 79.300, 36.7169
2296.673561, 79.245, 37.7980
2313.316204, 79.192, 38.9363
2330.079447, 79.148, 40.1011
2346.964163, 79.114, 41.2445
2363.971233, 79.086, 42.3250
2381.101543, 79.058, 43.3365
2398.355986, 79.023, 44.3139
2415.735463, 78.980, 45.3037
2433.240878, 78.929, 46.3365
2450.873144, 78.873, 47.4235
2468.633181, 78.814, 48.5596
2486.521915, 78.752, 49.7331
2504.540278, 78.688, 50.9321
2522.689209, 78.622, 52.1505
2540.969655, 78.554, 53.3875
2559.382568, 78.484, 54.6429
2577.928909, 78.415, 55.9202
2596.609645, 78.346, 57.2310
2615.425749, 78.282, 58.5863
2634.378202, 78.226, 59.9860
2653.467992, 78.182, 61.4122
2672.696115, 78.149, 62.8322
2692.063573, 78.124, 64.2175
2711.571376, 78.104, 65.5610
2731.220539, 78.081, 66.8800
2751.012089, 78.054, 68.2076
2770.947057, 78.021, 69.5769
2791.026482, 77.985, 71.0046
2811.251410, 77.945, 72.4880
2831.622897, 77.903, 74.0153
2852.142003, 77.856, 75.5751
2872.809800, 77.802, 77.1584
2893.627364, 77.739, 78.7580
2914.595781, 77.665, 80.3691
2935.716143, 77.577, 81.9914
2956.989553, 77.472, 83.6306
2978.417118, 77.349, 85.2962
2999.999956, 77.206, 86.9998
3021.739192, 77.041, 88.7570
3043.635960, 76.853, 90.5916
3065.691401, 76.644, 92.5347
3087.906665, 76.415, 94.6183
3110.282909, 76.171, 96.8669
3132.821301, 75.916, 99.2924
3155.523016, 75.655, 101.8953
3178.389237, 75.392, 104.6758
3201.421155, 75.128, 107.6423
3224.619973, 74.868, 110.8078
3247.986898, 74.617, 114.1743
3271.523150, 74.381, 117.7211
3295.229956, 74.163, 121.4116
3319.108550, 73.962, 125.2159
3343.160179, 73.781, 129.1252
3367.386096, 73.618, 133.1432
3391.787563, 73.477, 137.2618
3416.365854, 73.360, 141.4448
3441.122250, 73.268, 145.6367
3466.058040, 73.195, 149.7922
3491.174525, 73.136, 153.9042
3516.473015, 73.086, 158.0049
3541.954828, 73.044, 162.1431
3567.621293, 73.012, 166.3607
3593.473747, 72.997, 170.6738
3619.513539, 73.003, 175.0575
3645.742027, 73.034, 179.4557
3672.160576, 73.090, -176.1769
3698.770566, 73.168, -171.8442
3725.573382, 73.273, -167.5394
3752.570422, 73.409, -163.3018
3779.763094, 73.578, -159.2209
3807.152816, 73.777, -155.3922
3834.741015, 73.998, -151.8833
3862.529129, 74.230, -148.7318
3890.518607, 74.461, -145.9475
3918.710909, 74.678, -143.5062
3947.107503, 74.865, -141.3378
3975.709871, 75.014, -139.3177
4004.519504, 75.124, -137.2760
4033.537903, 75.203, -135.0478
4062.766581, 75.271, -132.5419
4092.207063, 75.346, -129.7712
4121.860882, 75.441, -126.8156
4151.729585, 75.559, -123.7563
4181.814729, 75.699, -120.6515
4212.117883, 75.862, -117.5591
4242.640625, 76.044, -114.5503
4273.384548, 76.238, -111.6907
4304.351254, 76.434, -109.0231
4335.542358, 76.622, -106.5605
4366.959485, 76.794, -104.2925
4398.604273, 76.940, -102.1909
4430.478373, 77.055, -100.2042
4462.583446, 77.133, -98.2429
4494.921165, 77.177, -96.1919
4527.493217, 77.200, -93.9640
4560.301299, 77.214, -91.5425
4593.347122, 77.231, -88.9659
4626.632409, 77.257, -86.2842
4660.158894, 77.294, -83.5297
4693.928327, 77.345, -80.7179
4727.942466, 77.412, -77.8776
4762.203086, 77.495, -75.0620
4796.711973, 77.591, -72.3110
4831.470925, 77.694, -69.6170
4866.481755, 77.803, -66.9462
4901.746288, 77.920, -64.2816
4937.266362, 78.047, -61.6405
4973.043830, 78.183, -59.0635
5009.080555, 78.323, -56.5903
5045.378418, 78.458, -54.2366
5081.939310, 78.580, -51.9930
5118.765137, 78.682, -49.8263
5155.857819, 78.759, -47.6716
5193.219290, 78.811, -45.4458
5230.851498, 78.844, -43.0882
5268.756404, 78.866, -40.5879
5306.935985, 78.880, -37.9749
5345.392231, 78.887, -35.2832
5384.127146, 78.888, -32.5259
5423.142751, 78.881, -29.7124
5462.441079, 78.868, -26.8777
5502.024179, 78.847, -24.0693
5541.894114, 78.812, -21.3041
5582.052963, 78.758, -18.5563
5622.502820, 78.688, -15.7943
5663.245793, 78.603, -13.0137
5704.284007, 78.507, -10.2329
5745.619600, 78.400, -7.4720
5787.254728, 78.280, -4.7493
5829.191562, 78.145, -2.0805
5871.432287, 77.989, 0.5397
5913.979105, 77.810, 3.1425
5956.834236, 77.604, 5.7671
5999.999912, 77.372, 8.4506
6043.478385, 77.114, 11.2323
6087.271921, 76.833, 14.1490
6131.382802, 76.537, 17.2070
6175.813330, 76.230, 20.3674
6220.565819, 75.915, 23.5690
6265.642603, 75.589, 26.7498
6311.046032, 75.246, 29.8591
6356.778473, 74.874, 32.8828
6402.842310, 74.460, 35.8778
6449.239945, 73.994, 38.9672
6495.973796, 73.474, 42.2900
6543.046300, 72.906, 45.9519
6590.459911, 72.301, 49.9877
6638.217100, 71.669, 54.3425
6686.320358, 71.016, 58.8967
6734.772191, 70.337, 63.5436
6783.575127, 69.619, 68.2691
6832.731709, 68.847, 73.1951
6882.244499, 68.013, 78.6451
6932.116080, 67.127, 85.3040
6982.349051, 66.240, 94.5578
7032.946030, 65.474, 109.1721
7083.909656, 65.019, 133.2975
7135.242586, 65.049, 164.7548
7186.947495, 65.574, -170.1037
7239.027079, 66.431, -155.0193
7291.484053, 67.422, -145.8576
7344.321152, 68.414, -139.5580
7397.541131, 69.353, -134.5939
7451.146763, 70.226, -130.2577
7505.140844, 71.037, -126.2627
7559.526189, 71.794, -122.5435
7614.305632, 72.499, -119.1211
7669.482029, 73.148, -116.0164
7725.058258, 73.736, -113.2198
7781.037214, 74.259, -110.6871
7837.421817, 74.714, -108.3513
7894.215007, 75.101, -106.1391
7951.419743, 75.420, -103.9824
8009.039008, 75.674, -101.8258
8067.075806, 75.865, -99.6177
8125.533163, 75.994, -97.2994
8184.414126, 76.065, -94.8067
8243.721764, 76.084, -92.0741
8303.459170, 76.060, -89.0395
8363.629458, 76.000, -85.6476
8424.235765, 75.917, -81.8510
8485.281250, 75.822, -77.6145
8546.769096, 75.730, -72.9211
8608.702508, 75.655, -67.7786
8671.084715, 75.610, -62.2238
8733.918969, 75.605, -56.3177
8797.208547, 75.651, -50.1444
8860.956746, 75.751, -43.8101
8925.166891, 75.907, -37.4297
8989.842330, 76.116, -31.1114
9054.986433, 76.373, -24.9392
9120.602598, 76.671, -18.9676
9186.694244, 77.006, -13.2359
9253.264817, 77.372, -7.7837
9320.317788, 77.765, -2.6623
9387.856653, 78.177, 2.0790
9455.884932, 78.600, 6.4151
9524.406173, 79.027, 10.3490
9593.423946, 79.452, 13.8974
9662.941850, 79.874, 17.0659
9732.963510, 80.290, 19.8342
9803.492576, 80.695, 22.1616
9874.532725, 81.082, 24.0009
9946.087659, 81.440, 25.3143
10018.161110, 81.756, 26.0832
10090.756835, 82.015, 26.3115
10163.878619, 82.202, 26.0304
10237.530273, 82.302, 25.3006
10311.715638, 82.298, 24.2181
10386.438580, 82.177, 22.9127
10461.702996, 81.932, 21.5449
10537.512808, 81.559, 20.2963
10613.871970, 81.061, 19.3499
10690.784461, 80.450, 18.8747
10768.254293, 79.740, 19.0086
10846.285502, 78.953, 19.8503
10924.882158, 78.110, 21.4495
11004.048358, 77.234, 23.8035
11083.788228, 76.350, 26.8549
11164.105927, 75.479, 30.4964
11245.005640, 74.642, 34.5649
11326.491587, 73.861, 38.8194
11408.568014, 73.154, 42.9272
11491.239200, 72.531, 46.4999
11574.509457, 71.992, 49.1710
11658.383123, 71.526, 50.6596
11742.864573, 71.116, 50.7893
11827.958211, 70.751, 49.4740
11913.668472, 70.428, 46.6928
11999.999825, 70.163, 42.4766
12086.956770, 69.982, 36.9292
12174.543841, 69.916, 30.2788
12262.765605, 69.990, 22.9119
12351.626659, 70.205, 15.3339
12441.131638, 70.547, 8.0585
12531.285206, 70.985, 1.4881
12622.092064, 71.486, -4.1445
12713.556946, 72.022, -8.7604
12805.684621, 72.573, -12.3782
12898.479890, 73.130, -15.0676
12991.947593, 73.691, -16.9427
13086.092601, 74.257, -18.1760
13180.919822, 74.819, -18.9910
13276.434201, 75.361, -19.6127
13372.640716, 75.854, -20.2016
13469.544383, 76.270, -20.7977
13567.150254, 76.590, -21.3079
13665.463417, 76.807, -21.5406
13764.488998, 76.932, -21.2681
13864.232160, 76.992, -20.2773
13964.698101, 77.025, -18.4120
14065.892060, 77.079, -15.6251
14167.819312, 77.201, -12.0458
14270.485171, 77.428, -8.0201
14373.894990, 77.768, -4.0699
14478.054158, 78.198, -0.7526
14582.968107, 78.671, 1.5118
14688.642305, 79.122, 2.5440
14795.082262, 79.495, 2.4002
14902.293527, 79.743, 1.2995
15010.281689, 79.839, -0.4644
15119.052378, 79.772, -2.5961
15228.611264, 79.543, -4.8430
15338.964058, 79.162, -7.0142
15450.116515, 78.644, -8.9838
15562.074428, 78.003, -10.6877
15674.843635, 77.254, -12.1203
15788.430013, 76.408, -13.3261
15902.839485, 75.471, -14.3853
16018.078016, 74.440, -15.3812
16134.151612, 73.307, -16.3505
16251.066326, 72.055, -17.2286
16368.828251, 70.676, -17.7835
16487.443528, 69.181, -17.4501
16606.918341, 67.635, -14.6954
16727.258917, 66.205, -3.6845
16848.471530, 65.190, 46.0232
16970.562500, 64.876, 103.9395
17093.538192, 65.258, 116.8521
17217.405016, 66.043, 119.1641
17342.169430, 66.932, 117.9501
17467.837939, 67.744, 114.8596
17594.417093, 68.396, 110.4707
17721.913492, 68.854, 105.0739
17850.333783, 69.104, 98.8643
17979.684660, 69.144, 92.0000
18109.972866, 68.970, 84.6294
18241.205195, 68.585, 76.9043
18373.388487, 67.991, 68.9833
18506.529634, 67.196, 61.0323
18640.635577, 66.211, 53.2559
18775.713306, 65.045, 45.9862
18911.769865, 63.714, 39.8194
19048.812345, 62.261, 35.7686
19186.847892, 60.790, 35.2181
19325.883701, 59.490, 38.8619
19465.927021, 58.597, 44.4146
19606.985152, 58.221, 47.6643
19749.065449, 58.239, 47.2931
19892.175318, 58.407, 45.0363
20036.322221, 58.536, 43.1730
