* Measurement data measured by REW V5.40 beta 55
* Source: Headset (USB-C to 3.5mm Headphone Jack Adapter), MICROPHONE (Master Volume), L, volume: 0.250
* Format: 256k Log Swept Sine, 1 sweep at -6.0 dBFS with no timing reference
* Dated: Jan 16, 2025 10:44:42 PM
* REW Settings:
*  C-weighting compensation: Off
*  Target level: 75.0 dB
* Note: ; 
* Measurement: Right 18
* Smoothing: 1/12 octave
* Frequency Step: 96 ppo
* Start Frequency: 20.0 Hz
*
* Freq(Hz), SPL(dB), Phase(degrees)
19.995176, 68.476, -20.7217
20.140070, 68.671, -21.0287
20.286013, 68.873, -21.3193
20.433014, 69.092, -21.6051
20.581080, 69.335, -21.9249
20.730219, 69.603, -22.3345
20.880438, 69.893, -22.8944
21.031747, 70.197, -23.6556
21.184151, 70.504, -24.6481
21.337660, 70.800, -25.8765
21.492282, 71.074, -27.3189
21.648024, 71.317, -28.9304
21.804894, 71.520, -30.6494
21.962902, 71.681, -32.4026
22.122054, 71.799, -34.1130
22.282359, 71.880, -35.7059
22.443827, 71.931, -37.1162
22.606464, 71.963, -38.2966
22.770280, 71.991, -39.2245
22.935282, 72.027, -39.9076
23.101481, 72.084, -40.3860
23.268884, 72.169, -40.7260
23.437500, 72.284, -41.0090
23.607337, 72.426, -41.3145
23.778406, 72.583, -41.7026
23.950714, 72.745, -42.2050
24.124271, 72.898, -42.8189
24.299085, 73.034, -43.5121
24.475166, 73.146, -44.2305
24.652524, 73.233, -44.9092
24.831166, 73.300, -45.4854
25.011103, 73.353, -45.9094
25.192344, 73.406, -46.1574
25.374898, 73.470, -46.2380
25.558775, 73.556, -46.1946
25.743984, 73.671, -46.0995
25.930536, 73.816, -46.0384
26.118439, 73.984, -46.0927
26.307704, 74.165, -46.3218
26.498340, 74.347, -46.7535
26.690358, 74.516, -47.3813
26.883768, 74.664, -48.1704
27.078578, 74.783, -49.0662
27.274801, 74.872, -50.0048
27.472445, 74.933, -50.9229
27.671522, 74.970, -51.7662
27.872041, 74.992, -52.4965
28.074014, 75.008, -53.0951
28.277450, 75.027, -53.5649
28.482360, 75.059, -53.9279
28.688755, 75.107, -54.2197
28.896645, 75.175, -54.4834
29.106042, 75.265, -54.7618
29.316956, 75.373, -55.0934
29.529399, 75.498, -55.5089
29.743381, 75.636, -56.0308
29.958914, 75.783, -56.6746
30.176009, 75.935, -57.4480
30.394677, 76.086, -58.3518
30.614929, 76.232, -59.3778
30.836777, 76.368, -60.5082
31.060233, 76.490, -61.7155
31.285309, 76.595, -62.9635
31.512015, 76.682, -64.2109
31.740364, 76.754, -65.4160
31.970368, 76.814, -66.5432
32.202038, 76.868, -67.5690
32.435387, 76.923, -68.4874
32.670428, 76.986, -69.3110
32.907171, 77.061, -70.0685
33.145630, 77.149, -70.7974
33.385817, 77.247, -71.5338
33.627744, 77.352, -72.3041
33.871425, 77.458, -73.1188
34.116871, 77.559, -73.9720
34.364096, 77.653, -74.8465
34.613112, 77.738, -75.7207
34.863933, 77.817, -76.5774
35.116572, 77.892, -77.4095
35.371041, 77.966, -78.2226
35.627354, 78.039, -79.0319
35.885524, 78.111, -79.8558
36.145566, 78.180, -80.7073
36.407491, 78.242, -81.5884
36.671315, 78.293, -82.4870
36.937051, 78.332, -83.3807
37.204712, 78.361, -84.2433
37.474312, 78.382, -85.0541
37.745867, 78.400, -85.8052
38.019389, 78.421, -86.5048
38.294893, 78.448, -87.1744
38.572393, 78.482, -87.8414
38.851905, 78.521, -88.5283
39.133442, 78.561, -89.2467
39.417019, 78.600, -89.9939
39.702651, 78.635, -90.7568
39.990353, 78.666, -91.5192
40.280139, 78.695, -92.2689
40.572026, 78.723, -93.0018
40.866027, 78.752, -93.7214
41.162159, 78.782, -94.4335
41.460437, 78.812, -95.1411
41.760877, 78.840, -95.8402
42.063493, 78.866, -96.5214
42.368303, 78.891, -97.1744
42.675321, 78.917, -97.7954
42.984564, 78.947, -98.3907
43.296048, 78.982, -98.9762
43.609789, 79.022, -99.5720
43.925803, 79.065, -100.1950
44.244108, 79.109, -100.8526
44.564719, 79.149, -101.5418
44.887653, 79.185, -102.2526
45.212928, 79.217, -102.9733
45.540559, 79.246, -103.6958
45.870565, 79.272, -104.4165
46.202962, 79.296, -105.1346
46.537767, 79.319, -105.8499
46.874999, 79.340, -106.5594
47.214675, 79.360, -107.2594
47.556812, 79.379, -107.9460
47.901428, 79.399, -108.6183
48.248542, 79.420, -109.2776
48.598170, 79.443, -109.9263
48.950333, 79.466, -110.5652
49.305047, 79.489, -111.1931
49.662332, 79.514, -111.8088
50.022206, 79.539, -112.4137
50.384687, 79.565, -113.0139
50.749795, 79.592, -113.6183
51.117549, 79.618, -114.2341
51.487968, 79.640, -114.8622
51.861071, 79.657, -115.4955
52.236878, 79.668, -116.1230
52.615408, 79.674, -116.7352
52.996681, 79.677, -117.3300
53.380716, 79.678, -117.9125
53.767535, 79.678, -118.4916
54.157157, 79.678, -119.0739
54.549602, 79.676, -119.6614
54.944891, 79.674, -120.2529
55.343044, 79.672, -120.8477
55.744083, 79.670, -121.4464
56.148027, 79.670, -122.0507
56.554899, 79.672, -122.6616
56.964719, 79.676, -123.2806
57.377509, 79.682, -123.9124
57.793290, 79.690, -124.5646
58.212084, 79.696, -125.2410
58.633913, 79.697, -125.9298
59.058798, 79.688, -126.5991
59.486763, 79.671, -127.2058
59.917828, 79.650, -127.7166
60.352018, 79.633, -128.1282
60.789353, 79.626, -128.4714
61.229858, 79.631, -128.7933
61.673555, 79.643, -129.1320
62.120467, 79.657, -129.5026
62.570617, 79.671, -129.9003
63.024030, 79.682, -130.3153
63.480728, 79.690, -130.7423
63.940735, 79.696, -131.1806
64.404076, 79.699, -131.6282
64.870775, 79.699, -132.0784
65.340855, 79.695, -132.5232
65.814342, 79.690, -132.9575
66.291260, 79.684, -133.3810
66.771634, 79.679, -133.7957
67.255488, 79.674, -134.2035
67.742849, 79.669, -134.6044
68.233742, 79.665, -134.9978
68.728192, 79.661, -135.3838
69.226225, 79.657, -135.7633
69.727866, 79.653, -136.1368
70.233143, 79.649, -136.5036
70.742082, 79.643, -136.8622
71.254708, 79.637, -137.2135
71.771049, 79.632, -137.5620
72.291131, 79.627, -137.9143
72.814983, 79.621, -138.2750
73.342630, 79.615, -138.6443
73.874101, 79.607, -139.0200
74.409423, 79.599, -139.3992
74.948625, 79.590, -139.7803
75.491733, 79.580, -140.1603
76.038777, 79.571, -140.5341
76.589786, 79.561, -140.8968
77.144787, 79.552, -141.2469
77.703810, 79.545, -141.5865
78.266884, 79.540, -141.9182
78.834038, 79.534, -142.2421
79.405302, 79.529, -142.5566
79.980705, 79.525, -142.8613
80.560278, 79.520, -143.1578
81.144051, 79.516, -143.4489
81.732055, 79.512, -143.7374
82.324319, 79.507, -144.0257
82.920875, 79.502, -144.3152
83.521754, 79.497, -144.6072
84.126987, 79.492, -144.9020
84.736605, 79.486, -145.2006
85.350642, 79.482, -145.5040
85.969128, 79.477, -145.8129
86.592096, 79.473, -146.1259
87.219578, 79.469, -146.4399
87.851607, 79.465, -146.7519
88.488216, 79.461, -147.0605
89.129438, 79.456, -147.3652
89.775306, 79.449, -147.6625
90.425855, 79.441, -147.9464
91.081118, 79.432, -148.2120
91.741129, 79.422, -148.4602
92.405924, 79.413, -148.6969
93.075535, 79.404, -148.9290
93.749999, 79.397, -149.1616
94.429350, 79.391, -149.3973
95.113624, 79.386, -149.6370
95.802856, 79.383, -149.8808
96.497083, 79.381, -150.1277
97.196341, 79.380, -150.3761
97.900666, 79.380, -150.6237
98.610094, 79.379, -150.8674
99.324664, 79.377, -151.1031
100.044411, 79.373, -151.3288
100.769374, 79.367, -151.5449
101.499591, 79.358, -151.7502
102.235098, 79.346, -151.9416
102.975936, 79.333, -152.1210
103.722142, 79.320, -152.2984
104.473756, 79.308, -152.4830
105.230815, 79.297, -152.6765
105.993361, 79.287, -152.8755
106.761433, 79.279, -153.0787
107.535070, 79.273, -153.2889
108.314314, 79.270, -153.5108
109.099204, 79.266, -153.7471
109.889782, 79.261, -153.9940
110.686088, 79.253, -154.2422
111.488165, 79.242, -154.4819
112.296055, 79.230, -154.7086
113.109798, 79.219, -154.9247
113.929438, 79.211, -155.1379
114.755018, 79.207, -155.3555
115.586580, 79.208, -155.5802
116.424168, 79.212, -155.8118
117.267826, 79.219, -156.0493
118.117597, 79.226, -156.2892
118.973525, 79.230, -156.5213
119.835657, 79.229, -156.7297
120.704035, 79.222, -156.9005
121.578706, 79.211, -157.0305
122.459716, 79.198, -157.1295
123.347109, 79.184, -157.2147
124.240933, 79.169, -157.3043
125.141234, 79.154, -157.4120
126.048059, 79.140, -157.5435
126.961456, 79.126, -157.6939
127.881471, 79.113, -157.8531
128.808153, 79.102, -158.0148
129.741550, 79.094, -158.1802
130.681710, 79.089, -158.3514
131.628684, 79.085, -158.5260
132.582520, 79.081, -158.6964
133.543267, 79.076, -158.8525
134.510977, 79.071, -158.9896
135.485699, 79.066, -159.1119
136.467484, 79.061, -159.2282
137.456384, 79.056, -159.3452
138.452449, 79.050, -159.4645
139.455733, 79.043, -159.5848
140.466286, 79.036, -159.7039
141.484163, 79.029, -159.8203
142.509416, 79.022, -159.9330
143.542098, 79.016, -160.0414
144.582263, 79.009, -160.1450
145.629965, 79.003, -160.2446
146.685260, 78.995, -160.3406
147.748202, 78.986, -160.4326
148.818846, 78.977, -160.5217
149.897249, 78.968, -160.6133
150.983466, 78.962, -160.7150
152.077555, 78.958, -160.8295
153.179572, 78.956, -160.9497
154.289574, 78.956, -161.0640
155.407620, 78.959, -161.1642
156.533767, 78.965, -161.2491
157.668076, 78.972, -161.3215
158.810603, 78.981, -161.3866
159.961411, 78.989, -161.4517
161.120557, 78.996, -161.5243
162.288103, 79.002, -161.6075
163.464109, 79.005, -161.6995
164.648638, 79.006, -161.7964
165.841750, 79.006, -161.8934
167.043507, 79.004, -161.9852
168.253973, 79.001, -162.0693
169.473211, 78.999, -162.1487
170.701284, 78.997, -162.2297
171.938256, 78.996, -162.3160
173.184191, 78.995, -162.4072
174.439155, 78.994, -162.5015
175.703213, 78.995, -162.5974
176.976431, 78.998, -162.6937
178.258875, 79.001, -162.7892
179.550613, 79.006, -162.8834
180.851710, 79.010, -162.9780
182.162236, 79.013, -163.0743
183.482259, 79.015, -163.1720
184.811847, 79.016, -163.2708
186.151070, 79.016, -163.3718
187.499997, 79.017, -163.4767
188.858700, 79.019, -163.5859
190.227248, 79.023, -163.6968
191.605713, 79.027, -163.8059
192.994167, 79.032, -163.9105
194.392682, 79.038, -164.0090
195.801331, 79.043, -164.1006
197.220189, 79.047, -164.1852
198.649327, 79.050, -164.2635
200.088822, 79.051, -164.3375
201.538748, 79.051, -164.4108
202.999181, 79.051, -164.4881
204.470197, 79.050, -164.5732
205.951872, 79.049, -164.6666
207.444284, 79.050, -164.7664
208.947511, 79.052, -164.8703
210.461631, 79.054, -164.9769
211.986723, 79.058, -165.0845
213.522866, 79.062, -165.1917
215.070141, 79.066, -165.2972
216.628627, 79.070, -165.3999
218.198408, 79.073, -165.4969
219.779563, 79.076, -165.5853
221.372177, 79.077, -165.6636
222.976331, 79.078, -165.7344
224.592109, 79.079, -165.8023
226.219596, 79.080, -165.8725
227.858877, 79.081, -165.9501
229.510036, 79.082, -166.0385
231.173160, 79.085, -166.1393
232.848336, 79.089, -166.2505
234.535651, 79.096, -166.3666
236.235193, 79.104, -166.4818
237.947051, 79.111, -166.5935
239.671313, 79.116, -166.7032
241.408071, 79.115, -166.8104
243.157413, 79.112, -166.9137
244.919432, 79.107, -167.0178
246.694219, 79.101, -167.1279
248.481867, 79.096, -167.2439
250.282469, 79.090, -167.3630
252.096119, 79.084, -167.4822
253.922911, 79.077, -167.5968
255.762941, 79.072, -167.7015
257.616305, 79.068, -167.7949
259.483099, 79.067, -167.8820
261.363421, 79.068, -167.9710
263.257368, 79.069, -168.0709
265.165039, 79.068, -168.1854
267.086534, 79.065, -168.3100
269.021953, 79.060, -168.4363
270.971397, 79.054, -168.5566
272.934968, 79.046, -168.6674
274.912767, 79.039, -168.7693
276.904898, 79.031, -168.8660
278.911465, 79.023, -168.9606
280.932573, 79.016, -169.0518
282.968326, 79.010, -169.1348
285.018831, 79.002, -169.2069
287.084195, 78.994, -169.2708
289.164526, 78.984, -169.3320
291.259931, 78.973, -169.3944
293.370520, 78.963, -169.4578
295.496404, 78.953, -169.5175
297.637693, 78.945, -169.5669
299.794498, 78.936, -169.6032
301.966933, 78.928, -169.6316
304.155110, 78.919, -169.6591
306.359143, 78.910, -169.6884
308.579148, 78.901, -169.7175
310.815239, 78.891, -169.7439
313.067535, 78.881, -169.7685
315.336151, 78.872, -169.7964
317.621207, 78.863, -169.8328
319.922821, 78.855, -169.8780
322.241114, 78.847, -169.9257
324.576206, 78.838, -169.9669
326.928219, 78.831, -169.9960
329.297275, 78.824, -170.0131
331.683499, 78.818, -170.0216
334.087014, 78.813, -170.0247
336.507947, 78.809, -170.0237
338.946422, 78.804, -170.0184
341.402567, 78.799, -170.0103
343.876511, 78.794, -170.0015
346.368382, 78.787, -169.9944
348.878310, 78.781, -169.9904
351.406426, 78.775, -169.9903
353.952862, 78.770, -169.9930
356.517750, 78.765, -169.9965
359.101225, 78.760, -169.9990
361.703421, 78.755, -170.0015
364.324473, 78.750, -170.0044
366.964518, 78.744, -170.0057
369.623694, 78.740, -170.0026
372.302140, 78.735, -169.9938
374.999995, 78.731, -169.9824
377.717399, 78.726, -169.9730
380.454495, 78.722, -169.9688
383.211425, 78.717, -169.9703
385.988333, 78.713, -169.9761
388.785364, 78.708, -169.9835
391.602663, 78.702, -169.9892
394.440377, 78.696, -169.9897
397.298655, 78.689, -169.9827
400.177644, 78.681, -169.9679
403.077497, 78.673, -169.9470
405.998362, 78.665, -169.9221
408.940394, 78.658, -169.8934
411.903744, 78.651, -169.8601
414.888569, 78.646, -169.8218
417.895022, 78.641, -169.7804
420.923262, 78.637, -169.7375
423.973445, 78.633, -169.6931
427.045732, 78.628, -169.6471
430.140281, 78.623, -169.6001
433.257255, 78.617, -169.5520
436.396816, 78.610, -169.5008
439.559127, 78.604, -169.4429
442.744354, 78.598, -169.3759
445.952662, 78.594, -169.2996
449.184218, 78.591, -169.2153
452.439192, 78.590, -169.1224
455.717753, 78.590, -169.0179
459.020072, 78.591, -168.8982
462.346321, 78.594, -168.7625
465.696673, 78.598, -168.6166
469.071303, 78.604, -168.4719
472.470387, 78.612, -168.3392
475.894102, 78.621, -168.2236
479.342627, 78.631, -168.1262
482.816141, 78.640, -168.0455
486.314826, 78.650, -167.9784
489.838864, 78.661, -167.9206
493.388438, 78.672, -167.8682
496.963734, 78.684, -167.8182
500.564938, 78.696, -167.7673
504.192238, 78.710, -167.7117
507.845823, 78.723, -167.6498
511.525883, 78.735, -167.5847
515.232610, 78.746, -167.5212
518.966198, 78.755, -167.4636
522.726841, 78.762, -167.4131
526.514735, 78.769, -167.3682
530.330078, 78.774, -167.3252
534.173068, 78.781, -167.2800
538.043907, 78.790, -167.2322
541.942795, 78.800, -167.1855
545.869936, 78.812, -167.1445
549.825534, 78.826, -167.1124
553.809797, 78.840, -167.0901
557.822931, 78.854, -167.0748
561.865146, 78.866, -167.0614
565.936652, 78.879, -167.0446
570.037662, 78.890, -167.0198
574.168390, 78.902, -166.9836
578.329051, 78.915, -166.9347
582.519862, 78.929, -166.8761
586.741041, 78.946, -166.8129
590.992808, 78.964, -166.7490
595.275386, 78.983, -166.6881
599.588997, 79.002, -166.6342
603.933866, 79.021, -166.5892
608.310219, 79.039, -166.5508
612.718286, 79.057, -166.5158
617.158295, 79.076, -166.4855
621.630479, 79.096, -166.4658
626.135069, 79.117, -166.4616
630.672302, 79.137, -166.4711
635.242414, 79.155, -166.4880
639.845642, 79.172, -166.5052
644.482227, 79.189, -166.5168
649.152411, 79.205, -166.5226
653.856437, 79.223, -166.5284
658.594551, 79.242, -166.5408
663.366998, 79.262, -166.5638
668.174029, 79.282, -166.6002
673.015893, 79.303, -166.6530
677.892844, 79.323, -166.7259
682.805135, 79.341, -166.8204
687.753022, 79.359, -166.9319
692.736764, 79.374, -167.0493
697.756620, 79.389, -167.1611
702.812853, 79.404, -167.2615
707.905724, 79.420, -167.3528
713.035501, 79.436, -167.4427
718.202450, 79.453, -167.5406
723.406841, 79.469, -167.6542
728.648945, 79.483, -167.7862
733.929036, 79.495, -167.9352
739.247388, 79.503, -168.0972
744.604279, 79.509, -168.2687
749.999989, 79.511, -168.4463
755.434798, 79.509, -168.6242
760.908990, 79.502, -168.7935
766.422850, 79.491, -168.9435
771.976666, 79.476, -169.0678
777.570727, 79.460, -169.1671
783.205325, 79.444, -169.2471
788.880754, 79.426, -169.3102
794.597309, 79.406, -169.3531
800.355289, 79.385, -169.3693
806.154993, 79.363, -169.3546
811.996725, 79.344, -169.3126
817.880788, 79.329, -169.2538
823.807489, 79.319, -169.1912
829.777138, 79.314, -169.1365
835.790045, 79.312, -169.0970
841.846524, 79.310, -169.0750
847.946891, 79.307, -169.0672
854.091464, 79.302, -169.0653
860.280562, 79.294, -169.0592
866.514510, 79.284, -169.0415
872.793631, 79.275, -169.0092
879.118254, 79.267, -168.9628
885.488707, 79.261, -168.9070
891.905323, 79.259, -168.8481
898.368437, 79.259, -168.7936
904.878385, 79.261, -168.7516
911.435507, 79.264, -168.7299
918.040144, 79.265, -168.7327
924.692641, 79.263, -168.7559
931.393345, 79.257, -168.7864
938.142606, 79.246, -168.8090
944.940774, 79.230, -168.8132
951.788204, 79.210, -168.7937
958.685254, 79.186, -168.7446
965.632282, 79.160, -168.6593
972.629652, 79.133, -168.5323
979.677727, 79.106, -168.3597
986.776876, 79.083, -168.1401
993.927468, 79.065, -167.8758
1001.129876, 79.055, -167.5759
1008.384476, 79.054, -167.2578
1015.691645, 79.061, -166.9403
1023.051766, 79.075, -166.6366
1030.465221, 79.094, -166.3527
1037.932396, 79.117, -166.0898
1045.453682, 79.144, -165.8484
1053.029471, 79.173, -165.6288
1060.660156, 79.203, -165.4287
1068.346137, 79.236, -165.2454
1076.087813, 79.271, -165.0807
1083.885589, 79.308, -164.9423
1091.739871, 79.346, -164.8379
1099.651068, 79.382, -164.7704
1107.619593, 79.416, -164.7314
1115.645861, 79.447, -164.7035
1123.730291, 79.475, -164.6685
1131.873304, 79.502, -164.6162
1140.075325, 79.529, -164.5464
1148.336780, 79.557, -164.4650
1156.658102, 79.587, -164.3792
1165.039724, 79.619, -164.2966
1173.482082, 79.654, -164.2236
1181.985617, 79.691, -164.1658
1190.550772, 79.731, -164.1266
1199.177993, 79.772, -164.1077
1207.867731, 79.814, -164.1077
1216.620439, 79.856, -164.1244
1225.436572, 79.900, -164.1606
1234.316591, 79.946, -164.2269
1243.260957, 79.992, -164.3356
1252.270139, 80.036, -164.4909
1261.344604, 80.076, -164.6850
1270.484827, 80.109, -164.9028
1279.691284, 80.135, -165.1301
1288.964455, 80.155, -165.3546
1298.304823, 80.169, -165.5651
1307.712874, 80.181, -165.7576
1317.189101, 80.190, -165.9330
1326.733996, 80.199, -166.0921
1336.348058, 80.208, -166.2349
1346.031787, 80.217, -166.3611
1355.785688, 80.228, -166.4737
1365.610270, 80.241, -166.5842
1375.506045, 80.255, -166.7072
1385.473529, 80.269, -166.8507
1395.513241, 80.283, -167.0143
1405.625705, 80.294, -167.1929
1415.811448, 80.303, -167.3797
1426.071002, 80.309, -167.5709
1436.404900, 80.313, -167.7629
1446.813682, 80.313, -167.9484
1457.297890, 80.312, -168.1212
1467.858072, 80.309, -168.2826
1478.494776, 80.305, -168.4368
1489.208559, 80.299, -168.5815
1499.999978, 80.290, -168.7098
1510.869596, 80.280, -168.8177
1521.817980, 80.270, -168.9029
1532.845701, 80.260, -168.9587
1543.953332, 80.253, -168.9833
1555.141455, 80.251, -168.9894
1566.410651, 80.255, -168.9974
1577.761508, 80.266, -169.0248
1589.194618, 80.282, -169.0838
1600.710578, 80.304, -169.1820
1612.309986, 80.330, -169.3306
1623.993449, 80.361, -169.5413
1635.761575, 80.394, -169.8138
1647.614978, 80.428, -170.1337
1659.554275, 80.461, -170.4749
1671.580089, 80.489, -170.8069
1683.693048, 80.509, -171.1036
1695.893782, 80.520, -171.3428
1708.182927, 80.520, -171.5094
1720.561125, 80.508, -171.5989
1733.029020, 80.486, -171.6207
1745.587263, 80.455, -171.5974
1758.236508, 80.412, -171.5512
1770.977414, 80.358, -171.4801
1783.810646, 80.294, -171.3603
1796.736874, 80.224, -171.1703
1809.756770, 80.158, -170.9091
1822.871013, 80.101, -170.5952
1836.080288, 80.057, -170.2567
1849.385283, 80.029, -169.9249
1862.786691, 80.014, -169.6283
1876.285211, 80.010, -169.3875
1889.881547, 80.013, -169.2154
1903.576408, 80.018, -169.1208
1917.370507, 80.023, -169.1143
1931.264564, 80.021, -169.2031
1945.259304, 80.009, -169.3734
1959.355454, 79.983, -169.5864
1973.553752, 79.941, -169.7914
1987.854936, 79.889, -169.9457
2002.259752, 79.833, -170.0273
2016.768952, 79.776, -170.0381
2031.383291, 79.723, -169.9922
2046.103531, 79.676, -169.9053
2060.930441, 79.636, -169.7991
2075.864793, 79.603, -169.7012
2090.907365, 79.577, -169.6361
2106.058941, 79.555, -169.6176
2121.320313, 79.535, -169.6537
2136.692274, 79.514, -169.7463
2152.175627, 79.490, -169.8880
2167.771179, 79.463, -170.0652
2183.479742, 79.434, -170.2754
2199.302137, 79.404, -170.5328
2215.239187, 79.370, -170.8519
2231.291723, 79.329, -171.2303
2247.460582, 79.277, -171.6445
2263.746608, 79.214, -172.0601
2280.150649, 79.143, -172.4437
2296.673561, 79.069, -172.7771
2313.316204, 79.000, -173.0646
2330.079447, 78.938, -173.3339
2346.964163, 78.886, -173.6176
2363.971233, 78.841, -173.9294
2381.101543, 78.801, -174.2618
2398.355986, 78.766, -174.6115
2415.735463, 78.737, -174.9933
2433.240878, 78.709, -175.4230
2450.873144, 78.680, -175.9066
2468.633181, 78.645, -176.4437
2486.521915, 78.600, -177.0277
2504.540278, 78.539, -177.6360
2522.689209, 78.462, -178.2282
2540.969655, 78.370, -178.7593
2559.382568, 78.270, -179.1942
2577.928909, 78.170, -179.5234
2596.609645, 78.079, -179.7666
2615.425749, 78.001, -179.9587
2634.378202, 77.938, 179.8682
2653.467992, 77.890, 179.6884
2672.696115, 77.855, 179.4816
2692.063573, 77.831, 179.2346
2711.571376, 77.812, 178.9429
2731.220539, 77.796, 178.6106
2751.012089, 77.779, 178.2498
2770.947057, 77.757, 177.8795
2791.026482, 77.728, 177.5228
2811.251410, 77.691, 177.2036
2831.622897, 77.649, 176.9365
2852.142003, 77.602, 176.7206
2872.809800, 77.551, 176.5401
2893.627364, 77.497, 176.3707
2914.595781, 77.437, 176.1893
2935.716143, 77.365, 175.9810
2956.989553, 77.279, 175.7401
2978.417118, 77.173, 175.4740
2999.999956, 77.042, 175.2063
3021.739192, 76.885, 174.9724
3043.635960, 76.702, 174.8117
3065.691401, 76.495, 174.7581
3087.906665, 76.269, 174.8347
3110.282909, 76.028, 175.0547
3132.821301, 75.776, 175.4274
3155.523016, 75.515, 175.9634
3178.389237, 75.250, 176.6753
3201.421155, 74.985, 177.5734
3224.619973, 74.725, 178.6642
3247.986898, 74.476, 179.9422
3271.523150, 74.244, -178.6144
3295.229956, 74.033, -177.0393
3319.108550, 73.846, -175.3701
3343.160179, 73.683, -173.6437
3367.386096, 73.543, -171.8931
3391.787563, 73.423, -170.1418
3416.365854, 73.319, -168.3980
3441.122250, 73.227, -166.6528
3466.058040, 73.147, -164.8912
3491.174525, 73.078, -163.1049
3516.473015, 73.022, -161.2914
3541.954828, 72.980, -159.4481
3567.621293, 72.954, -157.5719
3593.473747, 72.946, -155.6641
3619.513539, 72.961, -153.7346
3645.742027, 73.001, -151.8013
3672.160576, 73.069, -149.8945
3698.770566, 73.167, -148.0602
3725.573382, 73.293, -146.3442
3752.570422, 73.446, -144.7763
3779.763094, 73.626, -143.3794
3807.152816, 73.832, -142.1936
3834.741015, 74.061, -141.2803
3862.529129, 74.306, -140.6985
3890.518607, 74.552, -140.4760
3918.710909, 74.787, -140.5924
3947.107503, 74.999, -140.9910
3975.709871, 75.180, -141.6002
4004.519504, 75.325, -142.3387
4033.537903, 75.429, -143.1045
4062.766581, 75.497, -143.7677
4092.207063, 75.541, -144.2035
4121.860882, 75.586, -144.3594
4151.729585, 75.654, -144.2985
4181.814729, 75.755, -144.1675
4212.117883, 75.883, -144.1063
4242.640625, 76.024, -144.1832
4273.384548, 76.168, -144.4067
4304.351254, 76.308, -144.7751
4335.542358, 76.435, -145.2932
4366.959485, 76.543, -145.9543
4398.604273, 76.624, -146.7277
4430.478373, 76.674, -147.5660
4462.583446, 76.690, -148.4146
4494.921165, 76.673, -149.2101
4527.493217, 76.628, -149.8868
4560.301299, 76.565, -150.3936
4593.347122, 76.495, -150.7100
4626.632409, 76.427, -150.8430
4660.158894, 76.369, -150.8072
4693.928327, 76.330, -150.6136
4727.942466, 76.318, -150.2852
4762.203086, 76.339, -149.8708
4796.711973, 76.397, -149.4382
4831.470925, 76.492, -149.0515
4866.481755, 76.617, -148.7528
4901.746288, 76.769, -148.5602
4937.266362, 76.943, -148.4852
4973.043830, 77.137, -148.5540
5009.080555, 77.345, -148.8059
5045.378418, 77.555, -149.2695
5081.939310, 77.756, -149.9415
5118.765137, 77.938, -150.7858
5155.857819, 78.096, -151.7448
5193.219290, 78.229, -152.7583
5230.851498, 78.340, -153.7825
5268.756404, 78.434, -154.8021
5306.935985, 78.512, -155.8263
5345.392231, 78.573, -156.8692
5384.127146, 78.612, -157.9294
5423.142751, 78.628, -158.9911
5462.441079, 78.621, -160.0382
5502.024179, 78.589, -161.0604
5541.894114, 78.534, -162.0461
5582.052963, 78.456, -162.9761
5622.502820, 78.360, -163.8344
5663.245793, 78.252, -164.6240
5704.284007, 78.137, -165.3680
5745.619600, 78.018, -166.1003
5787.254728, 77.896, -166.8548
5829.191562, 77.769, -167.6592
5871.432287, 77.631, -168.5290
5913.979105, 77.478, -169.4630
5956.834236, 77.305, -170.4434
5999.999912, 77.107, -171.4408
6043.478385, 76.884, -172.4181
6087.271921, 76.636, -173.3368
6131.382802, 76.369, -174.1749
6175.813330, 76.090, -174.9429
6220.565819, 75.803, -175.6809
6265.642603, 75.510, -176.4442
6311.046032, 75.207, -177.2892
6356.778473, 74.886, -178.2548
6402.842310, 74.530, -179.3387
6449.239945, 74.127, 179.5131
6495.973796, 73.665, 178.3870
6543.046300, 73.141, 177.3723
6590.459911, 72.553, 176.5358
6638.217100, 71.904, 175.9161
6686.320358, 71.191, 175.5459
6734.772191, 70.408, 175.5074
6783.575127, 69.546, 176.0007
6832.731709, 68.605, 177.4291
6882.244499, 67.606, -179.4310
6932.116080, 66.626, -173.1069
6982.349051, 65.825, -161.0966
7032.946030, 65.444, -141.3674
7083.909656, 65.659, -118.7476
7135.242586, 66.408, -102.3964
7186.947495, 67.452, -93.6385
7239.027079, 68.571, -89.7104
7291.484053, 69.637, -88.4646
7344.321152, 70.602, -88.6926
7397.541131, 71.456, -89.7233
7451.146763, 72.212, -91.1760
7505.140844, 72.888, -92.8470
7559.526189, 73.502, -94.6445
7614.305632, 74.066, -96.5472
7669.482029, 74.587, -98.5712
7725.058258, 75.066, -100.7403
7781.037214, 75.499, -103.0688
7837.421817, 75.882, -105.5516
7894.215007, 76.209, -108.1556
7951.419743, 76.480, -110.8281
8009.039008, 76.694, -113.5142
8067.075806, 76.856, -116.1689
8125.533163, 76.969, -118.7539
8184.414126, 77.034, -121.2291
8243.721764, 77.058, -123.5500
8303.459170, 77.046, -125.6735
8363.629458, 77.007, -127.5627
8424.235765, 76.952, -129.1897
8485.281250, 76.894, -130.5396
8546.769096, 76.847, -131.6144
8608.702508, 76.824, -132.4376
8671.084715, 76.838, -133.0537
8733.918969, 76.900, -133.5275
8797.208547, 77.015, -133.9404
8860.956746, 77.186, -134.3842
8925.166891, 77.410, -134.9551
8989.842330, 77.681, -135.7448
9054.986433, 77.986, -136.8271
9120.602598, 78.312, -138.2472
9186.694244, 78.646, -140.0147
9253.264817, 78.980, -142.1116
9320.317788, 79.312, -144.5115
9387.856653, 79.641, -147.2000
9455.884932, 79.971, -150.1868
9524.406173, 80.300, -153.5058
9593.423946, 80.624, -157.2023
9662.941850, 80.932, -161.3171
9732.963510, 81.208, -165.8718
9803.492576, 81.438, -170.8597
9874.532725, 81.603, -176.2413
9946.087659, 81.691, 178.0560
10018.161110, 81.692, 172.1277
10090.756835, 81.604, 166.0775
10163.878619, 81.428, 160.0012
10237.530273, 81.170, 153.9821
10311.715638, 80.836, 148.0938
10386.438580, 80.432, 142.4036
10461.702996, 79.971, 136.9692
10537.512808, 79.464, 131.8298
10613.871970, 78.929, 126.9962
10690.784461, 78.382, 122.4459
10768.254293, 77.841, 118.1230
10846.285502, 77.318, 113.9451
10924.882158, 76.823, 109.8141
11004.048358, 76.359, 105.6245
11083.788228, 75.926, 101.2726
11164.105927, 75.521, 96.6646
11245.005640, 75.141, 91.7178
11326.491587, 74.782, 86.3534
11408.568014, 74.445, 80.4840
11491.239200, 74.130, 74.0095
11574.509457, 73.835, 66.8243
11658.383123, 73.557, 58.8306
11742.864573, 73.289, 49.9489
11827.958211, 73.029, 40.1279
11913.668472, 72.776, 29.3503
11999.999825, 72.540, 17.6431
12086.956770, 72.335, 5.0920
12174.543841, 72.180, -8.1403
12262.765605, 72.098, -21.8111
12351.626659, 72.103, -35.6218
12441.131638, 72.206, -49.2745
12531.285206, 72.406, -62.5301
12622.092064, 72.688, -75.2415
12713.556946, 73.033, -87.3533
12805.684621, 73.420, -98.8787
12898.479890, 73.829, -109.8719
12991.947593, 74.245, -120.4057
13086.092601, 74.650, -130.5603
13180.919822, 75.031, -140.4109
13276.434201, 75.368, -150.0107
13372.640716, 75.645, -159.3728
13469.544383, 75.851, -168.4709
13567.150254, 75.980, -177.2491
13665.463417, 76.038, 174.3716
13764.488998, 76.039, 166.4736
13864.232160, 76.014, 159.1095
13964.698101, 76.004, 152.2625
14065.892060, 76.051, 145.8196
14167.819312, 76.182, 139.5757
14270.485171, 76.401, 133.2773
14373.894990, 76.687, 126.6865
14478.054158, 77.003, 119.6279
14582.968107, 77.305, 112.0061
14688.642305, 77.554, 103.8025
14795.082262, 77.717, 95.0668
14902.293527, 77.770, 85.8992
15010.281689, 77.701, 76.4259
15119.052378, 77.507, 66.7683
15228.611264, 77.192, 57.0282
15338.964058, 76.760, 47.2853
15450.116515, 76.219, 37.6019
15562.074428, 75.572, 28.0248
15674.843635, 74.823, 18.5953
15788.430013, 73.968, 9.3732
15902.839485, 72.999, 0.4629
16018.078016, 71.908, -7.9578
16134.151612, 70.682, -15.5892
16251.066326, 69.317, -21.9232
16368.828251, 67.824, -26.1211
16487.443528, 66.262, -26.9386
16606.918341, 64.779, -23.0903
16727.258917, 63.650, -15.0042
16848.471530, 63.181, -6.6371
16970.562500, 63.458, -2.2106
17093.538192, 64.271, -2.5557
17217.405016, 65.342, -6.6937
17342.169430, 66.476, -13.6907
17467.837939, 67.557, -23.0090
17594.417093, 68.510, -34.3470
17721.913492, 69.280, -47.4692
17850.333783, 69.830, -62.1215
17979.684660, 70.138, -78.0103
18109.972866, 70.197, -94.8256
18241.205195, 70.011, -112.2775
18373.388487, 69.586, -130.0978
18506.529634, 68.928, -148.0145
18640.635577, 68.043, -165.7301
18775.713306, 66.949, 177.0786
18911.769865, 65.692, 160.6904
19048.812345, 64.383, 145.1400
19186.847892, 63.234, 129.9316
19325.883701, 62.519, 114.0275
19465.927021, 62.383, 96.6873
19606.985152, 62.689, 78.7584
19749.065449, 63.157, 62.6036
19892.175318, 63.564, 50.5552
20036.322221, 63.789, 44.1184
