* Measurement data measured by REW V5.40 beta 55
* Source: Headset (USB-C to 3.5mm Headphone Jack Adapter), MICROPHONE (Master Volume), L, volume: 0.250
* Format: 256k Log Swept Sine, 1 sweep at -6.0 dBFS with no timing reference
* Dated: Jan 16, 2025 10:47:54 PM
* REW Settings:
*  C-weighting compensation: Off
*  Target level: 75.0 dB
* Note: ; 
* Measurement: Right 25
* Smoothing: 1/12 octave
* Frequency Step: 96 ppo
* Start Frequency: 20.0 Hz
*
* Freq(Hz), SPL(dB), Phase(degrees)
19.995176, 69.452, -25.0480
20.140070, 69.421, -24.3518
20.286013, 69.410, -23.6570
20.433014, 69.417, -22.9800
20.581080, 69.444, -22.3358
20.730219, 69.490, -21.7378
20.880438, 69.556, -21.1994
21.031747, 69.642, -20.7349
21.184151, 69.749, -20.3599
21.337660, 69.877, -20.0915
21.492282, 70.025, -19.9471
21.648024, 70.191, -19.9439
21.804894, 70.374, -20.0967
21.962902, 70.570, -20.4169
22.122054, 70.777, -20.9112
22.282359, 70.990, -21.5811
22.443827, 71.207, -22.4227
22.606464, 71.423, -23.4276
22.770280, 71.635, -24.5830
22.935282, 71.841, -25.8734
23.101481, 72.038, -27.2804
23.268884, 72.224, -28.7841
23.437500, 72.398, -30.3625
23.607337, 72.556, -31.9920
23.778406, 72.699, -33.6470
23.950714, 72.824, -35.2999
24.124271, 72.933, -36.9207
24.299085, 73.024, -38.4777
24.475166, 73.101, -39.9388
24.652524, 73.165, -41.2728
24.831166, 73.222, -42.4532
25.011103, 73.277, -43.4612
25.192344, 73.337, -44.2907
25.374898, 73.411, -44.9517
25.558775, 73.505, -45.4722
25.743984, 73.625, -45.8974
25.930536, 73.771, -46.2845
26.118439, 73.943, -46.6949
26.307704, 74.135, -47.1836
26.498340, 74.337, -47.7914
26.690358, 74.542, -48.5382
26.883768, 74.739, -49.4225
27.078578, 74.921, -50.4234
27.274801, 75.082, -51.5057
27.472445, 75.221, -52.6270
27.671522, 75.336, -53.7447
27.872041, 75.433, -54.8230
28.074014, 75.516, -55.8375
28.277450, 75.591, -56.7795
28.482360, 75.663, -57.6554
28.688755, 75.736, -58.4843
28.896645, 75.813, -59.2913
29.106042, 75.891, -60.1010
29.316956, 75.970, -60.9303
29.529399, 76.045, -61.7849
29.743381, 76.115, -62.6586
29.958914, 76.177, -63.5364
30.176009, 76.234, -64.4003
30.394677, 76.286, -65.2355
30.614929, 76.338, -66.0354
30.836777, 76.394, -66.8042
31.060233, 76.456, -67.5558
31.285309, 76.525, -68.3093
31.512015, 76.600, -69.0829
31.740364, 76.679, -69.8878
31.970368, 76.758, -70.7254
32.202038, 76.834, -71.5866
32.435387, 76.907, -72.4562
32.670428, 76.976, -73.3172
32.907171, 77.043, -74.1569
33.145630, 77.109, -74.9696
33.385817, 77.178, -75.7571
33.627744, 77.248, -76.5261
33.871425, 77.320, -77.2840
34.116871, 77.392, -78.0349
34.364096, 77.463, -78.7772
34.613112, 77.531, -79.5054
34.863933, 77.598, -80.2135
35.116572, 77.665, -80.8992
35.371041, 77.731, -81.5668
35.627354, 77.799, -82.2271
35.885524, 77.868, -82.8936
36.145566, 77.935, -83.5770
36.407491, 77.999, -84.2796
36.671315, 78.055, -84.9936
36.937051, 78.104, -85.7032
37.204712, 78.146, -86.3906
37.474312, 78.184, -87.0444
37.745867, 78.222, -87.6659
38.019389, 78.264, -88.2707
38.294893, 78.312, -88.8850
38.572393, 78.363, -89.5352
38.851905, 78.415, -90.2382
39.133442, 78.462, -90.9933
39.417019, 78.501, -91.7821
39.702651, 78.531, -92.5746
39.990353, 78.554, -93.3405
40.280139, 78.575, -94.0612
40.572026, 78.600, -94.7380
40.866027, 78.634, -95.3926
41.162159, 78.678, -96.0590
41.460437, 78.730, -96.7693
41.760877, 78.783, -97.5402
42.063493, 78.833, -98.3657
42.368303, 78.874, -99.2183
42.675321, 78.905, -100.0596
42.984564, 78.930, -100.8546
43.296048, 78.952, -101.5845
43.609789, 78.978, -102.2532
43.925803, 79.012, -102.8851
44.244108, 79.054, -103.5135
44.564719, 79.099, -104.1666
44.887653, 79.144, -104.8560
45.212928, 79.184, -105.5736
45.540559, 79.214, -106.2967
45.870565, 79.235, -106.9978
46.202962, 79.250, -107.6555
46.537767, 79.261, -108.2611
46.874999, 79.273, -108.8208
47.214675, 79.289, -109.3520
47.556812, 79.308, -109.8767
47.901428, 79.330, -110.4152
48.248542, 79.353, -110.9814
48.598170, 79.374, -111.5810
48.950333, 79.392, -112.2109
49.305047, 79.405, -112.8616
49.662332, 79.412, -113.5201
50.022206, 79.414, -114.1738
50.384687, 79.414, -114.8142
50.749795, 79.413, -115.4388
51.117549, 79.413, -116.0509
51.487968, 79.415, -116.6563
51.861071, 79.419, -117.2595
52.236878, 79.425, -117.8608
52.615408, 79.432, -118.4564
52.996681, 79.442, -119.0418
53.380716, 79.455, -119.6157
53.767535, 79.471, -120.1827
54.157157, 79.491, -120.7521
54.549602, 79.513, -121.3325
54.944891, 79.535, -121.9259
55.343044, 79.553, -122.5248
55.744083, 79.566, -123.1144
56.148027, 79.573, -123.6785
56.554899, 79.576, -124.2047
56.964719, 79.575, -124.6862
57.377509, 79.572, -125.1195
57.793290, 79.569, -125.5029
58.212084, 79.567, -125.8402
58.633913, 79.572, -126.1487
59.058798, 79.583, -126.4619
59.486763, 79.602, -126.8212
59.917828, 79.622, -127.2579
60.352018, 79.636, -127.7758
60.789353, 79.640, -128.3496
61.229858, 79.632, -128.9396
61.673555, 79.616, -129.5135
62.120467, 79.597, -130.0585
62.570617, 79.578, -130.5796
63.024030, 79.561, -131.0872
63.480728, 79.547, -131.5879
63.940735, 79.536, -132.0837
64.404076, 79.528, -132.5757
64.870775, 79.523, -133.0656
65.340855, 79.519, -133.5535
65.814342, 79.517, -134.0346
66.291260, 79.514, -134.5017
66.771634, 79.511, -134.9488
67.255488, 79.509, -135.3741
67.742849, 79.506, -135.7786
68.233742, 79.504, -136.1635
68.728192, 79.501, -136.5304
69.226225, 79.498, -136.8829
69.727866, 79.495, -137.2276
70.233143, 79.493, -137.5726
70.742082, 79.490, -137.9239
71.254708, 79.486, -138.2832
71.771049, 79.480, -138.6489
72.291131, 79.473, -139.0179
72.814983, 79.465, -139.3881
73.342630, 79.456, -139.7588
73.874101, 79.447, -140.1297
74.409423, 79.438, -140.4993
74.948625, 79.429, -140.8652
75.491733, 79.420, -141.2246
76.038777, 79.412, -141.5750
76.589786, 79.404, -141.9144
77.144787, 79.398, -142.2426
77.703810, 79.392, -142.5606
78.266884, 79.388, -142.8714
78.834038, 79.385, -143.1777
79.405302, 79.382, -143.4814
79.980705, 79.379, -143.7833
80.560278, 79.376, -144.0831
81.144051, 79.372, -144.3801
81.732055, 79.367, -144.6733
82.324319, 79.361, -144.9627
82.920875, 79.355, -145.2494
83.521754, 79.348, -145.5350
84.126987, 79.341, -145.8206
84.736605, 79.332, -146.1067
85.350642, 79.323, -146.3924
85.969128, 79.314, -146.6752
86.592096, 79.304, -146.9525
87.219578, 79.294, -147.2231
87.851607, 79.285, -147.4874
88.488216, 79.277, -147.7459
89.129438, 79.270, -147.9988
89.775306, 79.264, -148.2477
90.425855, 79.261, -148.4966
91.081118, 79.259, -148.7498
91.741129, 79.257, -149.0080
92.405924, 79.254, -149.2679
93.075535, 79.251, -149.5258
93.749999, 79.248, -149.7794
94.429350, 79.243, -150.0275
95.113624, 79.239, -150.2686
95.802856, 79.233, -150.5015
96.497083, 79.227, -150.7263
97.196341, 79.219, -150.9450
97.900666, 79.211, -151.1602
98.610094, 79.201, -151.3731
99.324664, 79.190, -151.5835
100.044411, 79.178, -151.7926
100.769374, 79.165, -152.0029
101.499591, 79.152, -152.2153
102.235098, 79.139, -152.4274
102.975936, 79.128, -152.6386
103.722142, 79.122, -152.8553
104.473756, 79.118, -153.0865
105.230815, 79.118, -153.3350
105.993361, 79.118, -153.5944
106.761433, 79.119, -153.8555
107.535070, 79.119, -154.1111
108.314314, 79.119, -154.3567
109.099204, 79.119, -154.5899
109.889782, 79.118, -154.8098
110.686088, 79.117, -155.0163
111.488165, 79.116, -155.2104
112.296055, 79.115, -155.3939
113.109798, 79.115, -155.5671
113.929438, 79.116, -155.7265
114.755018, 79.116, -155.8656
115.586580, 79.116, -155.9789
116.424168, 79.118, -156.0685
117.267826, 79.122, -156.1468
118.117597, 79.127, -156.2344
118.973525, 79.130, -156.3533
119.835657, 79.129, -156.5183
120.704035, 79.120, -156.7254
121.578706, 79.103, -156.9526
122.459716, 79.078, -157.1765
123.347109, 79.052, -157.3856
124.240933, 79.027, -157.5805
125.141234, 79.007, -157.7670
126.048059, 78.992, -157.9510
126.961456, 78.984, -158.1352
127.881471, 78.982, -158.3193
128.808153, 78.983, -158.5018
129.741550, 78.985, -158.6790
130.681710, 78.988, -158.8447
131.628684, 78.989, -158.9915
132.582520, 78.990, -159.1180
133.543267, 78.989, -159.2304
134.510977, 78.988, -159.3374
135.485699, 78.985, -159.4451
136.467484, 78.982, -159.5548
137.456384, 78.977, -159.6641
138.452449, 78.972, -159.7692
139.455733, 78.968, -159.8679
140.466286, 78.964, -159.9602
141.484163, 78.960, -160.0487
142.509416, 78.957, -160.1371
143.542098, 78.955, -160.2301
144.582263, 78.954, -160.3313
145.629965, 78.954, -160.4417
146.685260, 78.957, -160.5590
147.748202, 78.963, -160.6804
148.818846, 78.971, -160.8037
149.897249, 78.980, -160.9253
150.983466, 78.989, -161.0391
152.077555, 78.996, -161.1416
153.179572, 78.999, -161.2362
154.289574, 78.997, -161.3298
155.407620, 78.989, -161.4252
156.533767, 78.978, -161.5217
157.668076, 78.966, -161.6217
158.810603, 78.955, -161.7292
159.961411, 78.946, -161.8443
161.120557, 78.940, -161.9623
162.288103, 78.938, -162.0771
163.464109, 78.937, -162.1856
164.648638, 78.937, -162.2887
165.841750, 78.938, -162.3911
167.043507, 78.938, -162.4993
168.253973, 78.938, -162.6170
169.473211, 78.937, -162.7432
170.701284, 78.936, -162.8727
171.938256, 78.935, -162.9982
173.184191, 78.935, -163.1145
174.439155, 78.936, -163.2192
175.703213, 78.938, -163.3126
176.976431, 78.940, -163.3982
178.258875, 78.942, -163.4816
179.550613, 78.944, -163.5667
180.851710, 78.944, -163.6548
182.162236, 78.944, -163.7465
183.482259, 78.945, -163.8420
184.811847, 78.946, -163.9402
186.151070, 78.948, -164.0388
187.499997, 78.950, -164.1359
188.858700, 78.953, -164.2306
190.227248, 78.956, -164.3240
191.605713, 78.961, -164.4209
192.994167, 78.965, -164.5267
194.392682, 78.969, -164.6424
195.801331, 78.973, -164.7646
197.220189, 78.976, -164.8889
198.649327, 78.978, -165.0111
200.088822, 78.981, -165.1280
201.538748, 78.983, -165.2380
202.999181, 78.986, -165.3413
204.470197, 78.987, -165.4407
205.951872, 78.988, -165.5397
207.444284, 78.988, -165.6406
208.947511, 78.988, -165.7438
210.461631, 78.988, -165.8490
211.986723, 78.989, -165.9546
213.522866, 78.990, -166.0583
215.070141, 78.992, -166.1590
216.628627, 78.994, -166.2585
218.198408, 78.996, -166.3604
219.779563, 78.998, -166.4680
221.372177, 78.999, -166.5830
222.976331, 78.999, -166.7043
224.592109, 79.000, -166.8292
226.219596, 79.000, -166.9535
227.858877, 79.000, -167.0755
229.510036, 78.999, -167.1975
231.173160, 79.000, -167.3240
232.848336, 79.001, -167.4581
234.535651, 79.004, -167.5981
236.235193, 79.008, -167.7378
237.947051, 79.012, -167.8704
239.671313, 79.013, -167.9915
241.408071, 79.011, -168.0977
243.157413, 79.006, -168.1881
244.919432, 78.999, -168.2698
246.694219, 78.992, -168.3535
248.481867, 78.987, -168.4453
250.282469, 78.983, -168.5452
252.096119, 78.981, -168.6508
253.922911, 78.978, -168.7612
255.762941, 78.974, -168.8760
257.616305, 78.968, -168.9932
259.483099, 78.961, -169.1075
261.363421, 78.952, -169.2136
263.257368, 78.943, -169.3089
265.165039, 78.933, -169.3937
267.086534, 78.923, -169.4704
269.021953, 78.913, -169.5419
270.971397, 78.902, -169.6123
272.934968, 78.891, -169.6850
274.912767, 78.879, -169.7607
276.904898, 78.866, -169.8383
278.911465, 78.853, -169.9165
280.932573, 78.841, -169.9953
282.968326, 78.830, -170.0745
285.018831, 78.820, -170.1526
287.084195, 78.811, -170.2249
289.164526, 78.801, -170.2846
291.259931, 78.790, -170.3269
293.370520, 78.776, -170.3523
295.496404, 78.761, -170.3659
297.637693, 78.746, -170.3729
299.794498, 78.731, -170.3767
301.966933, 78.717, -170.3816
304.155110, 78.704, -170.3931
306.359143, 78.692, -170.4128
308.579148, 78.682, -170.4359
310.815239, 78.673, -170.4554
313.067535, 78.666, -170.4672
315.336151, 78.660, -170.4723
317.621207, 78.653, -170.4740
319.922821, 78.647, -170.4754
322.241114, 78.639, -170.4762
324.576206, 78.630, -170.4743
326.928219, 78.621, -170.4666
329.297275, 78.612, -170.4517
331.683499, 78.605, -170.4305
334.087014, 78.600, -170.4059
336.507947, 78.596, -170.3817
338.946422, 78.592, -170.3607
341.402567, 78.589, -170.3436
343.876511, 78.587, -170.3279
346.368382, 78.584, -170.3103
348.878310, 78.582, -170.2897
351.406426, 78.580, -170.2665
353.952862, 78.578, -170.2410
356.517750, 78.576, -170.2141
359.101225, 78.572, -170.1879
361.703421, 78.569, -170.1644
364.324473, 78.566, -170.1443
366.964518, 78.564, -170.1271
369.623694, 78.563, -170.1126
372.302140, 78.562, -170.1003
374.999995, 78.562, -170.0886
377.717399, 78.563, -170.0755
380.454495, 78.562, -170.0597
383.211425, 78.562, -170.0419
385.988333, 78.561, -170.0240
388.785364, 78.559, -170.0073
391.602663, 78.556, -169.9902
394.440377, 78.553, -169.9690
397.298655, 78.550, -169.9412
400.177644, 78.549, -169.9076
403.077497, 78.548, -169.8715
405.998362, 78.548, -169.8369
408.940394, 78.549, -169.8062
411.903744, 78.550, -169.7787
414.888569, 78.550, -169.7528
417.895022, 78.550, -169.7263
420.923262, 78.549, -169.6984
423.973445, 78.547, -169.6685
427.045732, 78.545, -169.6361
430.140281, 78.543, -169.6004
433.257255, 78.542, -169.5601
436.396816, 78.542, -169.5141
439.559127, 78.543, -169.4612
442.744354, 78.545, -169.4011
445.952662, 78.547, -169.3356
449.184218, 78.549, -169.2682
452.439192, 78.551, -169.2031
455.717753, 78.553, -169.1444
459.020072, 78.556, -169.0951
462.346321, 78.559, -169.0548
465.696673, 78.563, -169.0193
469.071303, 78.567, -168.9834
472.470387, 78.572, -168.9427
475.894102, 78.577, -168.8961
479.342627, 78.583, -168.8461
482.816141, 78.590, -168.7965
486.314826, 78.598, -168.7499
489.838864, 78.607, -168.7084
493.388438, 78.616, -168.6735
496.963734, 78.624, -168.6435
500.564938, 78.631, -168.6126
504.192238, 78.637, -168.5739
507.845823, 78.641, -168.5219
511.525883, 78.646, -168.4574
515.232610, 78.652, -168.3863
518.966198, 78.659, -168.3143
522.726841, 78.669, -168.2440
526.514735, 78.679, -168.1750
530.330078, 78.691, -168.1044
534.173068, 78.702, -168.0306
538.043907, 78.715, -167.9567
541.942795, 78.727, -167.8893
545.869936, 78.739, -167.8338
549.825534, 78.750, -167.7913
553.809797, 78.760, -167.7587
557.822931, 78.769, -167.7306
561.865146, 78.777, -167.7017
565.936652, 78.785, -167.6697
570.037662, 78.795, -167.6359
574.168390, 78.807, -167.6039
578.329051, 78.822, -167.5756
582.519862, 78.840, -167.5504
586.741041, 78.860, -167.5275
590.992808, 78.881, -167.5080
595.275386, 78.902, -167.4939
599.588997, 78.921, -167.4863
603.933866, 78.938, -167.4848
608.310219, 78.955, -167.4888
612.718286, 78.971, -167.4957
617.158295, 78.987, -167.5005
621.630479, 79.003, -167.4973
626.135069, 79.020, -167.4847
630.672302, 79.039, -167.4682
635.242414, 79.059, -167.4565
639.845642, 79.082, -167.4582
644.482227, 79.106, -167.4813
649.152411, 79.132, -167.5304
653.856437, 79.157, -167.6044
658.594551, 79.180, -167.6965
663.366998, 79.201, -167.7963
668.174029, 79.220, -167.8958
673.015893, 79.236, -167.9922
677.892844, 79.252, -168.0895
682.805135, 79.266, -168.1959
687.753022, 79.278, -168.3169
692.736764, 79.288, -168.4505
697.756620, 79.295, -168.5888
702.812853, 79.300, -168.7229
707.905724, 79.303, -168.8471
713.035501, 79.306, -168.9599
718.202450, 79.308, -169.0629
723.406841, 79.311, -169.1588
728.648945, 79.316, -169.2520
733.929036, 79.321, -169.3479
739.247388, 79.327, -169.4527
744.604279, 79.333, -169.5724
749.999989, 79.337, -169.7083
755.434798, 79.338, -169.8550
760.908990, 79.336, -170.0022
766.422850, 79.330, -170.1408
771.976666, 79.320, -170.2660
777.570727, 79.308, -170.3786
783.205325, 79.293, -170.4823
788.880754, 79.275, -170.5807
794.597309, 79.256, -170.6746
800.355289, 79.234, -170.7585
806.154993, 79.209, -170.8218
811.996725, 79.183, -170.8552
817.880788, 79.157, -170.8566
823.807489, 79.133, -170.8302
829.777138, 79.111, -170.7814
835.790045, 79.091, -170.7138
841.846524, 79.074, -170.6289
847.946891, 79.059, -170.5302
854.091464, 79.049, -170.4256
860.280562, 79.042, -170.3272
866.514510, 79.039, -170.2475
872.793631, 79.039, -170.1949
879.118254, 79.038, -170.1718
885.488707, 79.035, -170.1750
891.905323, 79.029, -170.1969
898.368437, 79.017, -170.2260
904.878385, 79.001, -170.2493
911.435507, 78.979, -170.2543
918.040144, 78.952, -170.2298
924.692641, 78.923, -170.1663
931.393345, 78.892, -170.0596
938.142606, 78.862, -169.9106
944.940774, 78.833, -169.7214
951.788204, 78.808, -169.4921
958.685254, 78.787, -169.2239
965.632282, 78.771, -168.9240
972.629652, 78.763, -168.6033
979.677727, 78.761, -168.2722
986.776876, 78.766, -167.9391
993.927468, 78.779, -167.6128
1001.129876, 78.797, -167.3042
1008.384476, 78.822, -167.0252
1015.691645, 78.850, -166.7854
1023.051766, 78.880, -166.5871
1030.465221, 78.911, -166.4243
1037.932396, 78.941, -166.2864
1045.453682, 78.970, -166.1658
1053.029471, 79.000, -166.0628
1060.660156, 79.029, -165.9796
1068.346137, 79.055, -165.9144
1076.087813, 79.079, -165.8591
1083.885589, 79.100, -165.8029
1091.739871, 79.120, -165.7391
1099.651068, 79.140, -165.6680
1107.619593, 79.160, -165.5929
1115.645861, 79.181, -165.5168
1123.730291, 79.203, -165.4415
1131.873304, 79.224, -165.3645
1140.075325, 79.246, -165.2796
1148.336780, 79.268, -165.1841
1156.658102, 79.291, -165.0812
1165.039724, 79.317, -164.9759
1173.482082, 79.344, -164.8707
1181.985617, 79.375, -164.7661
1190.550772, 79.409, -164.6657
1199.177993, 79.449, -164.5827
1207.867731, 79.493, -164.5371
1216.620439, 79.538, -164.5453
1225.436572, 79.582, -164.6106
1234.316591, 79.621, -164.7206
1243.260957, 79.654, -164.8517
1252.270139, 79.681, -164.9837
1261.344604, 79.703, -165.1101
1270.484827, 79.722, -165.2337
1279.691284, 79.739, -165.3567
1288.964455, 79.753, -165.4755
1298.304823, 79.763, -165.5823
1307.712874, 79.771, -165.6680
1317.189101, 79.778, -165.7253
1326.733996, 79.786, -165.7566
1336.348058, 79.797, -165.7750
1346.031787, 79.813, -165.7984
1355.785688, 79.831, -165.8453
1365.610270, 79.849, -165.9282
1375.506045, 79.863, -166.0438
1385.473529, 79.872, -166.1702
1395.513241, 79.874, -166.2806
1405.625705, 79.872, -166.3533
1415.811448, 79.869, -166.3764
1426.071002, 79.869, -166.3563
1436.404900, 79.875, -166.3167
1446.813682, 79.885, -166.2822
1457.297890, 79.897, -166.2628
1467.858072, 79.910, -166.2506
1478.494776, 79.923, -166.2309
1489.208559, 79.938, -166.1968
1499.999978, 79.957, -166.1565
1510.869596, 79.982, -166.1283
1521.817980, 80.012, -166.1335
1532.845701, 80.045, -166.1911
1543.953332, 80.078, -166.3084
1555.141455, 80.106, -166.4713
1566.410651, 80.128, -166.6522
1577.761508, 80.146, -166.8348
1589.194618, 80.161, -167.0200
1600.710578, 80.174, -167.2109
1612.309986, 80.185, -167.3981
1623.993449, 80.196, -167.5572
1635.761575, 80.213, -167.6671
1647.614978, 80.242, -167.7284
1659.554275, 80.287, -167.7633
1671.580089, 80.347, -167.8088
1683.693048, 80.416, -167.8975
1695.893782, 80.484, -168.0391
1708.182927, 80.543, -168.2292
1720.561125, 80.588, -168.4580
1733.029020, 80.613, -168.7128
1745.587263, 80.617, -168.9842
1758.236508, 80.597, -169.2630
1770.977414, 80.553, -169.5271
1783.810646, 80.486, -169.7373
1796.736874, 80.400, -169.8432
1809.756770, 80.305, -169.8015
1822.871013, 80.213, -169.5996
1836.080288, 80.137, -169.2646
1849.385283, 80.083, -168.8564
1862.786691, 80.054, -168.4453
1876.285211, 80.046, -168.0921
1889.881547, 80.053, -167.8474
1903.576408, 80.065, -167.7391
1917.370507, 80.070, -167.7575
1931.264564, 80.062, -167.8549
1945.259304, 80.038, -167.9680
1959.355454, 80.003, -168.0460
1973.553752, 79.962, -168.0626
1987.854936, 79.923, -168.0213
2002.259752, 79.890, -167.9492
2016.768952, 79.863, -167.8753
2031.383291, 79.842, -167.8186
2046.103531, 79.826, -167.7965
2060.930441, 79.811, -167.8269
2075.864793, 79.793, -167.9100
2090.907365, 79.768, -168.0190
2106.058941, 79.737, -168.1158
2121.320313, 79.704, -168.1792
2136.692274, 79.675, -168.2184
2152.175627, 79.652, -168.2634
2167.771179, 79.635, -168.3433
2183.479742, 79.625, -168.4813
2199.302137, 79.618, -168.7013
2215.239187, 79.608, -169.0212
2231.291723, 79.590, -169.4296
2247.460582, 79.559, -169.8809
2263.746608, 79.517, -170.3288
2280.150649, 79.470, -170.7559
2296.673561, 79.424, -171.1694
2313.316204, 79.381, -171.5887
2330.079447, 79.343, -172.0401
2346.964163, 79.308, -172.5442
2363.971233, 79.271, -173.0975
2381.101543, 79.228, -173.6697
2398.355986, 79.181, -174.2265
2415.735463, 79.132, -174.7566
2433.240878, 79.082, -175.2715
2450.873144, 79.032, -175.7860
2468.633181, 78.978, -176.3092
2486.521915, 78.919, -176.8381
2504.540278, 78.852, -177.3595
2522.689209, 78.778, -177.8575
2540.969655, 78.700, -178.3218
2559.382568, 78.619, -178.7475
2577.928909, 78.539, -179.1294
2596.609645, 78.463, -179.4621
2615.425749, 78.397, -179.7525
2634.378202, 78.345, 179.9754
2653.467992, 78.308, 179.6842
2672.696115, 78.283, 179.3371
2692.063573, 78.264, 178.9209
2711.571376, 78.243, 178.4518
2731.220539, 78.217, 177.9622
2751.012089, 78.186, 177.4847
2770.947057, 78.149, 177.0402
2791.026482, 78.108, 176.6341
2811.251410, 78.065, 176.2627
2831.622897, 78.017, 175.9204
2852.142003, 77.966, 175.6016
2872.809800, 77.908, 175.2975
2893.627364, 77.844, 174.9978
2914.595781, 77.768, 174.6952
2935.716143, 77.679, 174.3892
2956.989553, 77.573, 174.0865
2978.417118, 77.447, 173.7988
2999.999956, 77.298, 173.5424
3021.739192, 77.125, 173.3408
3043.635960, 76.928, 173.2250
3065.691401, 76.708, 173.2285
3087.906665, 76.471, 173.3771
3110.282909, 76.221, 173.6820
3132.821301, 75.963, 174.1396
3155.523016, 75.700, 174.7426
3178.389237, 75.436, 175.4931
3201.421155, 75.172, 176.4033
3224.619973, 74.912, 177.4807
3247.986898, 74.663, 178.7173
3271.523150, 74.428, -179.9065
3295.229956, 74.210, -178.4090
3319.108550, 74.011, -176.8014
3343.160179, 73.832, -175.0956
3367.386096, 73.678, -173.3181
3391.787563, 73.548, -171.5122
3416.365854, 73.439, -169.7196
3441.122250, 73.346, -167.9561
3466.058040, 73.263, -166.2013
3491.174525, 73.188, -164.4153
3516.473015, 73.124, -162.5666
3541.954828, 73.077, -160.6515
3567.621293, 73.050, -158.6943
3593.473747, 73.045, -156.7350
3619.513539, 73.062, -154.8061
3645.742027, 73.097, -152.9095
3672.160576, 73.151, -151.0235
3698.770566, 73.232, -149.1453
3725.573382, 73.344, -147.3253
3752.570422, 73.493, -145.6530
3779.763094, 73.672, -144.2148
3807.152816, 73.875, -143.0697
3834.741015, 74.091, -142.2469
3862.529129, 74.310, -141.7514
3890.518607, 74.520, -141.5681
3918.710909, 74.709, -141.6571
3947.107503, 74.867, -141.9416
3975.709871, 74.988, -142.3048
4004.519504, 75.078, -142.6161
4033.537903, 75.148, -142.7769
4062.766581, 75.215, -142.7473
4092.207063, 75.293, -142.5388
4121.860882, 75.393, -142.1920
4151.729585, 75.522, -141.7686
4181.814729, 75.681, -141.3524
4212.117883, 75.866, -141.0345
4242.640625, 76.066, -140.8806
4273.384548, 76.271, -140.9150
4304.351254, 76.471, -141.1336
4335.542358, 76.659, -141.5285
4366.959485, 76.828, -142.0934
4398.604273, 76.970, -142.8063
4430.478373, 77.079, -143.6113
4462.583446, 77.153, -144.4238
4494.921165, 77.198, -145.1633
4527.493217, 77.225, -145.7798
4560.301299, 77.246, -146.2609
4593.347122, 77.271, -146.6217
4626.632409, 77.307, -146.8916
4660.158894, 77.360, -147.1049
4693.928327, 77.434, -147.3090
4727.942466, 77.530, -147.5631
4762.203086, 77.641, -147.9103
4796.711973, 77.764, -148.3595
4831.470925, 77.893, -148.9002
4866.481755, 78.028, -149.5223
4901.746288, 78.168, -150.2242
4937.266362, 78.312, -151.0107
4973.043830, 78.457, -151.8914
5009.080555, 78.599, -152.8777
5045.378418, 78.732, -153.9799
5081.939310, 78.848, -155.1933
5118.765137, 78.939, -156.4787
5155.857819, 79.001, -157.7674
5193.219290, 79.039, -158.9948
5230.851498, 79.059, -160.1304
5268.756404, 79.067, -161.1777
5306.935985, 79.065, -162.1521
5345.392231, 79.054, -163.0634
5384.127146, 79.034, -163.9207
5423.142751, 79.007, -164.7452
5462.441079, 78.971, -165.5669
5502.024179, 78.924, -166.4086
5541.894114, 78.860, -167.2760
5582.052963, 78.777, -168.1601
5622.502820, 78.675, -169.0436
5663.245793, 78.555, -169.9070
5704.284007, 78.420, -170.7424
5745.619600, 78.275, -171.5650
5787.254728, 78.120, -172.4021
5829.191562, 77.952, -173.2687
5871.432287, 77.770, -174.1610
5913.979105, 77.569, -175.0680
5956.834236, 77.348, -175.9750
5999.999912, 77.103, -176.8538
6043.478385, 76.835, -177.6680
6087.271921, 76.547, -178.3944
6131.382802, 76.243, -179.0340
6175.813330, 75.926, -179.6033
6220.565819, 75.596, 179.8723
6265.642603, 75.253, 179.3640
6311.046032, 74.888, 178.8590
6356.778473, 74.490, 178.3878
6402.842310, 74.052, 178.0316
6449.239945, 73.568, 177.9070
6495.973796, 73.042, 178.1408
6543.046300, 72.487, 178.8285
6590.459911, 71.922, 179.9874
6638.217100, 71.366, -178.4543
6686.320358, 70.829, -176.6111
6734.772191, 70.312, -174.5723
6783.575127, 69.806, -172.3517
6832.731709, 69.300, -169.8639
6882.244499, 68.788, -166.9233
6932.116080, 68.277, -163.2567
6982.349051, 67.793, -158.5489
7032.946030, 67.390, -152.5633
7083.909656, 67.136, -145.3486
7135.242586, 67.095, -137.4208
7186.947495, 67.291, -129.6966
7239.027079, 67.691, -123.0409
7291.484053, 68.225, -117.8475
7344.321152, 68.825, -114.0379
7397.541131, 69.447, -111.3014
7451.146763, 70.075, -109.3281
7505.140844, 70.706, -107.9333
7559.526189, 71.339, -107.0618
7614.305632, 71.967, -106.7316
7669.482029, 72.576, -106.9719
7725.058258, 73.148, -107.7741
7781.037214, 73.666, -109.0833
7837.421817, 74.118, -110.8077
7894.215007, 74.497, -112.8299
7951.419743, 74.800, -115.0338
8009.039008, 75.031, -117.3191
8067.075806, 75.194, -119.5956
8125.533163, 75.294, -121.7852
8184.414126, 75.342, -123.8248
8243.721764, 75.345, -125.6655
8303.459170, 75.315, -127.2721
8363.629458, 75.260, -128.6199
8424.235765, 75.193, -129.6938
8485.281250, 75.125, -130.4893
8546.769096, 75.066, -131.0125
8608.702508, 75.029, -131.2841
8671.084715, 75.024, -131.3403
8733.918969, 75.059, -131.2296
8797.208547, 75.142, -131.0119
8860.956746, 75.275, -130.7592
8925.166891, 75.459, -130.5515
8989.842330, 75.689, -130.4625
9054.986433, 75.960, -130.5464
9120.602598, 76.266, -130.8396
9186.694244, 76.602, -131.3686
9253.264817, 76.966, -132.1646
9320.317788, 77.353, -133.2684
9387.856653, 77.757, -134.7185
9455.884932, 78.168, -136.5376
9524.406173, 78.580, -138.7258
9593.423946, 78.989, -141.2724
9662.941850, 79.393, -144.1724
9732.963510, 79.789, -147.4340
9803.492576, 80.175, -151.0777
9874.532725, 80.543, -155.1263
9946.087659, 80.887, -159.5971
10018.161110, 81.194, -164.4962
10090.756835, 81.455, -169.8152
10163.878619, 81.657, -175.5295
10237.530273, 81.790, 178.4036
10311.715638, 81.843, 172.0432
10386.438580, 81.809, 165.4632
10461.702996, 81.681, 158.7493
10537.512808, 81.458, 151.9949
10613.871970, 81.139, 145.2936
10690.784461, 80.731, 138.7310
10768.254293, 80.240, 132.3792
10846.285502, 79.677, 126.2921
10924.882158, 79.053, 120.5024
11004.048358, 78.381, 115.0210
11083.788228, 77.674, 109.8375
11164.105927, 76.945, 104.9200
11245.005640, 76.208, 100.2108
11326.491587, 75.479, 95.6154
11408.568014, 74.770, 90.9967
11491.239200, 74.092, 86.1902
11574.509457, 73.442, 81.0323
11658.383123, 72.815, 75.3838
11742.864573, 72.199, 69.1328
11827.958211, 71.588, 62.1827
11913.668472, 70.984, 54.4305
11999.999825, 70.399, 45.7434
12086.956770, 69.862, 35.9500
12174.543841, 69.409, 24.8683
12262.765605, 69.080, 12.3744
12351.626659, 68.910, -1.4883
12441.131638, 68.921, -16.4070
12531.285206, 69.118, -31.7983
12622.092064, 69.486, -46.9786
12713.556946, 70.004, -61.4028
12805.684621, 70.644, -74.7981
12898.479890, 71.382, -87.1414
12991.947593, 72.193, -98.5798
13086.092601, 73.048, -109.3575
13180.919822, 73.907, -119.7480
13276.434201, 74.724, -129.9867
13372.640716, 75.453, -140.2142
13469.544383, 76.057, -150.4523
13567.150254, 76.518, -160.6142
13665.463417, 76.836, -170.5491
13764.488998, 77.029, 179.9015
13864.232160, 77.129, 170.8573
13964.698101, 77.179, 162.3750
14065.892060, 77.222, 154.4359
14167.819312, 77.300, 146.9421
14270.485171, 77.444, 139.7249
14373.894990, 77.667, 132.5657
14478.054158, 77.959, 125.2288
14582.968107, 78.292, 117.5016
14688.642305, 78.624, 109.2337
14795.082262, 78.907, 100.3622
14902.293527, 79.103, 90.9138
15010.281689, 79.181, 80.9860
15119.052378, 79.126, 70.7150
15228.611264, 78.930, 60.2438
15338.964058, 78.596, 49.7039
15450.116515, 78.128, 39.2087
15562.074428, 77.534, 28.8513
15674.843635, 76.824, 18.6999
15788.430013, 76.011, 8.7958
15902.839485, 75.103, -0.8406
16018.078016, 74.106, -10.1866
16134.151612, 73.014, -19.1772
16251.066326, 71.815, -27.6576
16368.828251, 70.497, -35.3337
16487.443528, 69.052, -41.7066
16606.918341, 67.494, -45.9677
16727.258917, 65.890, -46.9176
16848.471530, 64.405, -43.3052
16970.562500, 63.338, -35.5410
17093.538192, 62.988, -27.6039
17217.405016, 63.363, -23.9530
17342.169430, 64.158, -25.6235
17467.837939, 65.052, -31.5711
17594.417093, 65.859, -40.5648
17721.913492, 66.509, -51.6803
17850.333783, 66.992, -64.3046
17979.684660, 67.319, -78.0755
18109.972866, 67.500, -92.7947
18241.205195, 67.529, -108.3366
18373.388487, 67.394, -124.5829
18506.529634, 67.082, -141.3969
18640.635577, 66.579, -158.6094
18775.713306, 65.880, -176.0178
18911.769865, 64.999, 166.5696
19048.812345, 63.994, 149.2351
19186.847892, 62.988, 131.8193
19325.883701, 62.181, 113.8895
19465.927021, 61.761, 95.1522
19606.985152, 61.752, 76.3115
19749.065449, 61.986, 59.3677
19892.175318, 62.256, 46.6426
20036.322221, 62.421, 39.8245
