* Measurement data measured by REW V5.40 beta 55
* Source: Headset (USB-C to 3.5mm Headphone Jack Adapter), MICROPHONE (Master Volume), L, volume: 0.250
* Format: 256k Log Swept Sine, 1 sweep at -6.0 dBFS with no timing reference
* Dated: Jan 16, 2025 10:40:08 PM
* REW Settings:
*  C-weighting compensation: Off
*  Target level: 75.0 dB
* Note: ; 
* Measurement: Left 11
* Smoothing: 1/12 octave
* Frequency Step: 96 ppo
* Start Frequency: 20.0 Hz
*
* Freq(Hz), SPL(dB), Phase(degrees)
19.995176, 74.102, -73.2081
20.140070, 74.481, -75.4024
20.286013, 74.758, -77.8423
20.433014, 74.936, -80.3584
20.581080, 75.024, -82.8080
20.730219, 75.033, -85.0757
20.880438, 74.977, -87.0681
21.031747, 74.871, -88.7168
21.184151, 74.735, -89.9832
21.337660, 74.584, -90.8597
21.492282, 74.436, -91.3695
21.648024, 74.301, -91.5624
21.804894, 74.185, -91.4995
21.962902, 74.091, -91.2393
22.122054, 74.015, -90.8215
22.282359, 73.954, -90.2578
22.443827, 73.908, -89.5350
22.606464, 73.882, -88.6293
22.770280, 73.886, -87.5271
22.935282, 73.937, -86.2524
23.101481, 74.052, -84.8860
23.268884, 74.241, -83.5673
23.437500, 74.507, -82.4743
23.607337, 74.835, -81.7816
23.778406, 75.202, -81.6194
23.950714, 75.579, -82.0496
24.124271, 75.936, -83.0604
24.299085, 76.248, -84.5822
24.475166, 76.496, -86.5034
24.652524, 76.666, -88.6880
24.831166, 76.752, -90.9883
25.011103, 76.756, -93.2517
25.192344, 76.685, -95.3309
25.374898, 76.551, -97.0912
25.558775, 76.376, -98.4257
25.743984, 76.186, -99.2714
25.930536, 76.011, -99.6285
26.118439, 75.878, -99.5706
26.307704, 75.807, -99.2362
26.498340, 75.802, -98.7989
26.690358, 75.856, -98.4197
26.883768, 75.949, -98.2080
27.078578, 76.059, -98.2019
27.274801, 76.168, -98.3745
27.472445, 76.265, -98.6558
27.671522, 76.346, -98.9614
27.872041, 76.418, -99.2184
28.074014, 76.490, -99.3865
28.277450, 76.575, -99.4690
28.482360, 76.681, -99.5114
28.688755, 76.813, -99.5872
28.896645, 76.965, -99.7748
29.106042, 77.127, -100.1338
29.316956, 77.286, -100.6898
29.529399, 77.430, -101.4305
29.743381, 77.548, -102.3132
29.958914, 77.636, -103.2775
30.176009, 77.694, -104.2598
30.394677, 77.726, -105.2065
30.614929, 77.738, -106.0826
30.836777, 77.739, -106.8744
31.060233, 77.733, -107.5875
31.285309, 77.725, -108.2388
31.512015, 77.716, -108.8470
31.740364, 77.706, -109.4253
31.970368, 77.695, -109.9771
32.202038, 77.683, -110.4995
32.435387, 77.671, -110.9897
32.670428, 77.664, -111.4521
32.907171, 77.664, -111.9026
33.145630, 77.672, -112.3666
33.385817, 77.688, -112.8706
33.627744, 77.706, -113.4305
33.871425, 77.720, -114.0421
34.116871, 77.725, -114.6768
34.364096, 77.717, -115.2870
34.613112, 77.699, -115.8181
34.863933, 77.679, -116.2270
35.116572, 77.666, -116.4988
35.371041, 77.672, -116.6576
35.627354, 77.704, -116.7629
35.885524, 77.763, -116.8935
36.145566, 77.841, -117.1209
36.407491, 77.926, -117.4865
36.671315, 78.006, -117.9889
36.937051, 78.068, -118.5881
37.204712, 78.109, -119.2195
37.474312, 78.127, -119.8148
37.745867, 78.130, -120.3207
38.019389, 78.124, -120.7121
38.294893, 78.120, -120.9962
38.572393, 78.123, -121.2065
38.851905, 78.135, -121.3884
39.133442, 78.154, -121.5834
39.417019, 78.175, -121.8173
39.702651, 78.194, -122.0961
39.990353, 78.207, -122.4093
40.280139, 78.213, -122.7381
40.572026, 78.213, -123.0645
40.866027, 78.211, -123.3779
41.162159, 78.208, -123.6783
41.460437, 78.208, -123.9751
41.760877, 78.212, -124.2822
42.063493, 78.220, -124.6122
42.368303, 78.230, -124.9714
42.675321, 78.241, -125.3568
42.984564, 78.253, -125.7583
43.296048, 78.266, -126.1644
43.609789, 78.282, -126.5682
43.925803, 78.303, -126.9718
44.244108, 78.330, -127.3868
44.564719, 78.362, -127.8280
44.887653, 78.396, -128.3048
45.212928, 78.427, -128.8140
45.540559, 78.453, -129.3373
45.870565, 78.470, -129.8461
46.202962, 78.480, -130.3098
46.537767, 78.485, -130.7062
46.874999, 78.491, -131.0289
47.214675, 78.500, -131.2886
47.556812, 78.515, -131.5089
47.901428, 78.537, -131.7180
48.248542, 78.563, -131.9409
48.598170, 78.590, -132.1942
48.950333, 78.616, -132.4839
49.305047, 78.636, -132.8069
49.662332, 78.650, -133.1541
50.022206, 78.657, -133.5135
50.384687, 78.657, -133.8737
50.749795, 78.651, -134.2255
51.117549, 78.641, -134.5638
51.487968, 78.630, -134.8879
51.861071, 78.618, -135.2005
52.236878, 78.607, -135.5070
52.615408, 78.598, -135.8132
52.996681, 78.592, -136.1241
53.380716, 78.589, -136.4418
53.767535, 78.588, -136.7650
54.157157, 78.591, -137.0908
54.549602, 78.598, -137.4178
54.944891, 78.612, -137.7506
55.343044, 78.632, -138.1012
55.744083, 78.659, -138.4860
56.148027, 78.689, -138.9176
56.554899, 78.718, -139.3964
56.964719, 78.742, -139.9079
57.377509, 78.759, -140.4283
57.793290, 78.770, -140.9348
58.212084, 78.774, -141.4117
58.633913, 78.772, -141.8491
59.058798, 78.764, -142.2337
59.486763, 78.751, -142.5452
59.917828, 78.735, -142.7639
60.352018, 78.722, -142.8870
60.789353, 78.718, -142.9390
61.229858, 78.724, -142.9657
61.673555, 78.738, -143.0126
62.120467, 78.756, -143.1046
62.570617, 78.771, -143.2416
63.024030, 78.782, -143.4090
63.480728, 78.788, -143.5929
63.940735, 78.789, -143.7857
64.404076, 78.787, -143.9840
64.870775, 78.783, -144.1843
65.340855, 78.778, -144.3828
65.814342, 78.773, -144.5780
66.291260, 78.770, -144.7731
66.771634, 78.771, -144.9739
67.255488, 78.776, -145.1872
67.742849, 78.784, -145.4170
68.233742, 78.794, -145.6637
68.728192, 78.805, -145.9237
69.226225, 78.817, -146.1912
69.727866, 78.828, -146.4607
70.233143, 78.838, -146.7287
70.742082, 78.846, -146.9927
71.254708, 78.852, -147.2500
71.771049, 78.856, -147.4974
72.291131, 78.858, -147.7326
72.814983, 78.858, -147.9558
73.342630, 78.858, -148.1703
73.874101, 78.857, -148.3810
74.409423, 78.857, -148.5922
74.948625, 78.858, -148.8065
75.491733, 78.860, -149.0240
76.038777, 78.864, -149.2435
76.589786, 78.870, -149.4636
77.144787, 78.879, -149.6834
77.703810, 78.892, -149.9034
78.266884, 78.907, -150.1240
78.834038, 78.924, -150.3450
79.405302, 78.943, -150.5649
79.980705, 78.962, -150.7811
80.560278, 78.979, -150.9901
81.144051, 78.994, -151.1880
81.732055, 79.007, -151.3727
82.324319, 79.019, -151.5455
82.920875, 79.028, -151.7115
83.521754, 79.035, -151.8770
84.126987, 79.040, -152.0463
84.736605, 79.043, -152.2219
85.350642, 79.045, -152.4053
85.969128, 79.046, -152.5984
86.592096, 79.047, -152.8036
87.219578, 79.049, -153.0230
87.851607, 79.052, -153.2575
88.488216, 79.056, -153.5060
89.129438, 79.060, -153.7639
89.775306, 79.063, -154.0222
90.425855, 79.065, -154.2692
91.081118, 79.067, -154.4943
91.741129, 79.069, -154.6930
92.405924, 79.072, -154.8676
93.075535, 79.075, -155.0239
93.749999, 79.078, -155.1689
94.429350, 79.080, -155.3098
95.113624, 79.082, -155.4539
95.802856, 79.082, -155.6078
96.497083, 79.081, -155.7754
97.196341, 79.078, -155.9586
97.900666, 79.075, -156.1571
98.610094, 79.072, -156.3699
99.324664, 79.070, -156.5968
100.044411, 79.070, -156.8384
100.769374, 79.072, -157.0927
101.499591, 79.073, -157.3511
102.235098, 79.074, -157.5968
102.975936, 79.074, -157.8101
103.722142, 79.074, -157.9816
104.473756, 79.077, -158.1196
105.230815, 79.081, -158.2404
105.993361, 79.086, -158.3551
106.761433, 79.088, -158.4670
107.535070, 79.089, -158.5767
108.314314, 79.089, -158.6844
109.099204, 79.087, -158.7919
109.889782, 79.086, -158.9007
110.686088, 79.086, -159.0123
111.488165, 79.087, -159.1273
112.296055, 79.090, -159.2449
113.109798, 79.093, -159.3636
113.929438, 79.098, -159.4802
114.755018, 79.103, -159.5923
115.586580, 79.109, -159.7008
116.424168, 79.115, -159.8101
117.267826, 79.122, -159.9258
118.117597, 79.130, -160.0541
118.973525, 79.137, -160.1992
119.835657, 79.143, -160.3623
120.704035, 79.148, -160.5385
121.578706, 79.151, -160.7173
122.459716, 79.152, -160.8886
123.347109, 79.152, -161.0485
124.240933, 79.153, -161.1989
125.141234, 79.153, -161.3435
126.048059, 79.152, -161.4849
126.961456, 79.150, -161.6236
127.881471, 79.147, -161.7628
128.808153, 79.144, -161.9092
129.741550, 79.141, -162.0698
130.681710, 79.135, -162.2450
131.628684, 79.128, -162.4258
132.582520, 79.120, -162.6008
133.543267, 79.113, -162.7661
134.510977, 79.108, -162.9253
135.485699, 79.106, -163.0837
136.467484, 79.105, -163.2444
137.456384, 79.106, -163.4059
138.452449, 79.107, -163.5600
139.455733, 79.109, -163.6945
140.466286, 79.114, -163.8016
141.484163, 79.122, -163.8834
142.509416, 79.133, -163.9484
143.542098, 79.146, -164.0076
144.582263, 79.158, -164.0697
145.629965, 79.168, -164.1394
146.685260, 79.175, -164.2180
147.748202, 79.177, -164.3074
148.818846, 79.175, -164.4130
149.897249, 79.172, -164.5377
150.983466, 79.166, -164.6755
152.077555, 79.161, -164.8146
153.179572, 79.156, -164.9436
154.289574, 79.155, -165.0541
155.407620, 79.156, -165.1436
156.533767, 79.160, -165.2188
157.668076, 79.166, -165.2911
158.810603, 79.172, -165.3706
159.961411, 79.178, -165.4631
161.120557, 79.184, -165.5698
162.288103, 79.189, -165.6878
163.464109, 79.193, -165.8108
164.648638, 79.196, -165.9315
165.841750, 79.198, -166.0430
167.043507, 79.199, -166.1422
168.253973, 79.198, -166.2296
169.473211, 79.195, -166.3090
170.701284, 79.191, -166.3848
171.938256, 79.186, -166.4626
173.184191, 79.181, -166.5479
174.439155, 79.175, -166.6439
175.703213, 79.170, -166.7496
176.976431, 79.165, -166.8610
178.258875, 79.163, -166.9719
179.550613, 79.162, -167.0765
180.851710, 79.164, -167.1712
182.162236, 79.168, -167.2572
183.482259, 79.173, -167.3389
184.811847, 79.178, -167.4221
186.151070, 79.182, -167.5116
187.499997, 79.186, -167.6101
188.858700, 79.189, -167.7170
190.227248, 79.192, -167.8272
191.605713, 79.194, -167.9330
192.994167, 79.195, -168.0292
194.392682, 79.195, -168.1160
195.801331, 79.194, -168.1968
197.220189, 79.191, -168.2751
198.649327, 79.187, -168.3528
200.088822, 79.183, -168.4312
201.538748, 79.181, -168.5114
202.999181, 79.179, -168.5937
204.470197, 79.179, -168.6781
205.951872, 79.180, -168.7651
207.444284, 79.181, -168.8564
208.947511, 79.182, -168.9525
210.461631, 79.183, -169.0518
211.986723, 79.183, -169.1518
213.522866, 79.184, -169.2501
215.070141, 79.184, -169.3458
216.628627, 79.184, -169.4393
218.198408, 79.183, -169.5316
219.779563, 79.183, -169.6226
221.372177, 79.182, -169.7101
222.976331, 79.180, -169.7920
224.592109, 79.178, -169.8691
226.219596, 79.176, -169.9476
227.858877, 79.172, -170.0353
229.510036, 79.168, -170.1371
231.173160, 79.162, -170.2523
232.848336, 79.156, -170.3754
234.535651, 79.149, -170.4985
236.235193, 79.142, -170.6141
237.947051, 79.136, -170.7192
239.671313, 79.131, -170.8149
241.408071, 79.125, -170.9036
243.157413, 79.119, -170.9866
244.919432, 79.113, -171.0657
246.694219, 79.105, -171.1421
248.481867, 79.096, -171.2160
250.282469, 79.086, -171.2876
252.096119, 79.077, -171.3575
253.922911, 79.067, -171.4258
255.762941, 79.057, -171.4895
257.616305, 79.047, -171.5441
259.483099, 79.036, -171.5878
261.363421, 79.026, -171.6228
263.257368, 79.016, -171.6533
265.165039, 79.006, -171.6821
267.086534, 78.996, -171.7091
269.021953, 78.987, -171.7350
270.971397, 78.978, -171.7635
272.934968, 78.969, -171.7991
274.912767, 78.961, -171.8436
276.904898, 78.952, -171.8940
278.911465, 78.942, -171.9432
280.932573, 78.931, -171.9850
282.968326, 78.919, -172.0178
285.018831, 78.908, -172.0443
287.084195, 78.895, -172.0662
289.164526, 78.882, -172.0803
291.259931, 78.868, -172.0789
293.370520, 78.854, -172.0557
295.496404, 78.839, -172.0101
297.637693, 78.824, -171.9477
299.794498, 78.809, -171.8761
301.966933, 78.794, -171.7998
304.155110, 78.779, -171.7197
306.359143, 78.766, -171.6351
308.579148, 78.753, -171.5455
310.815239, 78.741, -171.4529
313.067535, 78.730, -171.3599
315.336151, 78.721, -171.2679
317.621207, 78.714, -171.1772
319.922821, 78.709, -171.0864
322.241114, 78.708, -170.9930
324.576206, 78.709, -170.8947
326.928219, 78.713, -170.7897
329.297275, 78.720, -170.6794
331.683499, 78.728, -170.5667
334.087014, 78.739, -170.4533
336.507947, 78.752, -170.3402
338.946422, 78.766, -170.2291
341.402567, 78.781, -170.1243
343.876511, 78.797, -170.0304
346.368382, 78.814, -169.9492
348.878310, 78.830, -169.8806
351.406426, 78.844, -169.8251
353.952862, 78.858, -169.7858
356.517750, 78.871, -169.7633
359.101225, 78.883, -169.7528
361.703421, 78.895, -169.7487
364.324473, 78.907, -169.7483
366.964518, 78.919, -169.7513
369.623694, 78.931, -169.7568
372.302140, 78.943, -169.7625
374.999995, 78.956, -169.7675
377.717399, 78.968, -169.7734
380.454495, 78.980, -169.7841
383.211425, 78.991, -169.8035
385.988333, 79.001, -169.8322
388.785364, 79.011, -169.8656
391.602663, 79.021, -169.8973
394.440377, 79.031, -169.9219
397.298655, 79.040, -169.9362
400.177644, 79.049, -169.9393
403.077497, 79.059, -169.9337
405.998362, 79.069, -169.9234
408.940394, 79.080, -169.9136
411.903744, 79.092, -169.9086
414.888569, 79.105, -169.9103
417.895022, 79.119, -169.9183
420.923262, 79.133, -169.9314
423.973445, 79.147, -169.9492
427.045732, 79.162, -169.9740
430.140281, 79.178, -170.0081
433.257255, 79.193, -170.0518
436.396816, 79.209, -170.1030
439.559127, 79.223, -170.1583
442.744354, 79.237, -170.2158
445.952662, 79.250, -170.2774
449.184218, 79.262, -170.3456
452.439192, 79.274, -170.4211
455.717753, 79.286, -170.5021
459.020072, 79.298, -170.5876
462.346321, 79.310, -170.6786
465.696673, 79.322, -170.7772
469.071303, 79.333, -170.8843
472.470387, 79.343, -170.9984
475.894102, 79.351, -171.1174
479.342627, 79.359, -171.2405
482.816141, 79.365, -171.3685
486.314826, 79.370, -171.5032
489.838864, 79.373, -171.6443
493.388438, 79.374, -171.7891
496.963734, 79.372, -171.9333
500.564938, 79.368, -172.0741
504.192238, 79.362, -172.2100
507.845823, 79.354, -172.3403
511.525883, 79.344, -172.4627
515.232610, 79.332, -172.5743
518.966198, 79.318, -172.6727
522.726841, 79.304, -172.7563
526.514735, 79.289, -172.8244
530.330078, 79.273, -172.8776
534.173068, 79.258, -172.9180
538.043907, 79.243, -172.9489
541.942795, 79.228, -172.9736
545.869936, 79.213, -172.9932
549.825534, 79.196, -173.0043
553.809797, 79.180, -173.0002
557.822931, 79.164, -172.9747
561.865146, 79.150, -172.9276
565.936652, 79.137, -172.8634
570.037662, 79.126, -172.7885
574.168390, 79.117, -172.7081
578.329051, 79.110, -172.6252
582.519862, 79.106, -172.5420
586.741041, 79.105, -172.4600
590.992808, 79.106, -172.3801
595.275386, 79.109, -172.3027
599.588997, 79.114, -172.2279
603.933866, 79.120, -172.1564
608.310219, 79.127, -172.0906
612.718286, 79.135, -172.0343
617.158295, 79.144, -171.9904
621.630479, 79.153, -171.9586
626.135069, 79.160, -171.9379
630.672302, 79.166, -171.9282
635.242414, 79.169, -171.9283
639.845642, 79.171, -171.9365
644.482227, 79.171, -171.9500
649.152411, 79.169, -171.9644
653.856437, 79.168, -171.9761
658.594551, 79.167, -171.9841
663.366998, 79.165, -171.9889
668.174029, 79.164, -171.9899
673.015893, 79.164, -171.9855
677.892844, 79.164, -171.9753
682.805135, 79.166, -171.9604
687.753022, 79.170, -171.9434
692.736764, 79.175, -171.9260
697.756620, 79.181, -171.9078
702.812853, 79.187, -171.8877
707.905724, 79.194, -171.8666
713.035501, 79.202, -171.8477
718.202450, 79.210, -171.8339
723.406841, 79.218, -171.8256
728.648945, 79.224, -171.8190
733.929036, 79.231, -171.8088
739.247388, 79.239, -171.7927
744.604279, 79.249, -171.7744
749.999989, 79.260, -171.7602
755.434798, 79.271, -171.7537
760.908990, 79.280, -171.7556
766.422850, 79.288, -171.7647
771.976666, 79.295, -171.7798
777.570727, 79.300, -171.8007
783.205325, 79.304, -171.8295
788.880754, 79.309, -171.8718
794.597309, 79.314, -171.9342
800.355289, 79.317, -172.0175
806.154993, 79.317, -172.1112
811.996725, 79.314, -172.1992
817.880788, 79.308, -172.2678
823.807489, 79.301, -172.3120
829.777138, 79.294, -172.3344
835.790045, 79.290, -172.3431
841.846524, 79.289, -172.3492
847.946891, 79.290, -172.3646
854.091464, 79.292, -172.3992
860.280562, 79.293, -172.4564
866.514510, 79.291, -172.5316
872.793631, 79.285, -172.6133
879.118254, 79.275, -172.6854
885.488707, 79.263, -172.7336
891.905323, 79.251, -172.7529
898.368437, 79.239, -172.7478
904.878385, 79.228, -172.7281
911.435507, 79.217, -172.7002
918.040144, 79.206, -172.6625
924.692641, 79.195, -172.6102
931.393345, 79.186, -172.5433
938.142606, 79.180, -172.4713
944.940774, 79.176, -172.4089
951.788204, 79.175, -172.3658
958.685254, 79.174, -172.3439
965.632282, 79.172, -172.3404
972.629652, 79.166, -172.3505
979.677727, 79.156, -172.3652
986.776876, 79.139, -172.3667
993.927468, 79.118, -172.3308
1001.129876, 79.094, -172.2383
1008.384476, 79.072, -172.0865
1015.691645, 79.055, -171.8909
1023.051766, 79.046, -171.6744
1030.465221, 79.043, -171.4581
1037.932396, 79.046, -171.2579
1045.453682, 79.053, -171.0807
1053.029471, 79.061, -170.9233
1060.660156, 79.069, -170.7747
1068.346137, 79.076, -170.6221
1076.087813, 79.084, -170.4567
1083.885589, 79.095, -170.2760
1091.739871, 79.109, -170.0883
1099.651068, 79.128, -169.9086
1107.619593, 79.150, -169.7488
1115.645861, 79.175, -169.6117
1123.730291, 79.201, -169.4912
1131.873304, 79.229, -169.3780
1140.075325, 79.258, -169.2667
1148.336780, 79.290, -169.1587
1156.658102, 79.325, -169.0574
1165.039724, 79.364, -168.9674
1173.482082, 79.408, -168.8995
1181.985617, 79.456, -168.8703
1190.550772, 79.507, -168.8944
1199.177993, 79.558, -168.9764
1207.867731, 79.606, -169.1129
1216.620439, 79.649, -169.2930
1225.436572, 79.686, -169.4993
1234.316591, 79.716, -169.7097
1243.260957, 79.743, -169.9050
1252.270139, 79.768, -170.0813
1261.344604, 79.795, -170.2515
1270.484827, 79.823, -170.4338
1279.691284, 79.850, -170.6404
1288.964455, 79.875, -170.8725
1298.304823, 79.896, -171.1204
1307.712874, 79.913, -171.3687
1317.189101, 79.928, -171.6079
1326.733996, 79.944, -171.8398
1336.348058, 79.963, -172.0760
1346.031787, 79.987, -172.3362
1355.785688, 80.014, -172.6447
1365.610270, 80.041, -173.0245
1375.506045, 80.063, -173.4879
1385.473529, 80.074, -174.0278
1395.513241, 80.069, -174.6204
1405.625705, 80.046, -175.2311
1415.811448, 80.003, -175.8148
1426.071002, 79.945, -176.3232
1436.404900, 79.876, -176.7231
1446.813682, 79.805, -177.0094
1457.297890, 79.739, -177.2053
1467.858072, 79.679, -177.3461
1478.494776, 79.626, -177.4584
1489.208559, 79.579, -177.5604
1499.999978, 79.536, -177.6675
1510.869596, 79.494, -177.7839
1521.817980, 79.452, -177.9042
1532.845701, 79.412, -178.0267
1543.953332, 79.373, -178.1615
1555.141455, 79.332, -178.3220
1566.410651, 79.287, -178.5082
1577.761508, 79.235, -178.7009
1589.194618, 79.174, -178.8655
1600.710578, 79.108, -178.9645
1612.309986, 79.045, -178.9827
1623.993449, 78.992, -178.9391
1635.761575, 78.953, -178.8680
1647.614978, 78.928, -178.7962
1659.554275, 78.915, -178.7281
1671.580089, 78.911, -178.6521
1683.693048, 78.913, -178.5576
1695.893782, 78.917, -178.4463
1708.182927, 78.921, -178.3345
1720.561125, 78.919, -178.2407
1733.029020, 78.908, -178.1713
1745.587263, 78.886, -178.1313
1758.236508, 78.851, -178.1367
1770.977414, 78.800, -178.2011
1783.810646, 78.731, -178.3107
1796.736874, 78.642, -178.4241
1809.756770, 78.537, -178.4967
1822.871013, 78.423, -178.5028
1836.080288, 78.307, -178.4440
1849.385283, 78.192, -178.3394
1862.786691, 78.080, -178.2051
1876.285211, 77.968, -178.0485
1889.881547, 77.855, -177.8759
1903.576408, 77.739, -177.6961
1917.370507, 77.615, -177.5083
1931.264564, 77.481, -177.2867
1945.259304, 77.334, -176.9827
1959.355454, 77.182, -176.5522
1973.553752, 77.032, -175.9897
1987.854936, 76.893, -175.3356
2002.259752, 76.766, -174.6472
2016.768952, 76.646, -173.9573
2031.383291, 76.529, -173.2588
2046.103531, 76.413, -172.5212
2060.930441, 76.298, -171.7223
2075.864793, 76.189, -170.8634
2090.907365, 76.086, -169.9528
2106.058941, 75.988, -168.9850
2121.320313, 75.898, -167.9487
2136.692274, 75.820, -166.8458
2152.175627, 75.757, -165.6934
2167.771179, 75.712, -164.5162
2183.479742, 75.685, -163.3424
2199.302137, 75.678, -162.2011
2215.239187, 75.691, -161.1199
2231.291723, 75.725, -160.1346
2247.460582, 75.776, -159.2886
2263.746608, 75.838, -158.6046
2280.150649, 75.903, -158.0654
2296.673561, 75.969, -157.6254
2313.316204, 76.034, -157.2405
2330.079447, 76.100, -156.8824
2346.964163, 76.171, -156.5318
2363.971233, 76.251, -156.1765
2381.101543, 76.343, -155.8294
2398.355986, 76.451, -155.5331
2415.735463, 76.572, -155.3351
2433.240878, 76.700, -155.2678
2450.873144, 76.830, -155.3451
2468.633181, 76.956, -155.5646
2486.521915, 77.073, -155.9095
2504.540278, 77.179, -156.3566
2522.689209, 77.271, -156.8797
2540.969655, 77.350, -157.4489
2559.382568, 77.419, -158.0352
2577.928909, 77.483, -158.6190
2596.609645, 77.546, -159.1929
2615.425749, 77.615, -159.7627
2634.378202, 77.693, -160.3460
2653.467992, 77.781, -160.9688
2672.696115, 77.880, -161.6614
2692.063573, 77.984, -162.4531
2711.571376, 78.088, -163.3633
2731.220539, 78.184, -164.3942
2751.012089, 78.263, -165.5268
2770.947057, 78.320, -166.7241
2791.026482, 78.352, -167.9388
2811.251410, 78.358, -169.1285
2831.622897, 78.340, -170.2655
2852.142003, 78.298, -171.3335
2872.809800, 78.234, -172.3196
2893.627364, 78.148, -173.2110
2914.595781, 78.041, -173.9982
2935.716143, 77.915, -174.6772
2956.989553, 77.772, -175.2461
2978.417118, 77.612, -175.7013
2999.999956, 77.437, -176.0413
3021.739192, 77.250, -176.2687
3043.635960, 77.052, -176.3882
3065.691401, 76.845, -176.4020
3087.906665, 76.630, -176.3103
3110.282909, 76.410, -176.1141
3132.821301, 76.187, -175.8179
3155.523016, 75.962, -175.4298
3178.389237, 75.737, -174.9551
3201.421155, 75.510, -174.3885
3224.619973, 75.282, -173.7148
3247.986898, 75.054, -172.9160
3271.523150, 74.830, -171.9804
3295.229956, 74.614, -170.9100
3319.108550, 74.410, -169.7198
3343.160179, 74.218, -168.4301
3367.386096, 74.039, -167.0519
3391.787563, 73.874, -165.5845
3416.365854, 73.724, -164.0241
3441.122250, 73.592, -162.3763
3466.058040, 73.480, -160.6592
3491.174525, 73.391, -158.9026
3516.473015, 73.324, -157.1427
3541.954828, 73.277, -155.4071
3567.621293, 73.247, -153.7025
3593.473747, 73.232, -152.0209
3619.513539, 73.233, -150.3563
3645.742027, 73.253, -148.7243
3672.160576, 73.293, -147.1683
3698.770566, 73.351, -145.7402
3725.573382, 73.420, -144.4701
3752.570422, 73.494, -143.3500
3779.763094, 73.568, -142.3401
3807.152816, 73.643, -141.3906
3834.741015, 73.723, -140.4670
3862.529129, 73.817, -139.5724
3890.518607, 73.927, -138.7441
3918.710909, 74.053, -138.0256
3947.107503, 74.192, -137.4400
3975.709871, 74.338, -136.9797
4004.519504, 74.489, -136.6113
4033.537903, 74.648, -136.3047
4062.766581, 74.816, -136.0636
4092.207063, 74.995, -135.9170
4121.860882, 75.179, -135.8915
4151.729585, 75.362, -136.0016
4181.814729, 75.534, -136.2389
4212.117883, 75.690, -136.5648
4242.640625, 75.828, -136.9291
4273.384548, 75.951, -137.3004
4304.351254, 76.060, -137.6725
4335.542358, 76.156, -138.0470
4366.959485, 76.239, -138.4202
4398.604273, 76.309, -138.7817
4430.478373, 76.367, -139.1179
4462.583446, 76.418, -139.4147
4494.921165, 76.465, -139.6655
4527.493217, 76.513, -139.8766
4560.301299, 76.568, -140.0679
4593.347122, 76.632, -140.2723
4626.632409, 76.704, -140.5240
4660.158894, 76.781, -140.8405
4693.928327, 76.859, -141.2219
4727.942466, 76.938, -141.6578
4762.203086, 77.017, -142.1357
4796.711973, 77.094, -142.6458
4831.470925, 77.170, -143.1810
4866.481755, 77.244, -143.7332
4901.746288, 77.313, -144.2837
4937.266362, 77.379, -144.8025
4973.043830, 77.444, -145.2631
5009.080555, 77.513, -145.6584
5045.378418, 77.589, -146.0026
5081.939310, 77.672, -146.3156
5118.765137, 77.762, -146.6094
5155.857819, 77.859, -146.8914
5193.219290, 77.962, -147.1765
5230.851498, 78.072, -147.4926
5268.756404, 78.186, -147.8723
5306.935985, 78.296, -148.3385
5345.392231, 78.396, -148.8925
5384.127146, 78.480, -149.5135
5423.142751, 78.547, -150.1716
5462.441079, 78.600, -150.8516
5502.024179, 78.639, -151.5709
5541.894114, 78.664, -152.3633
5582.052963, 78.670, -153.2464
5622.502820, 78.651, -154.2081
5663.245793, 78.602, -155.2141
5704.284007, 78.523, -156.2236
5745.619600, 78.415, -157.2007
5787.254728, 78.282, -158.1150
5829.191562, 78.128, -158.9415
5871.432287, 77.957, -159.6664
5913.979105, 77.776, -160.2922
5956.834236, 77.588, -160.8404
5999.999912, 77.393, -161.3402
6043.478385, 77.190, -161.8096
6087.271921, 76.973, -162.2452
6131.382802, 76.738, -162.6212
6175.813330, 76.480, -162.8878
6220.565819, 76.199, -162.9756
6265.642603, 75.901, -162.8106
6311.046032, 75.595, -162.3359
6356.778473, 75.299, -161.5359
6402.842310, 75.030, -160.4602
6449.239945, 74.805, -159.2187
6495.973796, 74.629, -157.9440
6543.046300, 74.501, -156.7584
6590.459911, 74.414, -155.7573
6638.217100, 74.355, -155.0076
6686.320358, 74.311, -154.5422
6734.772191, 74.264, -154.3522
6783.575127, 74.199, -154.3748
6832.731709, 74.105, -154.5009
6882.244499, 73.981, -154.6115
6932.116080, 73.835, -154.6211
6982.349051, 73.678, -154.5026
7032.946030, 73.520, -154.2869
7083.909656, 73.367, -154.0317
7135.242586, 73.219, -153.7914
7186.947495, 73.074, -153.6118
7239.027079, 72.927, -153.5359
7291.484053, 72.770, -153.5981
7344.321152, 72.590, -153.8055
7397.541131, 72.371, -154.1045
7451.146763, 72.095, -154.3564
7505.140844, 71.753, -154.3351
7559.526189, 71.351, -153.7380
7614.305632, 70.912, -152.2166
7669.482029, 70.490, -149.4574
7725.058258, 70.163, -145.3531
7781.037214, 70.015, -140.2212
7837.421817, 70.095, -134.8605
7894.215007, 70.384, -130.2204
7951.419743, 70.807, -126.9186
8009.039008, 71.272, -125.0557
8067.075806, 71.707, -124.3782
8125.533163, 72.072, -124.5199
8184.414126, 72.350, -125.1309
8243.721764, 72.540, -125.9092
8303.459170, 72.656, -126.6157
8363.629458, 72.722, -127.0909
8424.235765, 72.762, -127.2559
8485.281250, 72.799, -127.0872
8546.769096, 72.854, -126.5933
8608.702508, 72.945, -125.8017
8671.084715, 73.085, -124.7567
8733.918969, 73.290, -123.5199
8797.208547, 73.570, -122.1786
8860.956746, 73.932, -120.8569
8925.166891, 74.374, -119.7139
8989.842330, 74.888, -118.9210
9054.986433, 75.452, -118.6300
9120.602598, 76.043, -118.9398
9186.694244, 76.635, -119.8737
9253.264817, 77.208, -121.3864
9320.317788, 77.750, -123.3924
9387.856653, 78.259, -125.7941
9455.884932, 78.734, -128.5050
9524.406173, 79.184, -131.4659
9593.423946, 79.613, -134.6497
9662.941850, 80.026, -138.0569
9732.963510, 80.426, -141.7057
9803.492576, 80.810, -145.6221
9874.532725, 81.174, -149.8311
9946.087659, 81.510, -154.3491
10018.161110, 81.811, -159.1780
10090.756835, 82.067, -164.3022
10163.878619, 82.272, -169.6889
10237.530273, 82.419, -175.2927
10311.715638, 82.508, 178.9383
10386.438580, 82.539, 173.0529
10461.702996, 82.516, 167.0884
10537.512808, 82.442, 161.0671
10613.871970, 82.320, 154.9966
10690.784461, 82.149, 148.8782
10768.254293, 81.926, 142.7146
10846.285502, 81.647, 136.5176
10924.882158, 81.304, 130.3137
11004.048358, 80.892, 124.1438
11083.788228, 80.408, 118.0557
11164.105927, 79.851, 112.0944
11245.005640, 79.223, 106.2940
11326.491587, 78.527, 100.6760
11408.568014, 77.762, 95.2549
11491.239200, 76.928, 90.0500
11574.509457, 76.018, 85.1050
11658.383123, 75.024, 80.5109
11742.864573, 73.935, 76.4301
11827.958211, 72.742, 73.1238
11913.668472, 71.446, 70.9982
11999.999825, 70.065, 70.6835
12086.956770, 68.656, 73.1303
12174.543841, 67.348, 79.4749
12262.765605, 66.364, 89.9068
12351.626659, 65.947, 101.6422
12441.131638, 66.152, 110.2520
12531.285206, 66.781, 113.8983
12622.092064, 67.559, 113.2972
12713.556946, 68.298, 109.6821
12805.684621, 68.900, 104.0051
12898.479890, 69.319, 96.8961
12991.947593, 69.537, 88.7759
13086.092601, 69.546, 79.9464
13180.919822, 69.350, 70.6249
13276.434201, 68.961, 60.9403
13372.640716, 68.402, 50.9119
13469.544383, 67.704, 40.4086
13567.150254, 66.917, 29.0709
13665.463417, 66.124, 16.1246
13764.488998, 65.458, -0.0945
13864.232160, 65.101, -23.2679
13964.698101, 65.213, -59.2744
14065.892060, 65.813, -102.6722
14167.819312, 66.763, -135.2416
14270.485171, 67.869, -157.2170
14373.894990, 68.983, -174.1309
14478.054158, 70.012, 171.2170
14582.968107, 70.907, 157.6182
14688.642305, 71.645, 144.5359
14795.082262, 72.212, 131.7283
14902.293527, 72.599, 119.0981
15010.281689, 72.800, 106.6390
15119.052378, 72.812, 94.4025
15228.611264, 72.635, 82.4744
15338.964058, 72.273, 70.9644
15450.116515, 71.734, 59.9991
15562.074428, 71.037, 49.6899
15674.843635, 70.211, 40.0894
15788.430013, 69.289, 31.1990
15902.839485, 68.292, 23.0570
16018.078016, 67.233, 15.8781
16134.151612, 66.135, 10.2262
16251.066326, 65.069, 7.2085
16368.828251, 64.215, 8.4353
16487.443528, 63.853, 14.6061
16606.918341, 64.174, 22.3203
16727.258917, 65.056, 25.8671
16848.471530, 66.192, 23.3876
16970.562500, 67.328, 16.0852
17093.538192, 68.332, 5.4220
17217.405016, 69.151, -7.6071
17342.169430, 69.771, -22.3923
17467.837939, 70.198, -38.5642
17594.417093, 70.441, -55.9014
17721.913492, 70.514, -74.2711
17850.333783, 70.430, -93.5864
17979.684660, 70.209, -113.7727
18109.972866, 69.883, -134.7499
18241.205195, 69.504, -156.4427
18373.388487, 69.145, -178.8677
18506.529634, 68.884, 147.3394
18640.635577, 68.770, -43.9714
18775.713306, 68.799, -68.0807
18911.769865, 68.913, -92.7383
19048.812345, 69.035, -118.2910
19186.847892, 69.094, -145.1216
19325.883701, 69.045, -173.6421
19465.927021, 68.872, 156.2614
19606.985152, 68.592, 126.4066
19749.065449, 68.256, 100.5381
19892.175318, 67.948, 82.0918
20036.322221, 67.762, 72.6475
