* Measurement data measured by REW V5.40 beta 55
* Source: Headset (USB-C to 3.5mm Headphone Jack Adapter), MICROPHONE (Master Volume), L, volume: 0.500
* Format: 256k Log Swept Sine, 1 sweep at -6.0 dBFS with no timing reference
* Dated: Jan 13, 2025 12:19:01 AM
* REW Settings:
*  C-weighting compensation: Off
*  Target level: 75.0 dB
* Note: ; 
* Measurement: R13
* Smoothing: 1/12 octave
* Frequency Step: 96 ppo
* Start Frequency: 20.0 Hz
*
* Freq(Hz), SPL(dB), Phase(degrees)
19.995176, 81.195, -9.5752
20.140070, 81.181, -13.2565
20.286013, 81.082, -16.6219
20.433014, 80.909, -19.6133
20.581080, 80.673, -22.1785
20.730219, 80.385, -24.2750
20.880438, 80.058, -25.8726
21.031747, 79.706, -26.9534
21.184151, 79.342, -27.5153
21.337660, 78.980, -27.5724
21.492282, 78.631, -27.1541
21.648024, 78.308, -26.3051
21.804894, 78.020, -25.0869
21.962902, 77.777, -23.5797
22.122054, 77.589, -21.8855
22.282359, 77.459, -20.1278
22.443827, 77.389, -18.4445
22.606464, 77.373, -16.9717
22.770280, 77.398, -15.8241
22.935282, 77.443, -15.0746
23.101481, 77.488, -14.7426
23.268884, 77.509, -14.7924
23.437500, 77.488, -15.1370
23.607337, 77.409, -15.6487
23.778406, 77.269, -16.1707
23.950714, 77.071, -16.5320
24.124271, 76.833, -16.5717
24.299085, 76.585, -16.1707
24.475166, 76.369, -15.2997
24.652524, 76.233, -14.0604
24.831166, 76.213, -12.6949
25.011103, 76.322, -11.5328
25.192344, 76.544, -10.8846
25.374898, 76.837, -10.9486
25.558775, 77.155, -11.7683
25.743984, 77.456, -13.2537
25.930536, 77.711, -15.2264
26.118439, 77.909, -17.4644
26.307704, 78.051, -19.7385
26.498340, 78.158, -21.8406
26.690358, 78.260, -23.6147
26.883768, 78.396, -24.9866
27.078578, 78.604, -25.9897
27.274801, 78.910, -26.7659
27.472445, 79.317, -27.5294
27.671522, 79.806, -28.5023
27.872041, 80.339, -29.8492
28.074014, 80.878, -31.6434
28.277450, 81.387, -33.8698
28.482360, 81.838, -36.4489
28.688755, 82.214, -39.2650
28.896645, 82.504, -42.1890
29.106042, 82.703, -45.0889
29.316956, 82.811, -47.8375
29.529399, 82.831, -50.3120
29.743381, 82.769, -52.3921
29.958914, 82.635, -53.9607
30.176009, 82.443, -54.9078
30.394677, 82.215, -55.1432
30.614929, 81.976, -54.6202
30.836777, 81.758, -53.3688
31.060233, 81.588, -51.5200
31.285309, 81.486, -49.3016
31.512015, 81.450, -46.9819
31.740364, 81.461, -44.7843
31.970368, 81.488, -42.8121
32.202038, 81.502, -41.0253
32.435387, 81.482, -39.2665
32.670428, 81.429, -37.3258
32.907171, 81.363, -35.0260
33.145630, 81.322, -32.3188
33.385817, 81.344, -29.3607
33.627744, 81.453, -26.4993
33.871425, 81.638, -24.1472
34.116871, 81.859, -22.6069
34.364096, 82.064, -21.9714
34.613112, 82.205, -22.1379
34.863933, 82.252, -22.8866
35.116572, 82.195, -23.9658
35.371041, 82.051, -25.1656
35.627354, 81.851, -26.3826
35.885524, 81.639, -27.6622
36.145566, 81.454, -29.2026
36.407491, 81.315, -31.2919
36.671315, 81.211, -34.2001
36.937051, 81.104, -38.0825
37.204712, 80.950, -42.9326
37.474312, 80.707, -48.5840
37.745867, 80.351, -54.7361
38.019389, 79.884, -60.9766
38.294893, 79.345, -66.8268
38.572393, 78.819, -71.8413
38.851905, 78.443, -75.7819
39.133442, 78.357, -78.8135
39.417019, 78.615, -81.5164
39.702651, 79.137, -84.5741
39.990353, 79.763, -88.3914
40.280139, 80.341, -92.9664
40.572026, 80.771, -97.9969
40.866027, 80.996, -103.0162
41.162159, 80.997, -107.4578
41.460437, 80.791, -110.6472
41.760877, 80.437, -111.7894
42.063493, 80.058, -110.0989
42.368303, 79.827, -105.3403
42.675321, 79.897, -98.6748
42.984564, 80.285, -92.4766
43.296048, 80.865, -88.5404
43.609789, 81.468, -87.1136
43.925803, 81.972, -87.5464
44.244108, 82.319, -89.0405
44.564719, 82.501, -90.9391
44.887653, 82.536, -92.7722
45.212928, 82.462, -94.2415
45.540559, 82.323, -95.2031
45.870565, 82.162, -95.6512
46.202962, 82.016, -95.6903
46.537767, 81.910, -95.4917
46.874999, 81.854, -95.2429
47.214675, 81.848, -95.1036
47.556812, 81.885, -95.1808
47.901428, 81.954, -95.5220
48.248542, 82.044, -96.1289
48.598170, 82.150, -96.9796
48.950333, 82.266, -98.0511
49.305047, 82.386, -99.3265
49.662332, 82.499, -100.7839
50.022206, 82.592, -102.3718
50.384687, 82.648, -103.9897
50.749795, 82.659, -105.4890
51.117549, 82.631, -106.7026
51.487968, 82.580, -107.4985
51.861071, 82.537, -107.8400
52.236878, 82.527, -107.8190
52.615408, 82.563, -107.6320
52.996681, 82.635, -107.4958
53.380716, 82.718, -107.5547
53.767535, 82.783, -107.8334
54.157157, 82.809, -108.2567
54.549602, 82.789, -108.7034
54.944891, 82.728, -109.0649
55.343044, 82.641, -109.2852
55.744083, 82.543, -109.3739
56.148027, 82.449, -109.3953
56.554899, 82.365, -109.4368
56.964719, 82.291, -109.5776
57.377509, 82.226, -109.8662
57.793290, 82.164, -110.3145
58.212084, 82.105, -110.9073
58.633913, 82.049, -111.6193
59.058798, 82.000, -112.4287
59.486763, 81.962, -113.3235
59.917828, 81.934, -114.2924
60.352018, 81.917, -115.3094
60.789353, 81.907, -116.3290
61.229858, 81.907, -117.2992
61.673555, 81.922, -118.1921
62.120467, 81.957, -119.0253
62.570617, 82.010, -119.8525
63.024030, 82.069, -120.7260
63.480728, 82.117, -121.6564
63.940735, 82.140, -122.6028
64.404076, 82.129, -123.4941
64.870775, 82.082, -124.2617
65.340855, 82.004, -124.8555
65.814342, 81.899, -125.2430
66.291260, 81.775, -125.4036
66.771634, 81.643, -125.3342
67.255488, 81.517, -125.0674
67.742849, 81.410, -124.6783
68.233742, 81.332, -124.2698
68.728192, 81.283, -123.9438
69.226225, 81.262, -123.7793
69.727866, 81.261, -123.8234
70.233143, 81.274, -124.0923
70.742082, 81.292, -124.5709
71.254708, 81.306, -125.2192
71.771049, 81.314, -125.9858
72.291131, 81.310, -126.8232
72.814983, 81.292, -127.6942
73.342630, 81.254, -128.5630
73.874101, 81.192, -129.3833
74.409423, 81.103, -130.0968
74.948625, 80.990, -130.6494
75.491733, 80.863, -131.0154
76.038777, 80.732, -131.2126
76.589786, 80.607, -131.2965
77.144787, 80.494, -131.3356
77.703810, 80.398, -131.3896
78.266884, 80.321, -131.5013
78.834038, 80.262, -131.6965
79.405302, 80.221, -131.9801
79.980705, 80.195, -132.3280
80.560278, 80.181, -132.6874
81.144051, 80.180, -132.9946
81.732055, 80.191, -133.2018
82.324319, 80.215, -133.2913
82.920875, 80.248, -133.2670
83.521754, 80.283, -133.1383
84.126987, 80.313, -132.9149
84.736605, 80.332, -132.6134
85.350642, 80.337, -132.2587
85.969128, 80.325, -131.8809
86.592096, 80.296, -131.5162
87.219578, 80.252, -131.2075
87.851607, 80.193, -130.9941
88.488216, 80.120, -130.8962
89.129438, 80.038, -130.9094
89.775306, 79.951, -131.0162
90.425855, 79.867, -131.1982
91.081118, 79.791, -131.4388
91.741129, 79.724, -131.7169
92.405924, 79.668, -132.0035
93.075535, 79.620, -132.2671
93.749999, 79.581, -132.4839
94.429350, 79.548, -132.6481
95.113624, 79.519, -132.7732
95.802856, 79.493, -132.8792
96.497083, 79.465, -132.9785
97.196341, 79.436, -133.0763
97.900666, 79.407, -133.1747
98.610094, 79.382, -133.2721
99.324664, 79.364, -133.3594
100.044411, 79.354, -133.4221
100.769374, 79.355, -133.4447
101.499591, 79.364, -133.4095
102.235098, 79.378, -133.2969
102.975936, 79.396, -133.0966
103.722142, 79.414, -132.8234
104.473756, 79.426, -132.5172
105.230815, 79.427, -132.2183
105.993361, 79.408, -131.9427
106.761433, 79.370, -131.6897
107.535070, 79.317, -131.4663
108.314314, 79.256, -131.2941
109.099204, 79.191, -131.1863
109.889782, 79.128, -131.1287
110.686088, 79.073, -131.0876
111.488165, 79.030, -131.0353
112.296055, 79.001, -130.9567
113.109798, 78.981, -130.8341
113.929438, 78.963, -130.6409
114.755018, 78.944, -130.3596
115.586580, 78.918, -129.9971
116.424168, 78.883, -129.5726
117.267826, 78.839, -129.1040
118.117597, 78.791, -128.6139
118.973525, 78.746, -128.1483
119.835657, 78.710, -127.7777
120.704035, 78.682, -127.5562
121.578706, 78.658, -127.4728
122.459716, 78.632, -127.4600
123.347109, 78.605, -127.4437
124.240933, 78.578, -127.3768
125.141234, 78.550, -127.2434
126.048059, 78.519, -127.0508
126.961456, 78.485, -126.8199
127.881471, 78.445, -126.5737
128.808153, 78.399, -126.3287
129.741550, 78.348, -126.0953
130.681710, 78.297, -125.8784
131.628684, 78.247, -125.6735
132.582520, 78.199, -125.4653
133.543267, 78.156, -125.2347
134.510977, 78.116, -124.9655
135.485699, 78.079, -124.6494
136.467484, 78.043, -124.2893
137.456384, 78.007, -123.8954
138.452449, 77.970, -123.4781
139.455733, 77.932, -123.0454
140.466286, 77.895, -122.6089
141.484163, 77.863, -122.1870
142.509416, 77.835, -121.7920
143.542098, 77.809, -121.4189
144.582263, 77.781, -121.0492
145.629965, 77.751, -120.6583
146.685260, 77.716, -120.2269
147.748202, 77.675, -119.7516
148.818846, 77.631, -119.2434
149.897249, 77.584, -118.7191
150.983466, 77.536, -118.1958
152.077555, 77.489, -117.6887
153.179572, 77.444, -117.2052
154.289574, 77.401, -116.7366
155.407620, 77.359, -116.2595
156.533767, 77.319, -115.7516
157.668076, 77.282, -115.2051
158.810603, 77.247, -114.6273
159.961411, 77.215, -114.0322
161.120557, 77.185, -113.4315
162.288103, 77.159, -112.8328
163.464109, 77.134, -112.2380
164.648638, 77.111, -111.6451
165.841750, 77.088, -111.0490
167.043507, 77.063, -110.4456
168.253973, 77.035, -109.8351
169.473211, 77.003, -109.2201
170.701284, 76.968, -108.6049
171.938256, 76.931, -107.9878
173.184191, 76.892, -107.3560
174.439155, 76.852, -106.6936
175.703213, 76.814, -105.9926
176.976431, 76.778, -105.2526
178.258875, 76.743, -104.4767
179.550613, 76.710, -103.6725
180.851710, 76.678, -102.8505
182.162236, 76.647, -102.0186
183.482259, 76.618, -101.1801
184.811847, 76.591, -100.3362
186.151070, 76.569, -99.4878
187.499997, 76.552, -98.6377
188.858700, 76.539, -97.7831
190.227248, 76.529, -96.9102
191.605713, 76.521, -95.9977
192.994167, 76.513, -95.0256
194.392682, 76.506, -93.9894
195.801331, 76.501, -92.9048
197.220189, 76.499, -91.7952
198.649327, 76.500, -90.6775
200.088822, 76.505, -89.5604
201.538748, 76.515, -88.4504
202.999181, 76.531, -87.3536
204.470197, 76.552, -86.2700
205.951872, 76.578, -85.1908
207.444284, 76.609, -84.1050
208.947511, 76.645, -83.0068
210.461631, 76.686, -81.8993
211.986723, 76.732, -80.7931
213.522866, 76.784, -79.6992
215.070141, 76.842, -78.6227
216.628627, 76.905, -77.5669
218.198408, 76.974, -76.5376
219.779563, 77.049, -75.5371
221.372177, 77.128, -74.5604
222.976331, 77.212, -73.6013
224.592109, 77.298, -72.6564
226.219596, 77.387, -71.7263
227.858877, 77.477, -70.8141
229.510036, 77.567, -69.9246
231.173160, 77.659, -69.0637
232.848336, 77.753, -68.2360
234.535651, 77.849, -67.4415
236.235193, 77.944, -66.6774
237.947051, 78.035, -65.9398
239.671313, 78.117, -65.2241
241.408071, 78.188, -64.5220
243.157413, 78.251, -63.8260
244.919432, 78.311, -63.1393
246.694219, 78.372, -62.4652
248.481867, 78.438, -61.7960
250.282469, 78.508, -61.1183
252.096119, 78.582, -60.4260
253.922911, 78.658, -59.7249
255.762941, 78.735, -59.0240
257.616305, 78.812, -58.3263
259.483099, 78.891, -57.6278
261.363421, 78.972, -56.9241
263.257368, 79.056, -56.2129
265.165039, 79.141, -55.4979
267.086534, 79.226, -54.7899
269.021953, 79.308, -54.1002
270.971397, 79.386, -53.4320
272.934968, 79.461, -52.7828
274.912767, 79.536, -52.1509
276.904898, 79.612, -51.5360
278.911465, 79.690, -50.9358
280.932573, 79.769, -50.3458
282.968326, 79.847, -49.7629
285.018831, 79.924, -49.1895
287.084195, 79.999, -48.6351
289.164526, 80.073, -48.1095
291.259931, 80.145, -47.6146
293.370520, 80.216, -47.1449
295.496404, 80.287, -46.6937
297.637693, 80.357, -46.2563
299.794498, 80.427, -45.8317
301.966933, 80.497, -45.4220
304.155110, 80.567, -45.0275
306.359143, 80.636, -44.6434
308.579148, 80.704, -44.2639
310.815239, 80.770, -43.8879
313.067535, 80.835, -43.5210
315.336151, 80.899, -43.1714
317.621207, 80.960, -42.8447
319.922821, 81.018, -42.5419
322.241114, 81.071, -42.2612
324.576206, 81.119, -42.0007
326.928219, 81.162, -41.7581
329.297275, 81.199, -41.5305
331.683499, 81.233, -41.3156
334.087014, 81.261, -41.1118
336.507947, 81.286, -40.9176
338.946422, 81.308, -40.7299
341.402567, 81.328, -40.5476
343.876511, 81.347, -40.3723
346.368382, 81.365, -40.2054
348.878310, 81.383, -40.0498
351.406426, 81.398, -39.9094
353.952862, 81.411, -39.7882
356.517750, 81.420, -39.6875
359.101225, 81.421, -39.6051
361.703421, 81.414, -39.5348
364.324473, 81.398, -39.4631
366.964518, 81.372, -39.3722
369.623694, 81.337, -39.2427
372.302140, 81.294, -39.0576
374.999995, 81.244, -38.8032
377.717399, 81.189, -38.4698
380.454495, 81.131, -38.0553
383.211425, 81.073, -37.5636
385.988333, 81.015, -37.0033
388.785364, 80.961, -36.3855
391.602663, 80.910, -35.7223
394.440377, 80.865, -35.0254
397.298655, 80.824, -34.3038
400.177644, 80.790, -33.5632
403.077497, 80.762, -32.8069
405.998362, 80.741, -32.0394
408.940394, 80.725, -31.2675
411.903744, 80.716, -30.4988
414.888569, 80.712, -29.7401
417.895022, 80.714, -28.9980
420.923262, 80.720, -28.2789
423.973445, 80.730, -27.5874
427.045732, 80.742, -26.9246
430.140281, 80.755, -26.2889
433.257255, 80.768, -25.6772
436.396816, 80.778, -25.0836
439.559127, 80.786, -24.5017
442.744354, 80.791, -23.9259
445.952662, 80.794, -23.3505
449.184218, 80.794, -22.7703
452.439192, 80.792, -22.1818
455.717753, 80.789, -21.5846
459.020072, 80.784, -20.9808
462.346321, 80.778, -20.3732
465.696673, 80.771, -19.7643
469.071303, 80.764, -19.1572
472.470387, 80.756, -18.5569
475.894102, 80.746, -17.9685
479.342627, 80.734, -17.3953
482.816141, 80.719, -16.8363
486.314826, 80.700, -16.2872
489.838864, 80.675, -15.7415
493.388438, 80.643, -15.1914
496.963734, 80.605, -14.6283
500.564938, 80.560, -14.0408
504.192238, 80.510, -13.4160
507.845823, 80.457, -12.7407
511.525883, 80.402, -12.0045
515.232610, 80.348, -11.2036
518.966198, 80.298, -10.3434
522.726841, 80.253, -9.4360
526.514735, 80.214, -8.4977
530.330078, 80.183, -7.5447
534.173068, 80.159, -6.5925
538.043907, 80.142, -5.6528
541.942795, 80.129, -4.7323
545.869936, 80.120, -3.8339
549.825534, 80.113, -2.9592
553.809797, 80.107, -2.1095
557.822931, 80.102, -1.2856
561.865146, 80.095, -0.4888
565.936652, 80.086, 0.2815
570.037662, 80.075, 1.0264
574.168390, 80.060, 1.7478
578.329051, 80.041, 2.4481
582.519862, 80.018, 3.1300
586.741041, 79.990, 3.7957
590.992808, 79.957, 4.4475
595.275386, 79.917, 5.0887
599.588997, 79.870, 5.7246
603.933866, 79.815, 6.3600
608.310219, 79.753, 6.9982
612.718286, 79.682, 7.6421
617.158295, 79.603, 8.2961
621.630479, 79.514, 8.9663
626.135069, 79.416, 9.6611
630.672302, 79.308, 10.3916
635.242414, 79.189, 11.1722
639.845642, 79.060, 12.0211
644.482227, 78.922, 12.9595
649.152411, 78.775, 14.0074
653.856437, 78.622, 15.1798
658.594551, 78.466, 16.4829
663.366998, 78.310, 17.9143
668.174029, 78.157, 19.4651
673.015893, 78.008, 21.1248
677.892844, 77.865, 22.8854
682.805135, 77.730, 24.7427
687.753022, 77.603, 26.6962
692.736764, 77.486, 28.7471
697.756620, 77.381, 30.8955
702.812853, 77.289, 33.1383
707.905724, 77.213, 35.4696
713.035501, 77.155, 37.8794
718.202450, 77.118, 40.3514
723.406841, 77.103, 42.8618
728.648945, 77.112, 45.3806
733.929036, 77.143, 47.8745
739.247388, 77.195, 50.3118
744.604279, 77.266, 52.6656
749.999989, 77.352, 54.9163
755.434798, 77.449, 57.0525
760.908990, 77.555, 59.0701
766.422850, 77.667, 60.9706
771.976666, 77.782, 62.7587
777.570727, 77.897, 64.4412
783.205325, 78.011, 66.0261
788.880754, 78.120, 67.5225
794.597309, 78.224, 68.9402
800.355289, 78.320, 70.2922
806.154993, 78.409, 71.5944
811.996725, 78.488, 72.8662
817.880788, 78.559, 74.1294
823.807489, 78.623, 75.4045
829.777138, 78.681, 76.7075
835.790045, 78.737, 78.0454
841.846524, 78.794, 79.4153
847.946891, 78.852, 80.8075
854.091464, 78.913, 82.2104
860.280562, 78.976, 83.6143
866.514510, 79.040, 85.0105
872.793631, 79.104, 86.3938
879.118254, 79.166, 87.7629
885.488707, 79.225, 89.1211
891.905323, 79.282, 90.4736
898.368437, 79.337, 91.8250
904.878385, 79.390, 93.1770
911.435507, 79.441, 94.5286
918.040144, 79.493, 95.8777
924.692641, 79.545, 97.2229
931.393345, 79.598, 98.5626
938.142606, 79.653, 99.8950
944.940774, 79.712, 101.2170
951.788204, 79.774, 102.5223
958.685254, 79.841, 103.8002
965.632282, 79.912, 105.0361
972.629652, 79.984, 106.2151
979.677727, 80.055, 107.3254
986.776876, 80.121, 108.3635
993.927468, 80.178, 109.3375
1001.129876, 80.223, 110.2683
1008.384476, 80.256, 111.1848
1015.691645, 80.276, 112.1160
1023.051766, 80.286, 113.0828
1030.465221, 80.289, 114.0957
1037.932396, 80.289, 115.1545
1045.453682, 80.286, 116.2504
1053.029471, 80.283, 117.3677
1060.660156, 80.281, 118.4861
1068.346137, 80.279, 119.5825
1076.087813, 80.274, 120.6355
1083.885589, 80.263, 121.6284
1091.739871, 80.243, 122.5535
1099.651068, 80.209, 123.4153
1107.619593, 80.154, 124.2344
1115.645861, 80.074, 125.0498
1123.730291, 79.967, 125.9204
1131.873304, 79.830, 126.9233
1140.075325, 79.668, 128.1466
1148.336780, 79.489, 129.6731
1156.658102, 79.307, 131.5554
1165.039724, 79.140, 133.7900
1173.482082, 79.004, 136.3070
1181.985617, 78.908, 138.9871
1190.550772, 78.855, 141.6997
1199.177993, 78.839, 144.3440
1207.867731, 78.849, 146.8690
1216.620439, 78.877, 149.2705
1225.436572, 78.916, 151.5720
1234.316591, 78.962, 153.8013
1243.260957, 79.016, 155.9740
1252.270139, 79.076, 158.0872
1261.344604, 79.145, 160.1243
1270.484827, 79.221, 162.0635
1279.691284, 79.302, 163.8860
1288.964455, 79.385, 165.5813
1298.304823, 79.464, 167.1481
1307.712874, 79.536, 168.5944
1317.189101, 79.596, 169.9341
1326.733996, 79.640, 171.1854
1336.348058, 79.664, 172.3691
1346.031787, 79.666, 173.5078
1355.785688, 79.645, 174.6252
1365.610270, 79.600, 175.7458
1375.506045, 79.531, 176.8955
1385.473529, 79.438, 178.1033
1395.513241, 79.322, 179.4061
1405.625705, 79.182, -179.1467
1415.811448, 79.023, -177.4930
1426.071002, 78.848, -175.5637
1436.404900, 78.667, -173.2993
1446.813682, 78.495, -170.6755
1457.297890, 78.343, -167.7228
1467.858072, 78.225, -164.5258
1478.494776, 78.146, -161.1981
1489.208559, 78.105, -157.8486
1499.999978, 78.098, -154.5566
1510.869596, 78.117, -151.3650
1521.817980, 78.156, -148.2834
1532.845701, 78.208, -145.2976
1543.953332, 78.269, -142.3806
1555.141455, 78.337, -139.5033
1566.410651, 78.412, -136.6443
1577.761508, 78.497, -133.7974
1589.194618, 78.592, -130.9741
1600.710578, 78.700, -128.2000
1612.309986, 78.818, -125.5027
1623.993449, 78.945, -122.9016
1635.761575, 79.078, -120.3994
1647.614978, 79.211, -117.9819
1659.554275, 79.344, -115.6224
1671.580089, 79.477, -113.2917
1683.693048, 79.610, -110.9700
1695.893782, 79.746, -108.6552
1708.182927, 79.887, -106.3628
1720.561125, 80.034, -104.1194
1733.029020, 80.185, -101.9529
1745.587263, 80.338, -99.8831
1758.236508, 80.491, -97.9163
1770.977414, 80.640, -96.0451
1783.810646, 80.783, -94.2512
1796.736874, 80.918, -92.5103
1809.756770, 81.045, -90.7971
1822.871013, 81.164, -89.0919
1836.080288, 81.278, -87.3852
1849.385283, 81.386, -85.6799
1862.786691, 81.490, -83.9871
1876.285211, 81.592, -82.3179
1889.881547, 81.690, -80.6776
1903.576408, 81.787, -79.0662
1917.370507, 81.882, -77.4849
1931.264564, 81.976, -75.9382
1945.259304, 82.069, -74.4304
1959.355454, 82.158, -72.9624
1973.553752, 82.243, -71.5358
1987.854936, 82.324, -70.1579
2002.259752, 82.398, -68.8434
2016.768952, 82.464, -67.6097
2031.383291, 82.518, -66.4702
2046.103531, 82.559, -65.4286
2060.930441, 82.583, -64.4775
2075.864793, 82.589, -63.6023
2090.907365, 82.573, -62.7891
2106.058941, 82.532, -62.0280
2121.320313, 82.461, -61.3072
2136.692274, 82.353, -60.6023
2152.175627, 82.200, -59.8665
2167.771179, 81.996, -59.0241
2183.479742, 81.736, -57.9640
2199.302137, 81.421, -56.5340
2215.239187, 81.062, -54.5492
2231.291723, 80.682, -51.8286
2247.460582, 80.315, -48.2637
2263.746608, 80.003, -43.8961
2280.150649, 79.781, -38.9519
2296.673561, 79.668, -33.7876
2313.316204, 79.657, -28.7688
2330.079447, 79.728, -24.1571
2346.964163, 79.847, -20.0654
2363.971233, 79.986, -16.4779
2381.101543, 80.122, -13.2979
2398.355986, 80.242, -10.3927
2415.735463, 80.343, -7.6235
2433.240878, 80.427, -4.8662
2450.873144, 80.502, -2.0295
2468.633181, 80.578, 0.9264
2486.521915, 80.665, 3.9825
2504.540278, 80.768, 7.0731
2522.689209, 80.885, 10.1168
2540.969655, 81.010, 13.0511
2559.382568, 81.134, 15.8521
2577.928909, 81.253, 18.5364
2596.609645, 81.362, 21.1511
2615.425749, 81.463, 23.7583
2634.378202, 81.561, 26.4178
2653.467992, 81.664, 29.1678
2672.696115, 81.778, 32.0109
2692.063573, 81.910, 34.9129
2711.571376, 82.062, 37.8178
2731.220539, 82.231, 40.6653
2751.012089, 82.414, 43.4021
2770.947057, 82.606, 45.9890
2791.026482, 82.804, 48.4036
2811.251410, 83.006, 50.6395
2831.622897, 83.210, 52.6984
2852.142003, 83.416, 54.5786
2872.809800, 83.621, 56.2679
2893.627364, 83.820, 57.7446
2914.595781, 84.004, 58.9889
2935.716143, 84.162, 59.9946
2956.989553, 84.282, 60.7761
2978.417118, 84.350, 61.3694
2999.999956, 84.356, 61.8361
3021.739192, 84.291, 62.2755
3043.635960, 84.148, 62.8433
3065.691401, 83.931, 63.7595
3087.906665, 83.654, 65.2857
3110.282909, 83.352, 67.6512
3132.821301, 83.071, 70.9341
3155.523016, 82.858, 74.9592
3178.389237, 82.742, 79.3212
3201.421155, 82.717, 83.5674
3224.619973, 82.752, 87.4066
3247.986898, 82.808, 90.7842
3271.523150, 82.856, 93.8248
3295.229956, 82.886, 96.7288
3319.108550, 82.902, 99.6781
3343.160179, 82.918, 102.7709
3367.386096, 82.947, 106.0032
3391.787563, 82.997, 109.3067
3416.365854, 83.063, 112.6205
3441.122250, 83.140, 115.9402
3466.058040, 83.224, 119.3131
3491.174525, 83.317, 122.7908
3516.473015, 83.429, 126.3762
3541.954828, 83.570, 130.0074
3567.621293, 83.746, 133.5941
3593.473747, 83.957, 137.0679
3619.513539, 84.201, 140.3964
3645.742027, 84.475, 143.5542
3672.160576, 84.772, 146.4985
3698.770566, 85.083, 149.1845
3725.573382, 85.392, 151.6024
3752.570422, 85.687, 153.7865
3779.763094, 85.964, 155.7917
3807.152816, 86.223, 157.6603
3834.741015, 86.470, 159.4045
3862.529129, 86.710, 161.0132
3890.518607, 86.949, 162.4703
3918.710909, 87.185, 163.7706
3947.107503, 87.417, 164.9250
3975.709871, 87.641, 165.9561
4004.519504, 87.853, 166.8895
4033.537903, 88.048, 167.7454
4062.766581, 88.224, 168.5345
4092.207063, 88.375, 169.2593
4121.860882, 88.503, 169.9143
4151.729585, 88.610, 170.4889
4181.814729, 88.700, 170.9730
4212.117883, 88.779, 171.3614
4242.640625, 88.847, 171.6532
4273.384548, 88.906, 171.8528
4304.351254, 88.949, 171.9727
4335.542358, 88.972, 172.0344
4366.959485, 88.967, 172.0660
4398.604273, 88.927, 172.0969
4430.478373, 88.847, 172.1511
4462.583446, 88.726, 172.2413
4494.921165, 88.569, 172.3711
4527.493217, 88.381, 172.5420
4560.301299, 88.171, 172.7598
4593.347122, 87.945, 173.0338
4626.632409, 87.708, 173.3757
4660.158894, 87.461, 173.7996
4693.928327, 87.200, 174.3242
4727.942466, 86.921, 174.9761
4762.203086, 86.617, 175.7900
4796.711973, 86.286, 176.7970
4831.470925, 85.928, 178.0065
4866.481755, 85.549, 179.3999
4901.746288, 85.160, -179.0566
4937.266362, 84.769, -177.3943
4973.043830, 84.385, -175.6316
5009.080555, 84.014, -173.7742
5045.378418, 83.656, -171.8212
5081.939310, 83.311, -169.7717
5118.765137, 82.971, -167.6248
5155.857819, 82.630, -165.3737
5193.219290, 82.278, -163.0090
5230.851498, 81.913, -160.5303
5268.756404, 81.537, -157.9521
5306.935985, 81.156, -155.2961
5345.392231, 80.781, -152.5812
5384.127146, 80.422, -149.8223
5423.142751, 80.085, -147.0320
5462.441079, 79.773, -144.2208
5502.024179, 79.482, -141.3930
5541.894114, 79.206, -138.5433
5582.052963, 78.936, -135.6562
5622.502820, 78.663, -132.7216
5663.245793, 78.389, -129.7632
5704.284007, 78.119, -126.8585
5745.619600, 77.862, -124.1245
5787.254728, 77.626, -121.6789
5829.191562, 77.411, -119.6033
5871.432287, 77.212, -117.9312
5913.979105, 77.017, -116.6572
5956.834236, 76.812, -115.7565
5999.999912, 76.580, -115.1984
6043.478385, 76.300, -114.9532
6087.271921, 75.954, -115.0010
6131.382802, 75.525, -115.3419
6175.813330, 75.004, -115.9976
6220.565819, 74.388, -116.9969
6265.642603, 73.678, -118.3649
6311.046032, 72.873, -120.1278
6356.778473, 71.976, -122.3267
6402.842310, 70.983, -125.0338
6449.239945, 69.896, -128.3838
6495.973796, 68.717, -132.6335
6543.046300, 67.469, -138.2675
6590.459911, 66.205, -146.1385
6638.217100, 65.039, -157.5078
6686.320358, 64.162, -173.3291
6734.772191, 63.789, 167.9600
6783.575127, 64.014, 150.9129
6832.731709, 64.727, 138.5504
6882.244499, 65.717, 130.6292
6932.116080, 66.814, 125.8497
6982.349051, 67.916, 123.1129
7032.946030, 68.972, 121.6531
7083.909656, 69.954, 120.9373
7135.242586, 70.848, 120.5939
7186.947495, 71.649, 120.3771
7239.027079, 72.362, 120.1489
7291.484053, 73.000, 119.8709
7344.321152, 73.577, 119.5847
7397.541131, 74.110, 119.3719
7451.146763, 74.608, 119.3162
7505.140844, 75.079, 119.4838
7559.526189, 75.520, 119.9166
7614.305632, 75.924, 120.6317
7669.482029, 76.281, 121.6288
7725.058258, 76.588, 122.9014
7781.037214, 76.853, 124.4272
7837.421817, 77.098, 126.1469
7894.215007, 77.357, 127.9642
7951.419743, 77.661, 129.7679
8009.039008, 78.029, 131.4579
8067.075806, 78.465, 132.9582
8125.533163, 78.955, 134.2183
8184.414126, 79.473, 135.2104
8243.721764, 79.986, 135.9305
8303.459170, 80.465, 136.3909
8363.629458, 80.888, 136.5897
8424.235765, 81.252, 136.4721
8485.281250, 81.562, 135.9325
8546.769096, 81.828, 134.8726
8608.702508, 82.058, 133.2640
8671.084715, 82.256, 131.1723
8733.918969, 82.417, 128.7469
8797.208547, 82.536, 126.1873
8860.956746, 82.600, 123.6978
8925.166891, 82.597, 121.4540
8989.842330, 82.508, 119.5830
9054.986433, 82.321, 118.1522
9120.602598, 82.032, 117.1563
9186.694244, 81.656, 116.5198
9253.264817, 81.219, 116.1336
9320.317788, 80.760, 115.8991
9387.856653, 80.317, 115.7531
9455.884932, 79.922, 115.6792
9524.406173, 79.589, 115.7075
9593.423946, 79.317, 115.8953
9662.941850, 79.085, 116.2986
9732.963510, 78.862, 116.9479
9803.492576, 78.615, 117.8339
9874.532725, 78.322, 118.8903
9946.087659, 77.983, 119.9845
10018.161110, 77.617, 120.9408
10090.756835, 77.259, 121.5901
10163.878619, 76.940, 121.8192
10237.530273, 76.682, 121.6053
10311.715638, 76.486, 121.0226
10386.438580, 76.333, 120.2082
10461.702996, 76.191, 119.3044
10537.512808, 76.017, 118.4031
10613.871970, 75.771, 117.5128
10690.784461, 75.419, 116.5532
10768.254293, 74.943, 115.3683
10846.285502, 74.345, 113.7771
10924.882158, 73.637, 111.6413
11004.048358, 72.837, 108.9093
11083.788228, 71.960, 105.6297
11164.105927, 71.016, 101.9363
11245.005640, 70.005, 98.0031
11326.491587, 68.919, 93.9768
11408.568014, 67.743, 89.8987
11491.239200, 66.464, 85.6050
11574.509457, 65.096, 80.5130
11658.383123, 63.715, 72.8983
11742.864573, 62.528, 56.4449
11827.958211, 61.879, 5.1836
11913.668472, 62.048, -50.5474
11999.999825, 62.951, -68.0640
12086.956770, 64.254, -74.8734
12174.543841, 65.674, -78.1649
12262.765605, 67.065, -79.8506
12351.626659, 68.377, -80.7161
12441.131638, 69.604, -81.2770
12531.285206, 70.775, -82.0244
12622.092064, 71.927, -83.4805
12713.556946, 73.094, -86.1204
12805.684621, 74.281, -90.2198
12898.479890, 75.469, -95.7374
12991.947593, 76.617, -102.3077
13086.092601, 77.678, -109.3712
13180.919822, 78.609, -116.3749
13276.434201, 79.369, -122.9268
13372.640716, 79.925, -128.8534
13469.544383, 80.257, -134.1882
13567.150254, 80.361, -139.1387
13665.463417, 80.259, -144.0486
13764.488998, 80.005, -149.3185
13864.232160, 79.679, -155.2732
13964.698101, 79.377, -162.0059
14065.892060, 79.192, -169.2375
14167.819312, 79.183, -176.3164
14270.485171, 79.356, 177.5449
14373.894990, 79.667, 172.9474
14478.054158, 80.044, 170.1613
14582.968107, 80.423, 169.1875
14688.642305, 80.763, 169.8607
14795.082262, 81.053, 171.8939
14902.293527, 81.299, 174.9010
15010.281689, 81.521, 178.4441
15119.052378, 81.729, -177.9036
15228.611264, 81.928, -174.4995
15338.964058, 82.108, -171.5916
15450.116515, 82.251, -169.3032
15562.074428, 82.335, -167.6438
15674.843635, 82.340, -166.5337
15788.430013, 82.248, -165.8339
15902.839485, 82.050, -165.3749
16018.078016, 81.741, -164.9810
16134.151612, 81.323, -164.4846
16251.066326, 80.802, -163.7285
16368.828251, 80.187, -162.5522
16487.443528, 79.492, -160.7797
16606.918341, 78.742, -158.2361
16727.258917, 77.975, -154.8242
16848.471530, 77.246, -150.6582
16970.562500, 76.617, -146.1772
17093.538192, 76.129, -142.1088
17217.405016, 75.786, -139.2241
17342.169430, 75.541, -138.0614
17467.837939, 75.318, -138.8213
17594.417093, 75.034, -141.4451
17721.913492, 74.627, -145.7612
17850.333783, 74.061, -151.6331
17979.684660, 73.332, -159.1053
18109.972866, 72.469, -168.5898
18241.205195, 71.529, 178.7559
18373.388487, 70.604, 160.0483
18506.529634, 69.801, 129.0608
18640.635577, 69.212, 84.8665
18775.713306, 68.865, 48.8738
18911.769865, 68.718, 26.6903
19048.812345, 68.703, 11.6090
19186.847892, 68.770, -0.0734
19325.883701, 68.891, -9.9509
19465.927021, 69.054, -18.7488
19606.985152, 69.237, -26.7045
19749.065449, 69.414, -33.6340
19892.175318, 69.552, -38.9724
20036.322221, 69.626, -41.9464
