* Measurement data measured by REW V5.40 beta 55
* Source: EXCL: Headset (USB-C to 3.5mm Headphone Jack Adapter), MICROPHONE (Master Volume), 0, volume: 0.250
* Format: 256k Log Swept Sine, 1 sweep at -6.0 dBFS with no timing reference
* Dated: Jan 12, 2025 9:00:23 AM
* REW Settings:
*  C-weighting compensation: Off
*  Target level: 75.0 dB
* Note: ; 
* Measurement: Left 6
* Smoothing: 1/12 octave
* Frequency Step: 96 ppo
* Start Frequency: 20.0 Hz
*
* Freq(Hz), SPL(dB), Phase(degrees)
19.995176, 78.767, -39.5893
20.140070, 78.840, -40.3045
20.286013, 78.915, -41.0026
20.433014, 78.993, -41.6914
20.581080, 79.074, -42.3795
20.730219, 79.157, -43.0749
20.880438, 79.242, -43.7841
21.031747, 79.329, -44.5114
21.184151, 79.416, -45.2588
21.337660, 79.503, -46.0262
21.492282, 79.589, -46.8121
21.648024, 79.674, -47.6141
21.804894, 79.757, -48.4301
21.962902, 79.839, -49.2580
22.122054, 79.920, -50.0967
22.282359, 79.999, -50.9454
22.443827, 80.077, -51.8032
22.606464, 80.152, -52.6679
22.770280, 80.225, -53.5362
22.935282, 80.295, -54.4021
23.101481, 80.361, -55.2577
23.268884, 80.424, -56.0937
23.437500, 80.485, -56.9008
23.607337, 80.546, -57.6717
23.778406, 80.608, -58.4032
23.950714, 80.675, -59.0985
24.124271, 80.750, -59.7680
24.299085, 80.833, -60.4293
24.475166, 80.927, -61.1052
24.652524, 81.029, -61.8202
24.831166, 81.136, -62.5954
25.011103, 81.244, -63.4448
25.192344, 81.348, -64.3709
25.374898, 81.441, -65.3628
25.558775, 81.520, -66.3969
25.743984, 81.582, -67.4387
25.930536, 81.625, -68.4476
26.118439, 81.653, -69.3823
26.307704, 81.670, -70.2087
26.498340, 81.684, -70.9063
26.690358, 81.705, -71.4748
26.883768, 81.739, -71.9370
27.078578, 81.794, -72.3368
27.274801, 81.873, -72.7322
27.472445, 81.971, -73.1832
27.671522, 82.085, -73.7394
27.872041, 82.204, -74.4297
28.074014, 82.319, -75.2575
28.277450, 82.422, -76.2014
28.482360, 82.506, -77.2216
28.688755, 82.569, -78.2682
28.896645, 82.615, -79.2921
29.106042, 82.646, -80.2542
29.316956, 82.672, -81.1340
29.529399, 82.700, -81.9328
29.743381, 82.736, -82.6734
29.958914, 82.783, -83.3930
30.176009, 82.842, -84.1323
30.394677, 82.906, -84.9237
30.614929, 82.972, -85.7823
30.836777, 83.031, -86.7020
31.060233, 83.080, -87.6578
31.285309, 83.116, -88.6130
31.512015, 83.141, -89.5295
31.740364, 83.159, -90.3778
31.970368, 83.178, -91.1450
32.202038, 83.203, -91.8390
32.435387, 83.239, -92.4862
32.670428, 83.288, -93.1237
32.907171, 83.348, -93.7885
33.145630, 83.414, -94.5067
33.385817, 83.480, -95.2869
33.627744, 83.539, -96.1185
33.871425, 83.589, -96.9765
34.116871, 83.629, -97.8286
34.364096, 83.659, -98.6446
34.613112, 83.683, -99.4036
34.863933, 83.707, -100.0989
35.116572, 83.734, -100.7388
35.371041, 83.767, -101.3431
35.627354, 83.807, -101.9369
35.885524, 83.853, -102.5435
36.145566, 83.902, -103.1788
36.407491, 83.950, -103.8490
36.671315, 83.995, -104.5502
36.937051, 84.035, -105.2724
37.204712, 84.069, -106.0026
37.474312, 84.098, -106.7291
37.745867, 84.124, -107.4446
38.019389, 84.147, -108.1465
38.294893, 84.169, -108.8370
38.572393, 84.192, -109.5211
38.851905, 84.214, -110.2041
39.133442, 84.237, -110.8899
39.417019, 84.259, -111.5798
39.702651, 84.280, -112.2724
39.990353, 84.301, -112.9647
40.280139, 84.321, -113.6541
40.572026, 84.342, -114.3397
40.866027, 84.364, -115.0234
41.162159, 84.388, -115.7097
41.460437, 84.412, -116.4036
41.760877, 84.437, -117.1087
42.063493, 84.461, -117.8246
42.368303, 84.483, -118.5463
42.675321, 84.502, -119.2644
42.984564, 84.517, -119.9684
43.296048, 84.532, -120.6503
43.609789, 84.546, -121.3083
43.925803, 84.563, -121.9489
44.244108, 84.583, -122.5850
44.564719, 84.604, -123.2318
44.887653, 84.627, -123.9004
45.212928, 84.646, -124.5931
45.540559, 84.661, -125.3020
45.870565, 84.670, -126.0117
46.202962, 84.673, -126.7053
46.537767, 84.672, -127.3712
46.874999, 84.671, -128.0077
47.214675, 84.672, -128.6224
47.556812, 84.675, -129.2285
47.901428, 84.680, -129.8379
48.248542, 84.686, -130.4567
48.598170, 84.691, -131.0836
48.950333, 84.696, -131.7127
49.305047, 84.701, -132.3382
49.662332, 84.705, -132.9576
50.022206, 84.711, -133.5735
50.384687, 84.719, -134.1911
50.749795, 84.727, -134.8152
51.117549, 84.734, -135.4474
51.487968, 84.740, -136.0854
51.861071, 84.743, -136.7242
52.236878, 84.744, -137.3581
52.615408, 84.742, -137.9828
52.996681, 84.737, -138.5957
53.380716, 84.730, -139.1949
53.767535, 84.721, -139.7800
54.157157, 84.711, -140.3513
54.549602, 84.699, -140.9118
54.944891, 84.687, -141.4657
55.343044, 84.674, -142.0178
55.744083, 84.659, -142.5704
56.148027, 84.644, -143.1229
56.554899, 84.627, -143.6737
56.964719, 84.610, -144.2240
57.377509, 84.593, -144.7784
57.793290, 84.576, -145.3410
58.212084, 84.556, -145.9080
58.633913, 84.533, -146.4635
59.058798, 84.508, -146.9849
59.486763, 84.484, -147.4560
59.917828, 84.466, -147.8799
60.352018, 84.457, -148.2808
60.789353, 84.458, -148.6913
61.229858, 84.466, -149.1348
61.673555, 84.474, -149.6144
62.120467, 84.481, -150.1172
62.570617, 84.485, -150.6261
63.024030, 84.487, -151.1302
63.480728, 84.487, -151.6266
63.940735, 84.486, -152.1153
64.404076, 84.483, -152.5959
64.870775, 84.478, -153.0674
65.340855, 84.471, -153.5294
65.814342, 84.463, -153.9823
66.291260, 84.454, -154.4257
66.771634, 84.443, -154.8572
67.255488, 84.431, -155.2746
67.742849, 84.419, -155.6783
68.233742, 84.407, -156.0711
68.728192, 84.396, -156.4563
69.226225, 84.385, -156.8361
69.727866, 84.373, -157.2110
70.233143, 84.361, -157.5809
70.742082, 84.348, -157.9453
71.254708, 84.335, -158.3040
71.771049, 84.321, -158.6581
72.291131, 84.306, -159.0107
72.814983, 84.291, -159.3646
73.342630, 84.275, -159.7205
73.874101, 84.258, -160.0762
74.409423, 84.240, -160.4279
74.948625, 84.223, -160.7726
75.491733, 84.206, -161.1090
76.038777, 84.191, -161.4386
76.589786, 84.180, -161.7661
77.144787, 84.172, -162.0992
77.703810, 84.166, -162.4451
78.266884, 84.161, -162.8057
78.834038, 84.156, -163.1764
79.405302, 84.149, -163.5488
79.980705, 84.141, -163.9156
80.560278, 84.132, -164.2735
81.144051, 84.123, -164.6219
81.732055, 84.113, -164.9617
82.324319, 84.103, -165.2949
82.920875, 84.093, -165.6259
83.521754, 84.085, -165.9609
84.126987, 84.078, -166.3056
84.736605, 84.071, -166.6623
85.350642, 84.063, -167.0290
85.969128, 84.055, -167.4013
86.592096, 84.047, -167.7740
87.219578, 84.039, -168.1427
87.851607, 84.031, -168.5040
88.488216, 84.024, -168.8570
89.129438, 84.017, -169.2031
89.775306, 84.011, -169.5447
90.425855, 84.005, -169.8843
91.081118, 83.999, -170.2243
91.741129, 83.992, -170.5677
92.405924, 83.986, -170.9182
93.075535, 83.980, -171.2800
93.749999, 83.974, -171.6573
94.429350, 83.967, -172.0518
95.113624, 83.958, -172.4603
95.802856, 83.947, -172.8756
96.497083, 83.935, -173.2891
97.196341, 83.921, -173.6935
97.900666, 83.905, -174.0834
98.610094, 83.889, -174.4566
99.324664, 83.873, -174.8146
100.044411, 83.857, -175.1623
100.769374, 83.841, -175.5066
101.499591, 83.825, -175.8524
102.235098, 83.807, -176.2007
102.975936, 83.787, -176.5486
103.722142, 83.765, -176.8911
104.473756, 83.742, -177.2238
105.230815, 83.718, -177.5439
105.993361, 83.695, -177.8529
106.761433, 83.672, -178.1557
107.535070, 83.650, -178.4583
108.314314, 83.627, -178.7666
109.099204, 83.602, -179.0862
109.889782, 83.576, -179.4201
110.686088, 83.548, -179.7662
111.488165, 83.518, 179.8835
112.296055, 83.487, 179.5411
113.109798, 83.458, 179.2193
113.929438, 83.432, 178.9296
114.755018, 83.411, 178.6796
115.586580, 83.395, 178.4724
116.424168, 83.385, 178.3048
117.267826, 83.378, 178.1655
118.117597, 83.373, 178.0330
118.973525, 83.364, 177.8792
119.835657, 83.346, 177.6859
120.704035, 83.316, 177.4608
121.578706, 83.273, 177.2283
122.459716, 83.222, 177.0026
123.347109, 83.169, 176.7825
124.240933, 83.119, 176.5671
125.141234, 83.075, 176.3630
126.048059, 83.041, 176.1768
126.961456, 83.016, 176.0092
127.881471, 83.002, 175.8564
128.808153, 82.993, 175.7126
129.741550, 82.987, 175.5705
130.681710, 82.980, 175.4219
131.628684, 82.971, 175.2603
132.582520, 82.958, 175.0817
133.543267, 82.942, 174.8845
134.510977, 82.925, 174.6700
135.485699, 82.907, 174.4454
136.467484, 82.891, 174.2220
137.456384, 82.876, 174.0098
138.452449, 82.862, 173.8138
139.455733, 82.849, 173.6328
140.466286, 82.836, 173.4616
141.484163, 82.821, 173.2938
142.509416, 82.804, 173.1232
143.542098, 82.786, 172.9446
144.582263, 82.767, 172.7550
145.629965, 82.748, 172.5560
146.685260, 82.731, 172.3543
147.748202, 82.715, 172.1561
148.818846, 82.701, 171.9622
149.897249, 82.690, 171.7696
150.983466, 82.678, 171.5767
152.077555, 82.665, 171.3853
153.179572, 82.651, 171.1984
154.289574, 82.635, 171.0172
155.407620, 82.618, 170.8409
156.533767, 82.600, 170.6686
157.668076, 82.583, 170.4992
158.810603, 82.565, 170.3309
159.961411, 82.547, 170.1609
161.120557, 82.529, 169.9853
162.288103, 82.512, 169.8017
163.464109, 82.495, 169.6117
164.648638, 82.478, 169.4204
165.841750, 82.461, 169.2350
167.043507, 82.444, 169.0611
168.253973, 82.427, 168.9015
169.473211, 82.409, 168.7522
170.701284, 82.391, 168.6032
171.938256, 82.370, 168.4454
173.184191, 82.348, 168.2760
174.439155, 82.325, 168.0988
175.703213, 82.301, 167.9195
176.976431, 82.280, 167.7426
178.258875, 82.260, 167.5726
179.550613, 82.242, 167.4142
180.851710, 82.225, 167.2680
182.162236, 82.210, 167.1294
183.482259, 82.196, 166.9932
184.811847, 82.180, 166.8568
186.151070, 82.164, 166.7205
187.499997, 82.147, 166.5876
188.858700, 82.130, 166.4623
190.227248, 82.111, 166.3445
191.605713, 82.094, 166.2289
192.994167, 82.076, 166.1084
194.392682, 82.059, 165.9806
195.801331, 82.041, 165.8497
197.220189, 82.025, 165.7245
198.649327, 82.009, 165.6117
200.088822, 81.996, 165.5105
201.538748, 81.984, 165.4136
202.999181, 81.973, 165.3101
204.470197, 81.961, 165.1920
205.951872, 81.948, 165.0584
207.444284, 81.933, 164.9142
208.947511, 81.917, 164.7651
210.461631, 81.900, 164.6153
211.986723, 81.883, 164.4669
213.522866, 81.867, 164.3206
215.070141, 81.851, 164.1766
216.628627, 81.836, 164.0347
218.198408, 81.822, 163.8952
219.779563, 81.809, 163.7595
221.372177, 81.796, 163.6289
222.976331, 81.784, 163.5041
224.592109, 81.772, 163.3847
226.219596, 81.759, 163.2701
227.858877, 81.745, 163.1583
229.510036, 81.730, 163.0458
231.173160, 81.716, 162.9291
232.848336, 81.701, 162.8072
234.535651, 81.685, 162.6808
236.235193, 81.670, 162.5514
237.947051, 81.655, 162.4208
239.671313, 81.640, 162.2907
241.408071, 81.625, 162.1628
243.157413, 81.609, 162.0396
244.919432, 81.593, 161.9239
246.694219, 81.577, 161.8174
248.481867, 81.561, 161.7175
250.282469, 81.544, 161.6191
252.096119, 81.527, 161.5190
253.922911, 81.509, 161.4164
255.762941, 81.491, 161.3121
257.616305, 81.474, 161.2071
259.483099, 81.458, 161.1024
261.363421, 81.443, 160.9997
263.257368, 81.429, 160.9011
265.165039, 81.414, 160.8092
267.086534, 81.398, 160.7261
269.021953, 81.383, 160.6515
270.971397, 81.367, 160.5818
272.934968, 81.352, 160.5123
274.912767, 81.338, 160.4403
276.904898, 81.324, 160.3665
278.911465, 81.310, 160.2932
280.932573, 81.297, 160.2213
282.968326, 81.283, 160.1503
285.018831, 81.269, 160.0782
287.084195, 81.254, 160.0030
289.164526, 81.239, 159.9235
291.259931, 81.224, 159.8412
293.370520, 81.209, 159.7584
295.496404, 81.194, 159.6779
297.637693, 81.180, 159.6020
299.794498, 81.167, 159.5332
301.966933, 81.156, 159.4720
304.155110, 81.145, 159.4172
306.359143, 81.134, 159.3651
308.579148, 81.123, 159.3103
310.815239, 81.110, 159.2480
313.067535, 81.098, 159.1779
315.336151, 81.086, 159.1036
317.621207, 81.075, 159.0300
319.922821, 81.064, 158.9594
322.241114, 81.055, 158.8912
324.576206, 81.046, 158.8254
326.928219, 81.037, 158.7635
329.297275, 81.029, 158.7060
331.683499, 81.020, 158.6499
334.087014, 81.012, 158.5925
336.507947, 81.003, 158.5345
338.946422, 80.994, 158.4792
341.402567, 80.985, 158.4283
343.876511, 80.977, 158.3793
346.368382, 80.969, 158.3278
348.878310, 80.962, 158.2705
351.406426, 80.956, 158.2057
353.952862, 80.952, 158.1344
356.517750, 80.947, 158.0613
359.101225, 80.942, 157.9935
361.703421, 80.936, 157.9363
364.324473, 80.930, 157.8898
366.964518, 80.924, 157.8452
369.623694, 80.918, 157.7903
372.302140, 80.912, 157.7194
374.999995, 80.907, 157.6363
377.717399, 80.903, 157.5486
380.454495, 80.900, 157.4632
383.211425, 80.896, 157.3836
385.988333, 80.893, 157.3101
388.785364, 80.888, 157.2394
391.602663, 80.882, 157.1680
394.440377, 80.876, 157.0943
397.298655, 80.868, 157.0202
400.177644, 80.861, 156.9474
403.077497, 80.854, 156.8752
405.998362, 80.849, 156.8013
408.940394, 80.844, 156.7235
411.903744, 80.841, 156.6403
414.888569, 80.837, 156.5513
417.895022, 80.834, 156.4589
420.923262, 80.830, 156.3671
423.973445, 80.826, 156.2785
427.045732, 80.822, 156.1932
430.140281, 80.817, 156.1102
433.257255, 80.811, 156.0284
436.396816, 80.804, 155.9483
439.559127, 80.797, 155.8701
442.744354, 80.788, 155.7935
445.952662, 80.780, 155.7186
449.184218, 80.771, 155.6450
452.439192, 80.764, 155.5718
455.717753, 80.757, 155.4977
459.020072, 80.752, 155.4217
462.346321, 80.747, 155.3438
465.696673, 80.742, 155.2653
469.071303, 80.738, 155.1880
472.470387, 80.735, 155.1122
475.894102, 80.731, 155.0357
479.342627, 80.727, 154.9565
482.816141, 80.723, 154.8759
486.314826, 80.718, 154.7971
489.838864, 80.713, 154.7231
493.388438, 80.707, 154.6546
496.963734, 80.701, 154.5885
500.564938, 80.694, 154.5208
504.192238, 80.687, 154.4503
507.845823, 80.681, 154.3787
511.525883, 80.674, 154.3082
515.232610, 80.666, 154.2408
518.966198, 80.659, 154.1762
522.726841, 80.652, 154.1133
526.514735, 80.645, 154.0506
530.330078, 80.638, 153.9883
534.173068, 80.631, 153.9284
538.043907, 80.624, 153.8733
541.942795, 80.618, 153.8239
545.869936, 80.613, 153.7791
549.825534, 80.608, 153.7368
553.809797, 80.604, 153.6952
557.822931, 80.602, 153.6523
561.865146, 80.600, 153.6056
565.936652, 80.600, 153.5517
570.037662, 80.600, 153.4872
574.168390, 80.599, 153.4092
578.329051, 80.597, 153.3175
582.519862, 80.594, 153.2153
586.741041, 80.588, 153.1087
590.992808, 80.579, 153.0059
595.275386, 80.569, 152.9156
599.588997, 80.557, 152.8450
603.933866, 80.544, 152.7977
608.310219, 80.531, 152.7743
612.718286, 80.519, 152.7738
617.158295, 80.508, 152.7917
621.630479, 80.499, 152.8205
626.135069, 80.492, 152.8549
630.672302, 80.487, 152.8926
635.242414, 80.484, 152.9324
639.845642, 80.483, 152.9724
644.482227, 80.485, 153.0101
649.152411, 80.488, 153.0441
653.856437, 80.491, 153.0731
658.594551, 80.495, 153.0965
663.366998, 80.500, 153.1152
668.174029, 80.507, 153.1319
673.015893, 80.514, 153.1497
677.892844, 80.524, 153.1699
682.805135, 80.535, 153.1911
687.753022, 80.548, 153.2098
692.736764, 80.563, 153.2220
697.756620, 80.580, 153.2249
702.812853, 80.598, 153.2166
707.905724, 80.616, 153.1968
713.035501, 80.635, 153.1664
718.202450, 80.653, 153.1265
723.406841, 80.672, 153.0768
728.648945, 80.691, 153.0154
733.929036, 80.711, 152.9410
739.247388, 80.731, 152.8538
744.604279, 80.750, 152.7559
749.999989, 80.769, 152.6503
755.434798, 80.786, 152.5401
760.908990, 80.801, 152.4274
766.422850, 80.815, 152.3138
771.976666, 80.828, 152.2002
777.570727, 80.841, 152.0869
783.205325, 80.854, 151.9736
788.880754, 80.868, 151.8584
794.597309, 80.881, 151.7379
800.355289, 80.895, 151.6104
806.154993, 80.907, 151.4767
811.996725, 80.918, 151.3378
817.880788, 80.927, 151.1938
823.807489, 80.935, 151.0451
829.777138, 80.942, 150.8947
835.790045, 80.946, 150.7479
841.846524, 80.949, 150.6113
847.946891, 80.951, 150.4906
854.091464, 80.952, 150.3886
860.280562, 80.954, 150.3038
866.514510, 80.959, 150.2300
872.793631, 80.965, 150.1589
879.118254, 80.974, 150.0840
885.488707, 80.985, 150.0034
891.905323, 80.997, 149.9183
898.368437, 81.010, 149.8292
904.878385, 81.025, 149.7343
911.435507, 81.040, 149.6311
918.040144, 81.055, 149.5192
924.692641, 81.069, 149.4008
931.393345, 81.083, 149.2804
938.142606, 81.096, 149.1603
944.940774, 81.110, 149.0405
951.788204, 81.124, 148.9188
958.685254, 81.138, 148.7917
965.632282, 81.152, 148.6549
972.629652, 81.166, 148.5053
979.677727, 81.179, 148.3418
986.776876, 81.191, 148.1641
993.927468, 81.201, 147.9728
1001.129876, 81.211, 147.7698
1008.384476, 81.218, 147.5593
1015.691645, 81.224, 147.3472
1023.051766, 81.227, 147.1412
1030.465221, 81.228, 146.9482
1037.932396, 81.228, 146.7734
1045.453682, 81.226, 146.6200
1053.029471, 81.223, 146.4894
1060.660156, 81.221, 146.3798
1068.346137, 81.220, 146.2869
1076.087813, 81.222, 146.2055
1083.885589, 81.225, 146.1308
1091.739871, 81.231, 146.0582
1099.651068, 81.238, 145.9850
1107.619593, 81.247, 145.9095
1115.645861, 81.257, 145.8286
1123.730291, 81.269, 145.7372
1131.873304, 81.283, 145.6299
1140.075325, 81.296, 145.5047
1148.336780, 81.309, 145.3644
1156.658102, 81.320, 145.2156
1165.039724, 81.331, 145.0647
1173.482082, 81.342, 144.9141
1181.985617, 81.352, 144.7629
1190.550772, 81.364, 144.6093
1199.177993, 81.375, 144.4525
1207.867731, 81.388, 144.2916
1216.620439, 81.400, 144.1243
1225.436572, 81.412, 143.9474
1234.316591, 81.423, 143.7594
1243.260957, 81.432, 143.5621
1252.270139, 81.441, 143.3593
1261.344604, 81.448, 143.1545
1270.484827, 81.455, 142.9496
1279.691284, 81.462, 142.7427
1288.964455, 81.467, 142.5293
1298.304823, 81.471, 142.3063
1307.712874, 81.473, 142.0740
1317.189101, 81.470, 141.8354
1326.733996, 81.465, 141.5951
1336.348058, 81.456, 141.3578
1346.031787, 81.444, 141.1294
1355.785688, 81.429, 140.9158
1365.610270, 81.412, 140.7216
1375.506045, 81.394, 140.5484
1385.473529, 81.376, 140.3961
1395.513241, 81.357, 140.2654
1405.625705, 81.339, 140.1602
1415.811448, 81.321, 140.0827
1426.071002, 81.307, 140.0283
1436.404900, 81.295, 139.9859
1446.813682, 81.287, 139.9448
1457.297890, 81.281, 139.8983
1467.858072, 81.278, 139.8433
1478.494776, 81.276, 139.7761
1489.208559, 81.275, 139.6933
1499.999978, 81.272, 139.5955
1510.869596, 81.269, 139.4864
1521.817980, 81.263, 139.3698
1532.845701, 81.254, 139.2486
1543.953332, 81.241, 139.1288
1555.141455, 81.225, 139.0196
1566.410651, 81.206, 138.9300
1577.761508, 81.186, 138.8661
1589.194618, 81.167, 138.8318
1600.710578, 81.150, 138.8308
1612.309986, 81.138, 138.8672
1623.993449, 81.135, 138.9429
1635.761575, 81.144, 139.0554
1647.614978, 81.170, 139.1956
1659.554275, 81.213, 139.3490
1671.580089, 81.271, 139.4958
1683.693048, 81.340, 139.6159
1695.893782, 81.411, 139.6949
1708.182927, 81.479, 139.7273
1720.561125, 81.535, 139.7164
1733.029020, 81.575, 139.6733
1745.587263, 81.597, 139.6164
1758.236508, 81.601, 139.5659
1770.977414, 81.589, 139.5366
1783.810646, 81.567, 139.5334
1796.736874, 81.539, 139.5519
1809.756770, 81.510, 139.5825
1822.871013, 81.481, 139.6169
1836.080288, 81.455, 139.6526
1849.385283, 81.430, 139.6938
1862.786691, 81.408, 139.7460
1876.285211, 81.388, 139.8105
1889.881547, 81.371, 139.8818
1903.576408, 81.356, 139.9493
1917.370507, 81.343, 140.0005
1931.264564, 81.331, 140.0249
1945.259304, 81.319, 140.0167
1959.355454, 81.304, 139.9772
1973.553752, 81.287, 139.9129
1987.854936, 81.267, 139.8319
2002.259752, 81.244, 139.7419
2016.768952, 81.219, 139.6454
2031.383291, 81.193, 139.5369
2046.103531, 81.163, 139.4078
2060.930441, 81.129, 139.2544
2075.864793, 81.088, 139.0836
2090.907365, 81.038, 138.9134
2106.058941, 80.979, 138.7673
2121.320313, 80.914, 138.6648
2136.692274, 80.847, 138.6144
2152.175627, 80.780, 138.6110
2167.771179, 80.717, 138.6395
2183.479742, 80.659, 138.6812
2199.302137, 80.605, 138.7166
2215.239187, 80.556, 138.7291
2231.291723, 80.508, 138.7052
2247.460582, 80.461, 138.6369
2263.746608, 80.410, 138.5250
2280.150649, 80.354, 138.3838
2296.673561, 80.291, 138.2415
2313.316204, 80.221, 138.1335
2330.079447, 80.150, 138.0905
2346.964163, 80.082, 138.1291
2363.971233, 80.024, 138.2452
2381.101543, 79.981, 138.4137
2398.355986, 79.954, 138.5979
2415.735463, 79.942, 138.7627
2433.240878, 79.940, 138.8828
2450.873144, 79.943, 138.9493
2468.633181, 79.945, 138.9726
2486.521915, 79.944, 138.9771
2504.540278, 79.940, 138.9870
2522.689209, 79.936, 139.0134
2540.969655, 79.935, 139.0530
2559.382568, 79.939, 139.0959
2577.928909, 79.950, 139.1343
2596.609645, 79.969, 139.1661
2615.425749, 79.999, 139.1880
2634.378202, 80.039, 139.1866
2653.467992, 80.091, 139.1432
2672.696115, 80.152, 139.0446
2692.063573, 80.218, 138.8899
2711.571376, 80.288, 138.6888
2731.220539, 80.358, 138.4537
2751.012089, 80.427, 138.1928
2770.947057, 80.493, 137.9103
2791.026482, 80.554, 137.6115
2811.251410, 80.605, 137.3092
2831.622897, 80.644, 137.0260
2852.142003, 80.670, 136.7905
2872.809800, 80.685, 136.6261
2893.627364, 80.692, 136.5404
2914.595781, 80.694, 136.5229
2935.716143, 80.693, 136.5495
2956.989553, 80.688, 136.5947
2978.417118, 80.676, 136.6407
2999.999956, 80.655, 136.6818
3021.739192, 80.621, 136.7258
3043.635960, 80.574, 136.7928
3065.691401, 80.515, 136.9066
3087.906665, 80.446, 137.0852
3110.282909, 80.375, 137.3306
3132.821301, 80.303, 137.6270
3155.523016, 80.235, 137.9503
3178.389237, 80.171, 138.2777
3201.421155, 80.108, 138.5915
3224.619973, 80.045, 138.8821
3247.986898, 79.979, 139.1526
3271.523150, 79.906, 139.4187
3295.229956, 79.826, 139.7010
3319.108550, 79.740, 140.0198
3343.160179, 79.648, 140.3906
3367.386096, 79.551, 140.8241
3391.787563, 79.453, 141.3259
3416.365854, 79.356, 141.8952
3441.122250, 79.261, 142.5253
3466.058040, 79.168, 143.2063
3491.174525, 79.078, 143.9318
3516.473015, 78.988, 144.7049
3541.954828, 78.899, 145.5413
3567.621293, 78.811, 146.4651
3593.473747, 78.729, 147.4961
3619.513539, 78.660, 148.6355
3645.742027, 78.610, 149.8597
3672.160576, 78.585, 151.1172
3698.770566, 78.588, 152.3321
3725.573382, 78.618, 153.4180
3752.570422, 78.666, 154.2999
3779.763094, 78.722, 154.9391
3807.152816, 78.770, 155.3519
3834.741015, 78.801, 155.6032
3862.529129, 78.812, 155.7808
3890.518607, 78.805, 155.9642
3918.710909, 78.788, 156.2041
3947.107503, 78.769, 156.5175
3975.709871, 78.754, 156.8960
4004.519504, 78.746, 157.3224
4033.537903, 78.747, 157.7847
4062.766581, 78.756, 158.2788
4092.207063, 78.774, 158.8051
4121.860882, 78.801, 159.3622
4151.729585, 78.836, 159.9438
4181.814729, 78.879, 160.5383
4212.117883, 78.927, 161.1333
4242.640625, 78.976, 161.7215
4273.384548, 79.024, 162.3032
4304.351254, 79.068, 162.8857
4335.542358, 79.107, 163.4807
4366.959485, 79.142, 164.0975
4398.604273, 79.174, 164.7388
4430.478373, 79.204, 165.4008
4462.583446, 79.234, 166.0754
4494.921165, 79.264, 166.7566
4527.493217, 79.295, 167.4469
4560.301299, 79.326, 168.1553
4593.347122, 79.360, 168.8898
4626.632409, 79.399, 169.6543
4660.158894, 79.445, 170.4496
4693.928327, 79.500, 171.2748
4727.942466, 79.565, 172.1291
4762.203086, 79.642, 173.0154
4796.711973, 79.732, 173.9404
4831.470925, 79.837, 174.9098
4866.481755, 79.960, 175.9236
4901.746288, 80.104, 176.9749
4937.266362, 80.270, 178.0524
4973.043830, 80.459, 179.1428
5009.080555, 80.671, -179.7676
5045.378418, 80.907, -178.6944
5081.939310, 81.165, -177.6560
5118.765137, 81.446, -176.6743
5155.857819, 81.748, -175.7751
5193.219290, 82.069, -174.9879
5230.851498, 82.404, -174.3477
5268.756404, 82.749, -173.8895
5306.935985, 83.096, -173.6395
5345.392231, 83.438, -173.6112
5384.127146, 83.765, -173.8062
5423.142751, 84.071, -174.2134
5462.441079, 84.350, -174.8107
5502.024179, 84.598, -175.5689
5541.894114, 84.811, -176.4559
5582.052963, 84.989, -177.4399
5622.502820, 85.133, -178.4905
5663.245793, 85.241, -179.5774
5704.284007, 85.318, 179.3286
5745.619600, 85.366, 178.2526
5787.254728, 85.388, 177.2132
5829.191562, 85.388, 176.2217
5871.432287, 85.368, 175.2843
5913.979105, 85.332, 174.4053
5956.834236, 85.279, 173.5880
5999.999912, 85.214, 172.8333
6043.478385, 85.137, 172.1386
6087.271921, 85.050, 171.4989
6131.382802, 84.953, 170.9096
6175.813330, 84.846, 170.3691
6220.565819, 84.729, 169.8809
6265.642603, 84.601, 169.4543
6311.046032, 84.462, 169.1032
6356.778473, 84.317, 168.8406
6402.842310, 84.166, 168.6737
6449.239945, 84.016, 168.5996
6495.973796, 83.870, 168.6027
6543.046300, 83.733, 168.6533
6590.459911, 83.606, 168.7126
6638.217100, 83.489, 168.7432
6686.320358, 83.378, 168.7151
6734.772191, 83.272, 168.6042
6783.575127, 83.165, 168.3904
6832.731709, 83.052, 168.0582
6882.244499, 82.924, 167.6029
6932.116080, 82.772, 167.0363
6982.349051, 82.588, 166.3895
7032.946030, 82.362, 165.7138
7083.909656, 82.087, 165.0811
7135.242586, 81.757, 164.5840
7186.947495, 81.369, 164.3397
7239.027079, 80.926, 164.4909
7291.484053, 80.434, 165.2067
7344.321152, 79.911, 166.6821
7397.541131, 79.386, 169.1336
7451.146763, 78.905, 172.7780
7505.140844, 78.536, 177.7562
7559.526189, 78.361, -176.0249
7614.305632, 78.453, -169.0702
7669.482029, 78.837, -162.2781
7725.058258, 79.473, -156.5962
7781.037214, 80.275, -152.6272
7837.421817, 81.149, -150.5273
7894.215007, 82.018, -150.1570
7951.419743, 82.827, -151.2602
8009.039008, 83.540, -153.5662
8067.075806, 84.131, -156.8238
8125.533163, 84.583, -160.8008
8184.414126, 84.883, -165.2753
8243.721764, 85.025, -170.0275
8303.459170, 85.006, -174.8377
8363.629458, 84.830, -179.4892
8424.235765, 84.506, 176.2293
8485.281250, 84.047, 172.5209
8546.769096, 83.475, 169.5794
8608.702508, 82.815, 167.5825
8671.084715, 82.105, 166.6712
8733.918969, 81.390, 166.9105
8797.208547, 80.723, 168.2386
8860.956746, 80.156, 170.4364
8925.166891, 79.725, 173.1554
8989.842330, 79.442, 176.0117
9054.986433, 79.296, 178.6842
9120.602598, 79.262, -179.0558
9186.694244, 79.307, -177.3683
9253.264817, 79.391, -176.3464
9320.317788, 79.473, -175.9909
9387.856653, 79.517, -176.1994
9455.884932, 79.494, -176.7873
9524.406173, 79.389, -177.5229
9593.423946, 79.200, -178.1530
9662.941850, 78.936, -178.4232
9732.963510, 78.626, -178.1176
9803.492576, 78.310, -177.1338
9874.532725, 78.036, -175.5437
9946.087659, 77.838, -173.5765
10018.161110, 77.734, -171.5268
10090.756835, 77.717, -169.6586
10163.878619, 77.770, -168.1547
10237.530273, 77.869, -167.0958
10311.715638, 77.994, -166.4657
10386.438580, 78.138, -166.1990
10461.702996, 78.303, -166.2554
10537.512808, 78.496, -166.6755
10613.871970, 78.718, -167.5811
10690.784461, 78.952, -169.1250
10768.254293, 79.169, -171.4204
10846.285502, 79.329, -174.4913
10924.882158, 79.394, -178.2552
11004.048358, 79.332, 177.4625
11083.788228, 79.124, 172.8942
11164.105927, 78.768, 168.2819
11245.005640, 78.275, 163.8307
11326.491587, 77.664, 159.6802
11408.568014, 76.960, 155.9012
11491.239200, 76.191, 152.5042
11574.509457, 75.385, 149.4400
11658.383123, 74.573, 146.5922
11742.864573, 73.789, 143.7705
11827.958211, 73.067, 140.7203
11913.668472, 72.432, 137.1511
11999.999825, 71.901, 132.7761
12086.956770, 71.480, 127.3537
12174.543841, 71.157, 120.7200
12262.765605, 70.917, 112.8091
12351.626659, 70.738, 103.6655
12441.131638, 70.597, 93.4515
12531.285206, 70.475, 82.4431
12622.092064, 70.353, 71.0070
12713.556946, 70.211, 59.5586
12805.684621, 70.035, 48.5105
12898.479890, 69.815, 38.2277
12991.947593, 69.549, 29.0043
13086.092601, 69.254, 21.0563
13180.919822, 68.960, 14.5101
13276.434201, 68.720, 9.3682
13372.640716, 68.588, 5.4628
13469.544383, 68.604, 2.4442
13567.150254, 68.763, -0.1472
13665.463417, 69.019, -2.7341
13764.488998, 69.301, -5.5630
13864.232160, 69.545, -8.6487
13964.698101, 69.712, -11.8190
14065.892060, 69.802, -14.8278
14167.819312, 69.842, -17.4879
14270.485171, 69.879, -19.7725
14373.894990, 69.950, -21.8405
14478.054158, 70.073, -23.9764
14582.968107, 70.233, -26.4785
14688.642305, 70.391, -29.5594
14795.082262, 70.501, -33.2999
14902.293527, 70.518, -37.6527
15010.281689, 70.403, -42.4686
15119.052378, 70.128, -47.5189
15228.611264, 69.674, -52.5031
15338.964058, 69.032, -57.0333
15450.116515, 68.208, -60.5884
15562.074428, 67.232, -62.4442
15674.843635, 66.185, -61.6489
15788.430013, 65.224, -57.3215
15902.839485, 64.567, -49.8081
16018.078016, 64.370, -41.8987
16134.151612, 64.569, -37.0016
16251.066326, 64.921, -36.1982
16368.828251, 65.183, -38.5916
16487.443528, 65.202, -42.7610
16606.918341, 64.915, -47.3531
16727.258917, 64.331, -51.1946
16848.471530, 63.523, -53.3986
16970.562500, 62.616, -53.6112
17093.538192, 61.767, -52.2693
17217.405016, 61.107, -50.4635
17342.169430, 60.672, -49.2665
17467.837939, 60.402, -49.1464
17594.417093, 60.201, -49.9268
17721.913492, 60.004, -51.0374
17850.333783, 59.827, -51.8036
17979.684660, 59.770, -51.8351
18109.972866, 59.959, -51.4637
18241.205195, 60.438, -51.7634
18373.388487, 61.116, -53.8778
18506.529634, 61.837, -58.3536
18640.635577, 62.467, -65.1047
18775.713306, 62.923, -73.7217
18911.769865, 63.170, -83.7261
19048.812345, 63.204, -94.6924
19186.847892, 63.046, -106.2849
19325.883701, 62.729, -118.2380
19465.927021, 62.293, -130.2769
19606.985152, 61.788, -141.9838
19749.065449, 61.280, -152.6092
19892.175318, 60.858, -160.9597
20036.322221, 60.615, -165.6342
