* Measurement data measured by REW V5.40 beta 55
* Source: EXCL: Headset (USB-C to 3.5mm Headphone Jack Adapter), MICROPHONE (Master Volume), 0, volume: 0.250
* Format: 256k Log Swept Sine, 1 sweep at -6.0 dBFS with no timing reference
* Dated: Jan 12, 2025 9:08:48 AM
* REW Settings:
*  C-weighting compensation: Off
*  Target level: 75.0 dB
* Note: ; 
* Measurement: Right 8
* Smoothing: 1/12 octave
* Frequency Step: 96 ppo
* Start Frequency: 20.0 Hz
*
* Freq(Hz), SPL(dB), Phase(degrees)
19.995176, 78.839, -42.0639
20.140070, 78.947, -42.8893
20.286013, 79.049, -43.7665
20.433014, 79.143, -44.6835
20.581080, 79.226, -45.6256
20.730219, 79.300, -46.5772
20.880438, 79.364, -47.5227
21.031747, 79.420, -48.4484
21.184151, 79.469, -49.3431
21.337660, 79.512, -50.1989
21.492282, 79.553, -51.0113
21.648024, 79.594, -51.7793
21.804894, 79.635, -52.5050
21.962902, 79.678, -53.1925
22.122054, 79.725, -53.8476
22.282359, 79.777, -54.4769
22.443827, 79.834, -55.0873
22.606464, 79.896, -55.6859
22.770280, 79.964, -56.2797
22.935282, 80.038, -56.8763
23.101481, 80.117, -57.4835
23.268884, 80.202, -58.1095
23.437500, 80.292, -58.7623
23.607337, 80.386, -59.4493
23.778406, 80.481, -60.1760
23.950714, 80.577, -60.9453
24.124271, 80.672, -61.7560
24.299085, 80.762, -62.6029
24.475166, 80.847, -63.4765
24.652524, 80.925, -64.3637
24.831166, 80.996, -65.2494
25.011103, 81.060, -66.1179
25.192344, 81.119, -66.9558
25.374898, 81.175, -67.7534
25.558775, 81.232, -68.5072
25.743984, 81.290, -69.2205
25.930536, 81.354, -69.9028
26.118439, 81.425, -70.5694
26.307704, 81.502, -71.2376
26.498340, 81.585, -71.9245
26.690358, 81.671, -72.6433
26.883768, 81.759, -73.4014
27.078578, 81.844, -74.1989
27.274801, 81.925, -75.0293
27.472445, 82.000, -75.8813
27.671522, 82.069, -76.7408
27.872041, 82.131, -77.5938
28.074014, 82.188, -78.4293
28.277450, 82.242, -79.2406
28.482360, 82.295, -80.0266
28.688755, 82.349, -80.7912
28.896645, 82.403, -81.5415
29.106042, 82.460, -82.2865
29.316956, 82.518, -83.0346
29.529399, 82.577, -83.7919
29.743381, 82.636, -84.5617
29.958914, 82.693, -85.3441
30.176009, 82.747, -86.1370
30.394677, 82.799, -86.9369
30.614929, 82.848, -87.7399
30.836777, 82.894, -88.5419
31.060233, 82.937, -89.3390
31.285309, 82.977, -90.1271
31.512015, 83.015, -90.9024
31.740364, 83.050, -91.6609
31.970368, 83.085, -92.3998
32.202038, 83.119, -93.1182
32.435387, 83.154, -93.8178
32.670428, 83.191, -94.5039
32.907171, 83.231, -95.1846
33.145630, 83.273, -95.8695
33.385817, 83.317, -96.5672
33.627744, 83.362, -97.2830
33.871425, 83.404, -98.0174
34.116871, 83.444, -98.7650
34.364096, 83.479, -99.5162
34.613112, 83.509, -100.2591
34.863933, 83.536, -100.9828
35.116572, 83.561, -101.6805
35.371041, 83.585, -102.3506
35.627354, 83.612, -102.9977
35.885524, 83.641, -103.6308
36.145566, 83.673, -104.2607
36.407491, 83.708, -104.8975
36.671315, 83.744, -105.5479
36.937051, 83.780, -106.2146
37.204712, 83.815, -106.8963
37.474312, 83.848, -107.5897
37.745867, 83.878, -108.2903
38.019389, 83.906, -108.9936
38.294893, 83.931, -109.6960
38.572393, 83.954, -110.3946
38.851905, 83.976, -111.0864
39.133442, 83.995, -111.7688
39.417019, 84.014, -112.4400
39.702651, 84.034, -113.0997
39.990353, 84.054, -113.7502
40.280139, 84.076, -114.3969
40.572026, 84.100, -115.0479
40.866027, 84.126, -115.7115
41.162159, 84.153, -116.3943
41.460437, 84.178, -117.0981
41.760877, 84.201, -117.8191
42.063493, 84.220, -118.5481
42.368303, 84.236, -119.2740
42.675321, 84.248, -119.9865
42.984564, 84.258, -120.6799
43.296048, 84.268, -121.3542
43.609789, 84.278, -122.0138
43.925803, 84.290, -122.6648
44.244108, 84.301, -123.3106
44.564719, 84.312, -123.9508
44.887653, 84.322, -124.5813
45.212928, 84.330, -125.1974
45.540559, 84.340, -125.7976
45.870565, 84.350, -126.3850
46.202962, 84.362, -126.9670
46.537767, 84.375, -127.5518
46.874999, 84.388, -128.1442
47.214675, 84.399, -128.7444
47.556812, 84.409, -129.3484
47.901428, 84.416, -129.9512
48.248542, 84.422, -130.5503
48.598170, 84.426, -131.1462
48.950333, 84.429, -131.7412
49.305047, 84.431, -132.3370
49.662332, 84.431, -132.9328
50.022206, 84.429, -133.5256
50.384687, 84.426, -134.1120
50.749795, 84.422, -134.6904
51.117549, 84.417, -135.2612
51.487968, 84.413, -135.8269
51.861071, 84.409, -136.3892
52.236878, 84.405, -136.9482
52.615408, 84.400, -137.5025
52.996681, 84.396, -138.0500
53.380716, 84.392, -138.5895
53.767535, 84.387, -139.1213
54.157157, 84.383, -139.6462
54.549602, 84.379, -140.1637
54.944891, 84.373, -140.6716
55.343044, 84.366, -141.1653
55.744083, 84.358, -141.6409
56.148027, 84.350, -142.0974
56.554899, 84.342, -142.5374
56.964719, 84.334, -142.9655
57.377509, 84.325, -143.3834
57.793290, 84.316, -143.7886
58.212084, 84.307, -144.1770
58.633913, 84.300, -144.5497
59.058798, 84.296, -144.9183
59.486763, 84.297, -145.3025
59.917828, 84.299, -145.7208
60.352018, 84.300, -146.1790
60.789353, 84.296, -146.6666
61.229858, 84.287, -147.1634
61.673555, 84.273, -147.6507
62.120467, 84.257, -148.1199
62.570617, 84.241, -148.5717
63.024030, 84.225, -149.0099
63.480728, 84.210, -149.4368
63.940735, 84.195, -149.8520
64.404076, 84.182, -150.2547
64.870775, 84.169, -150.6452
65.340855, 84.158, -151.0247
65.814342, 84.148, -151.3940
66.291260, 84.140, -151.7556
66.771634, 84.133, -152.1138
67.255488, 84.127, -152.4729
67.742849, 84.121, -152.8334
68.233742, 84.113, -153.1897
68.728192, 84.104, -153.5343
69.226225, 84.096, -153.8629
69.727866, 84.089, -154.1784
70.233143, 84.084, -154.4886
70.742082, 84.081, -154.8009
71.254708, 84.079, -155.1189
71.771049, 84.078, -155.4431
72.291131, 84.076, -155.7714
72.814983, 84.075, -156.1014
73.342630, 84.073, -156.4307
73.874101, 84.071, -156.7581
74.409423, 84.070, -157.0841
74.948625, 84.068, -157.4093
75.491733, 84.067, -157.7339
76.038777, 84.066, -158.0574
76.589786, 84.064, -158.3795
77.144787, 84.064, -158.7011
77.703810, 84.063, -159.0231
78.266884, 84.063, -159.3466
78.834038, 84.063, -159.6727
79.405302, 84.064, -160.0025
79.980705, 84.065, -160.3358
80.560278, 84.065, -160.6709
81.144051, 84.066, -161.0055
81.732055, 84.066, -161.3397
82.324319, 84.067, -161.6759
82.920875, 84.069, -162.0169
83.521754, 84.070, -162.3628
84.126987, 84.071, -162.7113
84.736605, 84.071, -163.0605
85.350642, 84.072, -163.4111
85.969128, 84.073, -163.7653
86.592096, 84.074, -164.1244
87.219578, 84.074, -164.4875
87.851607, 84.073, -164.8510
88.488216, 84.072, -165.2107
89.129438, 84.069, -165.5634
89.775306, 84.067, -165.9083
90.425855, 84.064, -166.2475
91.081118, 84.062, -166.5863
91.741129, 84.060, -166.9308
92.405924, 84.057, -167.2846
93.075535, 84.052, -167.6476
93.749999, 84.046, -168.0170
94.429350, 84.039, -168.3896
95.113624, 84.031, -168.7632
95.802856, 84.023, -169.1367
96.497083, 84.016, -169.5101
97.196341, 84.010, -169.8829
97.900666, 84.004, -170.2533
98.610094, 83.998, -170.6182
99.324664, 83.992, -170.9756
100.044411, 83.986, -171.3242
100.769374, 83.979, -171.6646
101.499591, 83.971, -171.9990
102.235098, 83.961, -172.3315
102.975936, 83.949, -172.6646
103.722142, 83.935, -172.9988
104.473756, 83.918, -173.3337
105.230815, 83.900, -173.6690
105.993361, 83.881, -174.0047
106.761433, 83.861, -174.3402
107.535070, 83.841, -174.6739
108.314314, 83.820, -175.0036
109.099204, 83.799, -175.3274
109.889782, 83.777, -175.6445
110.686088, 83.755, -175.9545
111.488165, 83.732, -176.2567
112.296055, 83.709, -176.5506
113.109798, 83.685, -176.8353
113.929438, 83.662, -177.1092
114.755018, 83.641, -177.3711
115.586580, 83.620, -177.6200
116.424168, 83.602, -177.8559
117.267826, 83.585, -178.0800
118.117597, 83.569, -178.2964
118.973525, 83.553, -178.5107
119.835657, 83.535, -178.7252
120.704035, 83.515, -178.9351
121.578706, 83.491, -179.1332
122.459716, 83.466, -179.3192
123.347109, 83.442, -179.4993
124.240933, 83.420, -179.6800
125.141234, 83.399, -179.8647
126.048059, 83.381, 179.9480
126.961456, 83.366, 179.7622
127.881471, 83.352, 179.5809
128.808153, 83.341, 179.4044
129.741550, 83.331, 179.2307
130.681710, 83.321, 179.0585
131.628684, 83.312, 178.8875
132.582520, 83.302, 178.7178
133.543267, 83.293, 178.5490
134.510977, 83.284, 178.3801
135.485699, 83.276, 178.2094
136.467484, 83.269, 178.0356
137.456384, 83.262, 177.8591
138.452449, 83.255, 177.6801
139.455733, 83.249, 177.4988
140.466286, 83.243, 177.3152
141.484163, 83.237, 177.1293
142.509416, 83.231, 176.9411
143.542098, 83.224, 176.7507
144.582263, 83.218, 176.5584
145.629965, 83.211, 176.3649
146.685260, 83.203, 176.1696
147.748202, 83.194, 175.9707
148.818846, 83.185, 175.7654
149.897249, 83.176, 175.5518
150.983466, 83.167, 175.3299
152.077555, 83.157, 175.1019
153.179572, 83.148, 174.8712
154.289574, 83.139, 174.6407
155.407620, 83.130, 174.4121
156.533767, 83.120, 174.1856
157.668076, 83.109, 173.9607
158.810603, 83.097, 173.7377
159.961411, 83.085, 173.5169
161.120557, 83.071, 173.2983
162.288103, 83.057, 173.0815
163.464109, 83.043, 172.8655
164.648638, 83.030, 172.6491
165.841750, 83.016, 172.4325
167.043507, 83.003, 172.2166
168.253973, 82.990, 172.0018
169.473211, 82.978, 171.7874
170.701284, 82.967, 171.5713
171.938256, 82.956, 171.3517
173.184191, 82.944, 171.1307
174.439155, 82.930, 170.9131
175.703213, 82.914, 170.7033
176.976431, 82.897, 170.5028
178.258875, 82.878, 170.3112
179.550613, 82.859, 170.1287
180.851710, 82.840, 169.9559
182.162236, 82.820, 169.7926
183.482259, 82.801, 169.6378
184.811847, 82.783, 169.4919
186.151070, 82.765, 169.3556
187.499997, 82.747, 169.2303
188.858700, 82.730, 169.1159
190.227248, 82.714, 169.0099
191.605713, 82.700, 168.9064
192.994167, 82.687, 168.7970
194.392682, 82.676, 168.6743
195.801331, 82.666, 168.5341
197.220189, 82.656, 168.3766
198.649327, 82.646, 168.2065
200.088822, 82.633, 168.0317
201.538748, 82.617, 167.8627
202.999181, 82.599, 167.7087
204.470197, 82.578, 167.5751
205.951872, 82.555, 167.4653
207.444284, 82.534, 167.3820
208.947511, 82.514, 167.3269
210.461631, 82.498, 167.2978
211.986723, 82.486, 167.2854
213.522866, 82.481, 167.2748
215.070141, 82.481, 167.2491
216.628627, 82.485, 167.1945
218.198408, 82.492, 167.1039
219.779563, 82.500, 166.9777
221.372177, 82.506, 166.8224
222.976331, 82.511, 166.6461
224.592109, 82.514, 166.4553
226.219596, 82.514, 166.2550
227.858877, 82.512, 166.0508
229.510036, 82.508, 165.8484
231.173160, 82.501, 165.6512
232.848336, 82.493, 165.4586
234.535651, 82.483, 165.2686
236.235193, 82.472, 165.0821
237.947051, 82.462, 164.9020
239.671313, 82.452, 164.7304
241.408071, 82.440, 164.5659
243.157413, 82.428, 164.4043
244.919432, 82.414, 164.2407
246.694219, 82.399, 164.0709
248.481867, 82.385, 163.8934
250.282469, 82.371, 163.7100
252.096119, 82.358, 163.5227
253.922911, 82.346, 163.3353
255.762941, 82.335, 163.1535
257.616305, 82.323, 162.9840
259.483099, 82.311, 162.8311
261.363421, 82.299, 162.6949
263.257368, 82.285, 162.5691
265.165039, 82.272, 162.4441
267.086534, 82.258, 162.3123
269.021953, 82.246, 162.1722
270.971397, 82.234, 162.0287
272.934968, 82.222, 161.8885
274.912767, 82.210, 161.7548
276.904898, 82.199, 161.6263
278.911465, 82.188, 161.5001
280.932573, 82.176, 161.3732
282.968326, 82.164, 161.2438
285.018831, 82.151, 161.1116
287.084195, 82.137, 160.9782
289.164526, 82.123, 160.8477
291.259931, 82.110, 160.7243
293.370520, 82.099, 160.6097
295.496404, 82.089, 160.5019
297.637693, 82.079, 160.3946
299.794498, 82.071, 160.2788
301.966933, 82.061, 160.1475
304.155110, 82.052, 160.0009
306.359143, 82.041, 159.8467
308.579148, 82.031, 159.6955
310.815239, 82.021, 159.5555
313.067535, 82.010, 159.4300
315.336151, 82.000, 159.3164
317.621207, 81.990, 159.2086
319.922821, 81.980, 159.1022
322.241114, 81.971, 158.9956
324.576206, 81.962, 158.8896
326.928219, 81.953, 158.7845
329.297275, 81.942, 158.6794
331.683499, 81.931, 158.5730
334.087014, 81.920, 158.4636
336.507947, 81.908, 158.3486
338.946422, 81.897, 158.2256
341.402567, 81.885, 158.0959
343.876511, 81.874, 157.9640
346.368382, 81.863, 157.8355
348.878310, 81.853, 157.7141
351.406426, 81.844, 157.6002
353.952862, 81.836, 157.4918
356.517750, 81.829, 157.3869
359.101225, 81.822, 157.2852
361.703421, 81.815, 157.1868
364.324473, 81.808, 157.0902
366.964518, 81.801, 156.9917
369.623694, 81.793, 156.8875
372.302140, 81.783, 156.7761
374.999995, 81.773, 156.6584
377.717399, 81.763, 156.5372
380.454495, 81.753, 156.4146
383.211425, 81.743, 156.2910
385.988333, 81.735, 156.1659
388.785364, 81.727, 156.0398
391.602663, 81.719, 155.9162
394.440377, 81.712, 155.7987
397.298655, 81.705, 155.6888
400.177644, 81.697, 155.5854
403.077497, 81.689, 155.4862
405.998362, 81.681, 155.3873
408.940394, 81.673, 155.2850
411.903744, 81.666, 155.1769
414.888569, 81.658, 155.0625
417.895022, 81.650, 154.9430
420.923262, 81.642, 154.8211
423.973445, 81.635, 154.6981
427.045732, 81.628, 154.5735
430.140281, 81.620, 154.4465
433.257255, 81.612, 154.3175
436.396816, 81.604, 154.1884
439.559127, 81.595, 154.0612
442.744354, 81.587, 153.9382
445.952662, 81.579, 153.8210
449.184218, 81.571, 153.7100
452.439192, 81.562, 153.6058
455.717753, 81.553, 153.5082
459.020072, 81.543, 153.4144
462.346321, 81.534, 153.3195
465.696673, 81.525, 153.2190
469.071303, 81.518, 153.1107
472.470387, 81.510, 152.9953
475.894102, 81.502, 152.8751
479.342627, 81.493, 152.7533
482.816141, 81.485, 152.6327
486.314826, 81.476, 152.5142
489.838864, 81.468, 152.3975
493.388438, 81.459, 152.2815
496.963734, 81.450, 152.1667
500.564938, 81.441, 152.0558
504.192238, 81.432, 151.9512
507.845823, 81.422, 151.8528
511.525883, 81.412, 151.7595
515.232610, 81.402, 151.6685
518.966198, 81.392, 151.5743
522.726841, 81.383, 151.4714
526.514735, 81.375, 151.3591
530.330078, 81.367, 151.2392
534.173068, 81.360, 151.1131
538.043907, 81.353, 150.9800
541.942795, 81.344, 150.8392
545.869936, 81.335, 150.6916
549.825534, 81.324, 150.5397
553.809797, 81.311, 150.3874
557.822931, 81.296, 150.2389
561.865146, 81.279, 150.0984
565.936652, 81.261, 149.9680
570.037662, 81.241, 149.8480
574.168390, 81.219, 149.7380
578.329051, 81.196, 149.6386
582.519862, 81.173, 149.5505
586.741041, 81.148, 149.4755
590.992808, 81.124, 149.4153
595.275386, 81.099, 149.3715
599.588997, 81.075, 149.3456
603.933866, 81.052, 149.3381
608.310219, 81.031, 149.3477
612.718286, 81.011, 149.3709
617.158295, 80.994, 149.4040
621.630479, 80.979, 149.4433
626.135069, 80.967, 149.4869
630.672302, 80.958, 149.5340
635.242414, 80.950, 149.5843
639.845642, 80.945, 149.6379
644.482227, 80.941, 149.6959
649.152411, 80.938, 149.7589
653.856437, 80.936, 149.8264
658.594551, 80.937, 149.8954
663.366998, 80.940, 149.9616
668.174029, 80.946, 150.0216
673.015893, 80.955, 150.0740
677.892844, 80.968, 150.1177
682.805135, 80.985, 150.1491
687.753022, 81.003, 150.1616
692.736764, 81.024, 150.1498
697.756620, 81.044, 150.1135
702.812853, 81.064, 150.0574
707.905724, 81.081, 149.9890
713.035501, 81.095, 149.9150
718.202450, 81.108, 149.8384
723.406841, 81.121, 149.7581
728.648945, 81.134, 149.6704
733.929036, 81.147, 149.5719
739.247388, 81.161, 149.4608
744.604279, 81.174, 149.3362
749.999989, 81.185, 149.1989
755.434798, 81.196, 149.0518
760.908990, 81.204, 148.9001
766.422850, 81.211, 148.7492
771.976666, 81.218, 148.6026
777.570727, 81.224, 148.4598
783.205325, 81.229, 148.3172
788.880754, 81.234, 148.1708
794.597309, 81.238, 148.0187
800.355289, 81.241, 147.8622
806.154993, 81.242, 147.7059
811.996725, 81.244, 147.5548
817.880788, 81.245, 147.4117
823.807489, 81.246, 147.2770
829.777138, 81.248, 147.1501
835.790045, 81.251, 147.0286
841.846524, 81.254, 146.9090
847.946891, 81.257, 146.7878
854.091464, 81.261, 146.6628
860.280562, 81.265, 146.5330
866.514510, 81.268, 146.3982
872.793631, 81.270, 146.2589
879.118254, 81.271, 146.1162
885.488707, 81.270, 145.9716
891.905323, 81.268, 145.8274
898.368437, 81.265, 145.6855
904.878385, 81.261, 145.5469
911.435507, 81.256, 145.4111
918.040144, 81.252, 145.2781
924.692641, 81.247, 145.1483
931.393345, 81.242, 145.0229
938.142606, 81.238, 144.9042
944.940774, 81.233, 144.7940
951.788204, 81.229, 144.6927
958.685254, 81.225, 144.5984
965.632282, 81.223, 144.5076
972.629652, 81.223, 144.4175
979.677727, 81.222, 144.3272
986.776876, 81.223, 144.2358
993.927468, 81.225, 144.1405
1001.129876, 81.228, 144.0368
1008.384476, 81.232, 143.9215
1015.691645, 81.236, 143.7936
1023.051766, 81.240, 143.6537
1030.465221, 81.243, 143.5027
1037.932396, 81.243, 143.3416
1045.453682, 81.241, 143.1732
1053.029471, 81.234, 143.0028
1060.660156, 81.223, 142.8397
1068.346137, 81.208, 142.6960
1076.087813, 81.191, 142.5848
1083.885589, 81.174, 142.5120
1091.739871, 81.160, 142.4690
1099.651068, 81.148, 142.4410
1107.619593, 81.138, 142.4235
1115.645861, 81.132, 142.4219
1123.730291, 81.129, 142.4373
1131.873304, 81.132, 142.4593
1140.075325, 81.142, 142.4688
1148.336780, 81.157, 142.4452
1156.658102, 81.175, 142.3757
1165.039724, 81.192, 142.2607
1173.482082, 81.205, 142.1115
1181.985617, 81.215, 141.9429
1190.550772, 81.221, 141.7658
1199.177993, 81.224, 141.5860
1207.867731, 81.224, 141.4079
1216.620439, 81.222, 141.2350
1225.436572, 81.220, 141.0693
1234.316591, 81.216, 140.9105
1243.260957, 81.212, 140.7573
1252.270139, 81.206, 140.6081
1261.344604, 81.200, 140.4608
1270.484827, 81.192, 140.3152
1279.691284, 81.183, 140.1742
1288.964455, 81.172, 140.0417
1298.304823, 81.160, 139.9187
1307.712874, 81.147, 139.8022
1317.189101, 81.134, 139.6900
1326.733996, 81.121, 139.5838
1336.348058, 81.108, 139.4872
1346.031787, 81.094, 139.4024
1355.785688, 81.081, 139.3294
1365.610270, 81.069, 139.2641
1375.506045, 81.057, 139.1990
1385.473529, 81.047, 139.1270
1395.513241, 81.036, 139.0432
1405.625705, 81.024, 138.9489
1415.811448, 81.009, 138.8519
1426.071002, 80.991, 138.7632
1436.404900, 80.971, 138.6908
1446.813682, 80.951, 138.6361
1457.297890, 80.930, 138.5961
1467.858072, 80.909, 138.5685
1478.494776, 80.888, 138.5530
1489.208559, 80.868, 138.5508
1499.999978, 80.848, 138.5628
1510.869596, 80.831, 138.5855
1521.817980, 80.815, 138.6113
1532.845701, 80.800, 138.6346
1543.953332, 80.785, 138.6573
1555.141455, 80.770, 138.6848
1566.410651, 80.754, 138.7198
1577.761508, 80.739, 138.7621
1589.194618, 80.724, 138.8107
1600.710578, 80.710, 138.8683
1612.309986, 80.698, 138.9402
1623.993449, 80.691, 139.0320
1635.761575, 80.692, 139.1483
1647.614978, 80.703, 139.2914
1659.554275, 80.725, 139.4609
1671.580089, 80.758, 139.6548
1683.693048, 80.798, 139.8693
1695.893782, 80.841, 140.0977
1708.182927, 80.882, 140.3331
1720.561125, 80.916, 140.5721
1733.029020, 80.941, 140.8162
1745.587263, 80.954, 141.0685
1758.236508, 80.956, 141.3312
1770.977414, 80.949, 141.6058
1783.810646, 80.936, 141.8925
1796.736874, 80.922, 142.1873
1809.756770, 80.908, 142.4832
1822.871013, 80.899, 142.7732
1836.080288, 80.894, 143.0518
1849.385283, 80.895, 143.3141
1862.786691, 80.901, 143.5544
1876.285211, 80.912, 143.7675
1889.881547, 80.924, 143.9475
1903.576408, 80.936, 144.0889
1917.370507, 80.947, 144.1896
1931.264564, 80.953, 144.2531
1945.259304, 80.955, 144.2870
1959.355454, 80.951, 144.3015
1973.553752, 80.943, 144.3071
1987.854936, 80.930, 144.3133
2002.259752, 80.914, 144.3244
2016.768952, 80.897, 144.3401
2031.383291, 80.877, 144.3601
2046.103531, 80.855, 144.3865
2060.930441, 80.831, 144.4217
2075.864793, 80.806, 144.4648
2090.907365, 80.781, 144.5116
2106.058941, 80.757, 144.5538
2121.320313, 80.732, 144.5818
2136.692274, 80.705, 144.5909
2152.175627, 80.675, 144.5863
2167.771179, 80.641, 144.5794
2183.479742, 80.604, 144.5822
2199.302137, 80.564, 144.6050
2215.239187, 80.523, 144.6505
2231.291723, 80.485, 144.7106
2247.460582, 80.448, 144.7708
2263.746608, 80.415, 144.8184
2280.150649, 80.384, 144.8486
2296.673561, 80.354, 144.8629
2313.316204, 80.327, 144.8668
2330.079447, 80.302, 144.8668
2346.964163, 80.281, 144.8685
2363.971233, 80.263, 144.8778
2381.101543, 80.250, 144.9026
2398.355986, 80.242, 144.9488
2415.735463, 80.239, 145.0152
2433.240878, 80.243, 145.0930
2450.873144, 80.252, 145.1706
2468.633181, 80.264, 145.2385
2486.521915, 80.277, 145.2926
2504.540278, 80.291, 145.3342
2522.689209, 80.305, 145.3695
2540.969655, 80.320, 145.4065
2559.382568, 80.337, 145.4517
2577.928909, 80.359, 145.5094
2596.609645, 80.388, 145.5800
2615.425749, 80.428, 145.6564
2634.378202, 80.479, 145.7249
2653.467992, 80.542, 145.7703
2672.696115, 80.616, 145.7827
2692.063573, 80.698, 145.7617
2711.571376, 80.787, 145.7152
2731.220539, 80.881, 145.6529
2751.012089, 80.981, 145.5814
2770.947057, 81.085, 145.4998
2791.026482, 81.192, 145.3994
2811.251410, 81.299, 145.2690
2831.622897, 81.402, 145.1018
2852.142003, 81.498, 144.9015
2872.809800, 81.581, 144.6821
2893.627364, 81.650, 144.4636
2914.595781, 81.705, 144.2654
2935.716143, 81.747, 144.1008
2956.989553, 81.777, 143.9738
2978.417118, 81.797, 143.8826
2999.999956, 81.807, 143.8243
3021.739192, 81.807, 143.7966
3043.635960, 81.798, 143.7994
3065.691401, 81.782, 143.8360
3087.906665, 81.760, 143.9104
3110.282909, 81.735, 144.0231
3132.821301, 81.710, 144.1675
3155.523016, 81.687, 144.3301
3178.389237, 81.665, 144.4957
3201.421155, 81.646, 144.6529
3224.619973, 81.628, 144.7967
3247.986898, 81.611, 144.9258
3271.523150, 81.593, 145.0395
3295.229956, 81.576, 145.1356
3319.108550, 81.557, 145.2111
3343.160179, 81.536, 145.2612
3367.386096, 81.511, 145.2837
3391.787563, 81.478, 145.2849
3416.365854, 81.436, 145.2842
3441.122250, 81.383, 145.3093
3466.058040, 81.319, 145.3858
3491.174525, 81.249, 145.5313
3516.473015, 81.175, 145.7538
3541.954828, 81.099, 146.0533
3567.621293, 81.026, 146.4238
3593.473747, 80.957, 146.8563
3619.513539, 80.893, 147.3392
3645.742027, 80.838, 147.8576
3672.160576, 80.793, 148.3921
3698.770566, 80.758, 148.9136
3725.573382, 80.735, 149.3843
3752.570422, 80.719, 149.7681
3779.763094, 80.707, 150.0436
3807.152816, 80.694, 150.2116
3834.741015, 80.674, 150.2928
3862.529129, 80.647, 150.3184
3890.518607, 80.612, 150.3201
3918.710909, 80.571, 150.3245
3947.107503, 80.528, 150.3532
3975.709871, 80.484, 150.4241
4004.519504, 80.443, 150.5505
4033.537903, 80.408, 150.7375
4062.766581, 80.381, 150.9813
4092.207063, 80.362, 151.2719
4121.860882, 80.352, 151.5999
4151.729585, 80.348, 151.9600
4181.814729, 80.349, 152.3513
4212.117883, 80.352, 152.7745
4242.640625, 80.357, 153.2294
4273.384548, 80.363, 153.7149
4304.351254, 80.368, 154.2299
4335.542358, 80.373, 154.7747
4366.959485, 80.377, 155.3491
4398.604273, 80.381, 155.9511
4430.478373, 80.387, 156.5762
4462.583446, 80.395, 157.2199
4494.921165, 80.406, 157.8795
4527.493217, 80.422, 158.5552
4560.301299, 80.444, 159.2492
4593.347122, 80.474, 159.9620
4626.632409, 80.515, 160.6902
4660.158894, 80.569, 161.4261
4693.928327, 80.637, 162.1600
4727.942466, 80.720, 162.8831
4762.203086, 80.819, 163.5900
4796.711973, 80.934, 164.2773
4831.470925, 81.065, 164.9416
4866.481755, 81.213, 165.5794
4901.746288, 81.377, 166.1888
4937.266362, 81.558, 166.7682
4973.043830, 81.756, 167.3150
5009.080555, 81.970, 167.8217
5045.378418, 82.202, 168.2741
5081.939310, 82.449, 168.6508
5118.765137, 82.710, 168.9268
5155.857819, 82.983, 169.0787
5193.219290, 83.262, 169.0866
5230.851498, 83.544, 168.9340
5268.756404, 83.824, 168.6083
5306.935985, 84.097, 168.1004
5345.392231, 84.358, 167.4041
5384.127146, 84.600, 166.5168
5423.142751, 84.819, 165.4424
5462.441079, 85.009, 164.1905
5502.024179, 85.167, 162.7743
5541.894114, 85.289, 161.2087
5582.052963, 85.371, 159.5117
5622.502820, 85.411, 157.7064
5663.245793, 85.407, 155.8221
5704.284007, 85.357, 153.8940
5745.619600, 85.259, 151.9625
5787.254728, 85.114, 150.0740
5829.191562, 84.925, 148.2791
5871.432287, 84.694, 146.6263
5913.979105, 84.431, 145.1520
5956.834236, 84.143, 143.8716
5999.999912, 83.842, 142.7720
6043.478385, 83.538, 141.8084
6087.271921, 83.238, 140.9052
6131.382802, 82.944, 139.9658
6175.813330, 82.652, 138.8945
6220.565819, 82.351, 137.6184
6265.642603, 82.027, 136.0952
6311.046032, 81.666, 134.3079
6356.778473, 81.251, 132.2574
6402.842310, 80.769, 129.9537
6449.239945, 80.204, 127.4125
6495.973796, 79.542, 124.6558
6543.046300, 78.771, 121.7150
6590.459911, 77.882, 118.6388
6638.217100, 76.880, 115.5219
6686.320358, 75.803, 112.5916
6734.772191, 74.759, 110.5385
6783.575127, 73.968, 112.8506
6832.731709, 73.715, -155.7426
6882.244499, 74.127, -100.7853
6932.116080, 75.036, -99.9541
6982.349051, 76.157, -102.5027
7032.946030, 77.287, -105.8115
7083.909656, 78.334, -109.2801
7135.242586, 79.273, -112.6944
7186.947495, 80.110, -115.9723
7239.027079, 80.859, -119.0984
7291.484053, 81.540, -122.0982
7344.321152, 82.168, -125.0254
7397.541131, 82.752, -127.9505
7451.146763, 83.300, -130.9484
7505.140844, 83.811, -134.0871
7559.526189, 84.281, -137.4213
7614.305632, 84.703, -140.9859
7669.482029, 85.065, -144.7912
7725.058258, 85.358, -148.8194
7781.037214, 85.571, -153.0242
7837.421817, 85.696, -157.3345
7894.215007, 85.729, -161.6607
7951.419743, 85.669, -165.9065
8009.039008, 85.522, -169.9810
8067.075806, 85.296, -173.8113
8125.533163, 85.003, -177.3507
8184.414126, 84.652, 179.4205
8243.721764, 84.252, 176.5015
8303.459170, 83.808, 173.8865
8363.629458, 83.323, 171.5798
8424.235765, 82.795, 169.6045
8485.281250, 82.223, 168.0095
8546.769096, 81.606, 166.8836
8608.702508, 80.944, 166.3755
8671.084715, 80.247, 166.6941
8733.918969, 79.542, 168.0638
8797.208547, 78.877, 170.6241
8860.956746, 78.314, 174.3072
8925.166891, 77.916, 178.7826
8989.842330, 77.722, -176.4819
9054.986433, 77.733, -172.0830
9120.602598, 77.914, -168.5254
9186.694244, 78.204, -166.1086
9253.264817, 78.531, -164.9061
9320.317788, 78.833, -164.8097
9387.856653, 79.057, -165.5799
9455.884932, 79.173, -166.8858
9524.406173, 79.170, -168.3492
9593.423946, 79.066, -169.6112
9662.941850, 78.903, -170.4265
9732.963510, 78.738, -170.7675
9803.492576, 78.619, -170.8645
9874.532725, 78.562, -171.1040
9946.087659, 78.542, -171.8222
10018.161110, 78.510, -173.1547
10090.756835, 78.414, -175.0246
10163.878619, 78.215, -177.2030
10237.530273, 77.889, -179.3635
10311.715638, 77.436, 178.8678
10386.438580, 76.883, 177.8385
10461.702996, 76.281, 177.7745
10537.512808, 75.698, 178.6833
10613.871970, 75.207, -179.7101
10690.784461, 74.855, -177.9309
10768.254293, 74.646, -176.5785
10846.285502, 74.533, -176.0961
10924.882158, 74.443, -176.6373
11004.048358, 74.300, -178.0797
11083.788228, 74.048, 179.8849
11164.105927, 73.659, 177.6472
11245.005640, 73.128, 175.5928
11326.491587, 72.479, 174.0291
11408.568014, 71.752, 173.1251
11491.239200, 71.001, 172.8674
11574.509457, 70.283, 173.0396
11658.383123, 69.651, 173.2545
11742.864573, 69.136, 173.0498
11827.958211, 68.744, 172.0035
11913.668472, 68.459, 169.8068
11999.999825, 68.251, 166.2755
12086.956770, 68.083, 161.3276
12174.543841, 67.927, 154.9594
12262.765605, 67.762, 147.2319
12351.626659, 67.581, 138.2700
12441.131638, 67.390, 128.2701
12531.285206, 67.208, 117.5089
12622.092064, 67.053, 106.3397
12713.556946, 66.941, 95.1622
12805.684621, 66.873, 84.3703
12898.479890, 66.840, 74.3049
12991.947593, 66.827, 65.2402
13086.092601, 66.829, 57.3974
13180.919822, 66.862, 50.9499
13276.434201, 66.975, 45.9793
13372.640716, 67.231, 42.3727
13469.544383, 67.673, 39.7332
13567.150254, 68.287, 37.4341
13665.463417, 69.002, 34.8489
13764.488998, 69.723, 31.5955
13864.232160, 70.372, 27.6152
13964.698101, 70.901, 23.0864
14065.892060, 71.295, 18.2844
14167.819312, 71.562, 13.4720
14270.485171, 71.724, 8.8403
14373.894990, 71.809, 4.4908
14478.054158, 71.843, 0.4380
14582.968107, 71.845, -3.3734
14688.642305, 71.824, -7.0328
14795.082262, 71.776, -10.6196
14902.293527, 71.694, -14.1705
15010.281689, 71.570, -17.6730
15119.052378, 71.401, -21.0820
15228.611264, 71.196, -24.3476
15338.964058, 70.972, -27.4495
15450.116515, 70.750, -30.4305
15562.074428, 70.553, -33.4082
15674.843635, 70.391, -36.5496
15788.430013, 70.265, -40.0293
15902.839485, 70.157, -43.9979
16018.078016, 70.039, -48.5568
16134.151612, 69.871, -53.7296
16251.066326, 69.610, -59.4352
16368.828251, 69.216, -65.4769
16487.443528, 68.658, -71.5533
16606.918341, 67.930, -77.3003
16727.258917, 67.051, -82.3763
16848.471530, 66.078, -86.5967
16970.562500, 65.104, -90.1011
17093.538192, 64.231, -93.4364
17217.405016, 63.520, -97.3835
17342.169430, 62.939, -102.5724
17467.837939, 62.382, -109.2098
17594.417093, 61.730, -117.1080
17721.913492, 60.894, -125.8790
17850.333783, 59.832, -135.1295
17979.684660, 58.541, -144.6010
18109.972866, 57.054, -154.2880
18241.205195, 55.446, -164.6626
18373.388487, 53.869, -177.5707
18506.529634, 52.574, 156.2032
18640.635577, 51.838, 44.4276
18775.713306, 51.737, 4.8507
18911.769865, 52.065, -11.8051
19048.812345, 52.540, -25.3917
19186.847892, 52.985, -38.0966
19325.883701, 53.327, -50.2440
19465.927021, 53.555, -61.7537
19606.985152, 53.687, -72.3759
19749.065449, 53.754, -81.6078
19892.175318, 53.785, -88.6271
20036.322221, 53.795, -92.4796
