* Measurement data measured by REW V5.40 beta 55
* Source: EXCL: Headset (USB-C to 3.5mm Headphone Jack Adapter), MICROPHONE (Master Volume), 0, volume: 0.250
* Format: 256k Log Swept Sine, 1 sweep at -6.0 dBFS with no timing reference
* Dated: Jan 12, 2025 9:10:24 AM
* REW Settings:
*  C-weighting compensation: Off
*  Target level: 75.0 dB
* Note: ; 
* Measurement: Right13
* Smoothing: 1/12 octave
* Frequency Step: 96 ppo
* Start Frequency: 20.0 Hz
*
* Freq(Hz), SPL(dB), Phase(degrees)
19.995176, 78.522, -42.6633
20.140070, 78.606, -43.1029
20.286013, 78.702, -43.5485
20.433014, 78.808, -44.0168
20.581080, 78.925, -44.5234
20.730219, 79.049, -45.0822
20.880438, 79.180, -45.7043
21.031747, 79.313, -46.3970
21.184151, 79.446, -47.1635
21.337660, 79.576, -48.0021
21.492282, 79.700, -48.9067
21.648024, 79.816, -49.8661
21.804894, 79.921, -50.8659
21.962902, 80.015, -51.8885
22.122054, 80.097, -52.9148
22.282359, 80.168, -53.9261
22.443827, 80.229, -54.9053
22.606464, 80.282, -55.8392
22.770280, 80.331, -56.7198
22.935282, 80.378, -57.5452
23.101481, 80.426, -58.3201
23.268884, 80.479, -59.0552
23.437500, 80.536, -59.7657
23.607337, 80.600, -60.4689
23.778406, 80.668, -61.1812
23.950714, 80.739, -61.9156
24.124271, 80.810, -62.6791
24.299085, 80.879, -63.4721
24.475166, 80.943, -64.2875
24.652524, 81.000, -65.1124
24.831166, 81.050, -65.9302
25.011103, 81.093, -66.7226
25.192344, 81.131, -67.4733
25.374898, 81.167, -68.1705
25.558775, 81.205, -68.8095
25.743984, 81.248, -69.3942
25.930536, 81.299, -69.9369
26.118439, 81.361, -70.4575
26.307704, 81.434, -70.9802
26.498340, 81.519, -71.5303
26.690358, 81.612, -72.1299
26.883768, 81.711, -72.7950
27.078578, 81.812, -73.5330
27.274801, 81.910, -74.3424
27.472445, 82.002, -75.2132
27.671522, 82.085, -76.1286
27.872041, 82.158, -77.0678
28.074014, 82.222, -78.0087
28.277450, 82.276, -78.9304
28.482360, 82.323, -79.8165
28.688755, 82.367, -80.6566
28.896645, 82.410, -81.4481
29.106042, 82.455, -82.1957
29.316956, 82.504, -82.9108
29.529399, 82.558, -83.6093
29.743381, 82.618, -84.3079
29.958914, 82.682, -85.0218
30.176009, 82.747, -85.7612
30.394677, 82.812, -86.5295
30.614929, 82.873, -87.3234
30.836777, 82.929, -88.1332
31.060233, 82.979, -88.9453
31.285309, 83.022, -89.7447
31.512015, 83.060, -90.5183
31.740364, 83.095, -91.2571
31.970368, 83.129, -91.9579
32.202038, 83.164, -92.6238
32.435387, 83.202, -93.2635
32.670428, 83.244, -93.8893
32.907171, 83.291, -94.5144
33.145630, 83.341, -95.1509
33.385817, 83.393, -95.8078
33.627744, 83.446, -96.4902
33.871425, 83.497, -97.1990
34.116871, 83.547, -97.9321
34.364096, 83.593, -98.6852
34.613112, 83.635, -99.4527
34.863933, 83.673, -100.2283
35.116572, 83.706, -101.0054
35.371041, 83.735, -101.7772
35.627354, 83.760, -102.5370
35.885524, 83.782, -103.2784
36.145566, 83.802, -103.9965
36.407491, 83.821, -104.6885
36.671315, 83.840, -105.3549
36.937051, 83.862, -106.0002
37.204712, 83.887, -106.6323
37.474312, 83.916, -107.2615
37.745867, 83.949, -107.8983
38.019389, 83.983, -108.5510
38.294893, 84.019, -109.2242
38.572393, 84.053, -109.9172
38.851905, 84.086, -110.6251
39.133442, 84.115, -111.3398
39.417019, 84.141, -112.0531
39.702651, 84.165, -112.7583
39.990353, 84.187, -113.4528
40.280139, 84.210, -114.1375
40.572026, 84.232, -114.8164
40.866027, 84.255, -115.4941
41.162159, 84.277, -116.1742
41.460437, 84.298, -116.8576
41.760877, 84.319, -117.5426
42.063493, 84.337, -118.2262
42.368303, 84.354, -118.9058
42.675321, 84.370, -119.5803
42.984564, 84.386, -120.2503
43.296048, 84.400, -120.9172
43.609789, 84.414, -121.5815
43.925803, 84.427, -122.2418
44.244108, 84.438, -122.8951
44.564719, 84.449, -123.5379
44.887653, 84.459, -124.1685
45.212928, 84.469, -124.7878
45.540559, 84.480, -125.3992
45.870565, 84.492, -126.0068
46.202962, 84.503, -126.6124
46.537767, 84.514, -127.2148
46.874999, 84.523, -127.8101
47.214675, 84.532, -128.3949
47.556812, 84.541, -128.9687
47.901428, 84.550, -129.5361
48.248542, 84.560, -130.1046
48.598170, 84.570, -130.6815
48.950333, 84.579, -131.2702
49.305047, 84.585, -131.8679
49.662332, 84.587, -132.4676
50.022206, 84.585, -133.0609
50.384687, 84.580, -133.6418
50.749795, 84.574, -134.2086
51.117549, 84.567, -134.7629
51.487968, 84.559, -135.3082
51.861071, 84.552, -135.8476
52.236878, 84.545, -136.3831
52.615408, 84.540, -136.9161
52.996681, 84.535, -137.4484
53.380716, 84.531, -137.9822
53.767535, 84.528, -138.5195
54.157157, 84.526, -139.0603
54.549602, 84.524, -139.6022
54.944891, 84.522, -140.1408
55.343044, 84.520, -140.6710
55.744083, 84.518, -141.1891
56.148027, 84.517, -141.6936
56.554899, 84.516, -142.1838
56.964719, 84.517, -142.6595
57.377509, 84.519, -143.1213
57.793290, 84.523, -143.5729
58.212084, 84.528, -144.0234
58.633913, 84.535, -144.4855
59.058798, 84.541, -144.9701
59.486763, 84.542, -145.4778
59.917828, 84.536, -145.9957
60.352018, 84.521, -146.5008
60.789353, 84.499, -146.9707
61.229858, 84.473, -147.3941
61.673555, 84.448, -147.7749
62.120467, 84.426, -148.1286
62.570617, 84.408, -148.4740
63.024030, 84.393, -148.8251
63.480728, 84.380, -149.1891
63.940735, 84.368, -149.5667
64.404076, 84.357, -149.9552
64.870775, 84.346, -150.3505
65.340855, 84.335, -150.7485
65.814342, 84.326, -151.1460
66.291260, 84.317, -151.5412
66.771634, 84.309, -151.9332
67.255488, 84.301, -152.3219
67.742849, 84.295, -152.7071
68.233742, 84.288, -153.0882
68.728192, 84.281, -153.4638
69.226225, 84.273, -153.8317
69.727866, 84.264, -154.1892
70.233143, 84.254, -154.5336
70.742082, 84.245, -154.8637
71.254708, 84.236, -155.1810
71.771049, 84.228, -155.4898
72.291131, 84.222, -155.7949
72.814983, 84.217, -156.1003
73.342630, 84.214, -156.4086
73.874101, 84.212, -156.7217
74.409423, 84.212, -157.0413
74.948625, 84.212, -157.3677
75.491733, 84.213, -157.6992
76.038777, 84.214, -158.0334
76.589786, 84.216, -158.3696
77.144787, 84.219, -158.7087
77.703810, 84.221, -159.0510
78.266884, 84.223, -159.3948
78.834038, 84.225, -159.7372
79.405302, 84.227, -160.0766
79.980705, 84.228, -160.4134
80.560278, 84.230, -160.7484
81.144051, 84.232, -161.0822
81.732055, 84.234, -161.4159
82.324319, 84.237, -161.7515
82.920875, 84.240, -162.0914
83.521754, 84.243, -162.4367
84.126987, 84.245, -162.7862
84.736605, 84.246, -163.1379
85.350642, 84.247, -163.4902
85.969128, 84.247, -163.8417
86.592096, 84.245, -164.1918
87.219578, 84.244, -164.5401
87.851607, 84.241, -164.8869
88.488216, 84.239, -165.2324
89.129438, 84.237, -165.5786
89.775306, 84.236, -165.9300
90.425855, 84.235, -166.2923
91.081118, 84.234, -166.6686
91.741129, 84.232, -167.0573
92.405924, 84.228, -167.4525
93.075535, 84.223, -167.8462
93.749999, 84.216, -168.2304
94.429350, 84.209, -168.6003
95.113624, 84.202, -168.9558
95.802856, 84.196, -169.3013
96.497083, 84.191, -169.6414
97.196341, 84.186, -169.9800
97.900666, 84.180, -170.3202
98.610094, 84.172, -170.6647
99.324664, 84.163, -171.0146
100.044411, 84.152, -171.3690
100.769374, 84.138, -171.7265
101.499591, 84.123, -172.0848
102.235098, 84.107, -172.4417
102.975936, 84.091, -172.7961
103.722142, 84.075, -173.1489
104.473756, 84.060, -173.4998
105.230815, 84.045, -173.8464
105.993361, 84.030, -174.1861
106.761433, 84.015, -174.5188
107.535070, 84.000, -174.8456
108.314314, 83.984, -175.1682
109.099204, 83.967, -175.4883
109.889782, 83.948, -175.8071
110.686088, 83.927, -176.1215
111.488165, 83.905, -176.4260
112.296055, 83.884, -176.7164
113.109798, 83.865, -176.9908
113.929438, 83.848, -177.2467
114.755018, 83.834, -177.4800
115.586580, 83.823, -177.6866
116.424168, 83.814, -177.8668
117.267826, 83.807, -178.0281
118.117597, 83.800, -178.1856
118.973525, 83.793, -178.3608
119.835657, 83.781, -178.5713
120.704035, 83.761, -178.8151
121.578706, 83.733, -179.0724
122.459716, 83.701, -179.3271
123.347109, 83.667, -179.5772
124.240933, 83.635, -179.8257
125.141234, 83.606, 179.9280
126.048059, 83.581, 179.6892
126.961456, 83.560, 179.4637
127.881471, 83.543, 179.2543
128.808153, 83.529, 179.0602
129.741550, 83.517, 178.8774
130.681710, 83.506, 178.6997
131.628684, 83.496, 178.5205
132.582520, 83.485, 178.3366
133.543267, 83.473, 178.1489
134.510977, 83.460, 177.9600
135.485699, 83.447, 177.7716
136.467484, 83.433, 177.5838
137.456384, 83.421, 177.3951
138.452449, 83.410, 177.2029
139.455733, 83.401, 177.0045
140.466286, 83.393, 176.7999
141.484163, 83.385, 176.5908
142.509416, 83.378, 176.3793
143.542098, 83.372, 176.1675
144.582263, 83.364, 175.9568
145.629965, 83.357, 175.7470
146.685260, 83.349, 175.5359
147.748202, 83.339, 175.3215
148.818846, 83.329, 175.1037
149.897249, 83.318, 174.8858
150.983466, 83.306, 174.6719
152.077555, 83.294, 174.4639
153.179572, 83.282, 174.2605
154.289574, 83.271, 174.0589
155.407620, 83.261, 173.8569
156.533767, 83.251, 173.6534
157.668076, 83.241, 173.4487
158.810603, 83.232, 173.2431
159.961411, 83.223, 173.0358
161.120557, 83.214, 172.8249
162.288103, 83.205, 172.6083
163.464109, 83.195, 172.3845
164.648638, 83.184, 172.1531
165.841750, 83.171, 171.9157
167.043507, 83.157, 171.6767
168.253973, 83.142, 171.4440
169.473211, 83.126, 171.2260
170.701284, 83.112, 171.0258
171.938256, 83.099, 170.8392
173.184191, 83.087, 170.6575
174.439155, 83.075, 170.4751
175.703213, 83.061, 170.2924
176.976431, 83.044, 170.1114
178.258875, 83.026, 169.9318
179.550613, 83.004, 169.7515
180.851710, 82.981, 169.5715
182.162236, 82.955, 169.3972
183.482259, 82.928, 169.2350
184.811847, 82.901, 169.0884
186.151070, 82.876, 168.9577
187.499997, 82.854, 168.8412
188.858700, 82.834, 168.7371
190.227248, 82.817, 168.6427
191.605713, 82.803, 168.5518
192.994167, 82.792, 168.4545
194.392682, 82.784, 168.3413
195.801331, 82.776, 168.2084
197.220189, 82.768, 168.0585
198.649327, 82.758, 167.8984
200.088822, 82.746, 167.7354
201.538748, 82.733, 167.5754
202.999181, 82.718, 167.4233
204.470197, 82.701, 167.2837
205.951872, 82.683, 167.1612
207.444284, 82.665, 167.0602
208.947511, 82.649, 166.9826
210.461631, 82.636, 166.9267
211.986723, 82.628, 166.8857
213.522866, 82.625, 166.8484
215.070141, 82.626, 166.8023
216.628627, 82.631, 166.7361
218.198408, 82.639, 166.6422
219.779563, 82.648, 166.5175
221.372177, 82.656, 166.3639
222.976331, 82.662, 166.1867
224.592109, 82.666, 165.9927
226.219596, 82.667, 165.7878
227.858877, 82.664, 165.5760
229.510036, 82.659, 165.3599
231.173160, 82.652, 165.1413
232.848336, 82.642, 164.9223
234.535651, 82.632, 164.7060
236.235193, 82.621, 164.4959
237.947051, 82.608, 164.2954
239.671313, 82.594, 164.1066
241.408071, 82.578, 163.9279
243.157413, 82.563, 163.7554
244.919432, 82.549, 163.5851
246.694219, 82.537, 163.4133
248.481867, 82.526, 163.2390
250.282469, 82.517, 163.0646
252.096119, 82.509, 162.8940
253.922911, 82.500, 162.7286
255.762941, 82.490, 162.5688
257.616305, 82.480, 162.4127
259.483099, 82.468, 162.2578
261.363421, 82.456, 162.1026
263.257368, 82.443, 161.9481
265.165039, 82.429, 161.7968
267.086534, 82.416, 161.6510
269.021953, 82.403, 161.5106
270.971397, 82.390, 161.3731
272.934968, 82.377, 161.2358
274.912767, 82.365, 161.0967
276.904898, 82.353, 160.9543
278.911465, 82.342, 160.8080
280.932573, 82.331, 160.6591
282.968326, 82.319, 160.5097
285.018831, 82.307, 160.3614
287.084195, 82.293, 160.2164
289.164526, 82.280, 160.0765
291.259931, 82.266, 159.9419
293.370520, 82.251, 159.8102
295.496404, 82.238, 159.6770
297.637693, 82.224, 159.5383
299.794498, 82.211, 159.3935
301.966933, 82.198, 159.2471
304.155110, 82.185, 159.1046
306.359143, 82.173, 158.9693
308.579148, 82.161, 158.8409
310.815239, 82.150, 158.7166
313.067535, 82.140, 158.5944
315.336151, 82.131, 158.4731
317.621207, 82.123, 158.3525
319.922821, 82.114, 158.2325
322.241114, 82.105, 158.1126
324.576206, 82.094, 157.9933
326.928219, 82.083, 157.8749
329.297275, 82.071, 157.7567
331.683499, 82.059, 157.6375
334.087014, 82.047, 157.5153
336.507947, 82.034, 157.3888
338.946422, 82.022, 157.2582
341.402567, 82.009, 157.1252
343.876511, 81.997, 156.9923
346.368382, 81.984, 156.8621
348.878310, 81.972, 156.7366
351.406426, 81.961, 156.6171
353.952862, 81.950, 156.5035
356.517750, 81.941, 156.3945
359.101225, 81.931, 156.2875
361.703421, 81.922, 156.1806
364.324473, 81.913, 156.0723
366.964518, 81.903, 155.9606
369.623694, 81.892, 155.8441
372.302140, 81.882, 155.7239
374.999995, 81.871, 155.6035
377.717399, 81.860, 155.4854
380.454495, 81.849, 155.3698
383.211425, 81.839, 155.2551
385.988333, 81.830, 155.1400
388.785364, 81.820, 155.0235
391.602663, 81.811, 154.9056
394.440377, 81.802, 154.7877
397.298655, 81.793, 154.6713
400.177644, 81.783, 154.5565
403.077497, 81.773, 154.4426
405.998362, 81.763, 154.3295
408.940394, 81.753, 154.2170
411.903744, 81.743, 154.1039
414.888569, 81.732, 153.9886
417.895022, 81.721, 153.8700
420.923262, 81.709, 153.7486
423.973445, 81.698, 153.6261
427.045732, 81.686, 153.5047
430.140281, 81.674, 153.3863
433.257255, 81.663, 153.2712
436.396816, 81.651, 153.1588
439.559127, 81.640, 153.0481
442.744354, 81.628, 152.9384
445.952662, 81.617, 152.8294
449.184218, 81.605, 152.7224
452.439192, 81.594, 152.6188
455.717753, 81.583, 152.5191
459.020072, 81.571, 152.4218
462.346321, 81.560, 152.3251
465.696673, 81.548, 152.2286
469.071303, 81.537, 152.1328
472.470387, 81.526, 152.0387
475.894102, 81.515, 151.9464
479.342627, 81.505, 151.8541
482.816141, 81.494, 151.7596
486.314826, 81.485, 151.6628
489.838864, 81.475, 151.5661
493.388438, 81.465, 151.4737
496.963734, 81.455, 151.3878
500.564938, 81.446, 151.3077
504.192238, 81.436, 151.2296
507.845823, 81.428, 151.1485
511.525883, 81.419, 151.0598
515.232610, 81.412, 150.9607
518.966198, 81.404, 150.8523
522.726841, 81.397, 150.7386
526.514735, 81.390, 150.6240
530.330078, 81.382, 150.5097
534.173068, 81.374, 150.3935
538.043907, 81.365, 150.2712
541.942795, 81.355, 150.1409
545.869936, 81.344, 150.0040
549.825534, 81.330, 149.8644
553.809797, 81.315, 149.7255
557.822931, 81.298, 149.5894
561.865146, 81.280, 149.4584
565.936652, 81.261, 149.3354
570.037662, 81.242, 149.2231
574.168390, 81.222, 149.1231
578.329051, 81.201, 149.0343
582.519862, 81.181, 148.9549
586.741041, 81.161, 148.8837
590.992808, 81.140, 148.8228
595.275386, 81.119, 148.7776
599.588997, 81.097, 148.7533
603.933866, 81.076, 148.7526
608.310219, 81.057, 148.7756
612.718286, 81.039, 148.8190
617.158295, 81.023, 148.8767
621.630479, 81.010, 148.9422
626.135069, 80.999, 149.0120
630.672302, 80.990, 149.0841
635.242414, 80.985, 149.1565
639.845642, 80.982, 149.2266
644.482227, 80.981, 149.2927
649.152411, 80.982, 149.3547
653.856437, 80.986, 149.4130
658.594551, 80.993, 149.4669
663.366998, 81.001, 149.5155
668.174029, 81.013, 149.5560
673.015893, 81.026, 149.5847
677.892844, 81.042, 149.5981
682.805135, 81.059, 149.5932
687.753022, 81.078, 149.5666
692.736764, 81.098, 149.5159
697.756620, 81.117, 149.4413
702.812853, 81.135, 149.3477
707.905724, 81.152, 149.2438
713.035501, 81.166, 149.1373
718.202450, 81.179, 149.0316
723.406841, 81.192, 148.9252
728.648945, 81.204, 148.8134
733.929036, 81.217, 148.6928
739.247388, 81.231, 148.5649
744.604279, 81.243, 148.4330
749.999989, 81.254, 148.2971
755.434798, 81.263, 148.1552
760.908990, 81.271, 148.0055
766.422850, 81.276, 147.8489
771.976666, 81.281, 147.6899
777.570727, 81.284, 147.5334
783.205325, 81.288, 147.3803
788.880754, 81.291, 147.2277
794.597309, 81.294, 147.0723
800.355289, 81.296, 146.9136
806.154993, 81.297, 146.7542
811.996725, 81.297, 146.5979
817.880788, 81.297, 146.4473
823.807489, 81.297, 146.3029
829.777138, 81.297, 146.1635
835.790045, 81.298, 146.0272
841.846524, 81.300, 145.8923
847.946891, 81.301, 145.7578
854.091464, 81.303, 145.6216
860.280562, 81.304, 145.4817
866.514510, 81.304, 145.3369
872.793631, 81.302, 145.1886
879.118254, 81.299, 145.0389
885.488707, 81.294, 144.8891
891.905323, 81.288, 144.7402
898.368437, 81.281, 144.5936
904.878385, 81.274, 144.4509
911.435507, 81.267, 144.3136
918.040144, 81.260, 144.1833
924.692641, 81.253, 144.0613
931.393345, 81.246, 143.9486
938.142606, 81.240, 143.8455
944.940774, 81.236, 143.7511
951.788204, 81.232, 143.6631
958.685254, 81.230, 143.5781
965.632282, 81.229, 143.4916
972.629652, 81.229, 143.4008
979.677727, 81.229, 143.3042
986.776876, 81.229, 143.2012
993.927468, 81.228, 143.0910
1001.129876, 81.227, 142.9741
1008.384476, 81.226, 142.8519
1015.691645, 81.225, 142.7250
1023.051766, 81.223, 142.5925
1030.465221, 81.222, 142.4521
1037.932396, 81.219, 142.3019
1045.453682, 81.215, 142.1422
1053.029471, 81.208, 141.9767
1060.660156, 81.197, 141.8130
1068.346137, 81.181, 141.6644
1076.087813, 81.163, 141.5456
1083.885589, 81.144, 141.4643
1091.739871, 81.126, 141.4136
1099.651068, 81.110, 141.3815
1107.619593, 81.097, 141.3671
1115.645861, 81.086, 141.3789
1123.730291, 81.080, 141.4188
1131.873304, 81.081, 141.4730
1140.075325, 81.089, 141.5164
1148.336780, 81.103, 141.5246
1156.658102, 81.119, 141.4848
1165.039724, 81.134, 141.4000
1173.482082, 81.147, 141.2843
1181.985617, 81.156, 141.1533
1190.550772, 81.162, 141.0176
1199.177993, 81.166, 140.8823
1207.867731, 81.169, 140.7491
1216.620439, 81.171, 140.6171
1225.436572, 81.173, 140.4843
1234.316591, 81.173, 140.3494
1243.260957, 81.173, 140.2119
1252.270139, 81.171, 140.0703
1261.344604, 81.167, 139.9239
1270.484827, 81.161, 139.7753
1279.691284, 81.153, 139.6317
1288.964455, 81.143, 139.5023
1298.304823, 81.132, 139.3925
1307.712874, 81.121, 139.3022
1317.189101, 81.112, 139.2272
1326.733996, 81.103, 139.1631
1336.348058, 81.096, 139.1056
1346.031787, 81.090, 139.0504
1355.785688, 81.085, 138.9937
1365.610270, 81.082, 138.9298
1375.506045, 81.079, 138.8523
1385.473529, 81.076, 138.7562
1395.513241, 81.072, 138.6404
1405.625705, 81.065, 138.5104
1415.811448, 81.054, 138.3777
1426.071002, 81.039, 138.2543
1436.404900, 81.022, 138.1486
1446.813682, 81.002, 138.0642
1457.297890, 80.982, 138.0002
1467.858072, 80.961, 137.9554
1478.494776, 80.940, 137.9291
1489.208559, 80.919, 137.9233
1499.999978, 80.900, 137.9400
1510.869596, 80.883, 137.9759
1521.817980, 80.868, 138.0220
1532.845701, 80.856, 138.0700
1543.953332, 80.845, 138.1165
1555.141455, 80.835, 138.1609
1566.410651, 80.825, 138.2021
1577.761508, 80.815, 138.2393
1589.194618, 80.807, 138.2731
1600.710578, 80.799, 138.3079
1612.309986, 80.793, 138.3513
1623.993449, 80.791, 138.4109
1635.761575, 80.796, 138.4930
1647.614978, 80.811, 138.6016
1659.554275, 80.836, 138.7373
1671.580089, 80.871, 138.8986
1683.693048, 80.912, 139.0821
1695.893782, 80.956, 139.2833
1708.182927, 80.997, 139.4969
1720.561125, 81.032, 139.7198
1733.029020, 81.057, 139.9518
1745.587263, 81.071, 140.1946
1758.236508, 81.074, 140.4514
1770.977414, 81.068, 140.7253
1783.810646, 81.058, 141.0154
1796.736874, 81.047, 141.3130
1809.756770, 81.039, 141.6060
1822.871013, 81.035, 141.8848
1836.080288, 81.036, 142.1443
1849.385283, 81.043, 142.3820
1862.786691, 81.054, 142.5960
1876.285211, 81.069, 142.7838
1889.881547, 81.085, 142.9399
1903.576408, 81.101, 143.0566
1917.370507, 81.115, 143.1304
1931.264564, 81.124, 143.1648
1945.259304, 81.128, 143.1681
1959.355454, 81.127, 143.1512
1973.553752, 81.122, 143.1249
1987.854936, 81.112, 143.0970
2002.259752, 81.100, 143.0703
2016.768952, 81.085, 143.0441
2031.383291, 81.066, 143.0200
2046.103531, 81.044, 143.0054
2060.930441, 81.019, 143.0087
2075.864793, 80.993, 143.0334
2090.907365, 80.968, 143.0734
2106.058941, 80.945, 143.1144
2121.320313, 80.923, 143.1388
2136.692274, 80.901, 143.1354
2152.175627, 80.877, 143.1069
2167.771179, 80.848, 143.0662
2183.479742, 80.815, 143.0291
2199.302137, 80.779, 143.0082
2215.239187, 80.741, 143.0063
2231.291723, 80.703, 143.0154
2247.460582, 80.667, 143.0241
2263.746608, 80.631, 143.0284
2280.150649, 80.596, 143.0341
2296.673561, 80.563, 143.0494
2313.316204, 80.535, 143.0764
2330.079447, 80.513, 143.1071
2346.964163, 80.500, 143.1300
2363.971233, 80.493, 143.1395
2381.101543, 80.492, 143.1390
2398.355986, 80.497, 143.1353
2415.735463, 80.506, 143.1304
2433.240878, 80.520, 143.1204
2450.873144, 80.535, 143.1000
2468.633181, 80.551, 143.0685
2486.521915, 80.566, 143.0297
2504.540278, 80.581, 142.9899
2522.689209, 80.595, 142.9558
2540.969655, 80.612, 142.9290
2559.382568, 80.633, 142.9043
2577.928909, 80.659, 142.8739
2596.609645, 80.691, 142.8315
2615.425749, 80.729, 142.7753
2634.378202, 80.774, 142.7087
2653.467992, 80.826, 142.6391
2672.696115, 80.886, 142.5717
2692.063573, 80.955, 142.5075
2711.571376, 81.035, 142.4432
2731.220539, 81.124, 142.3703
2751.012089, 81.221, 142.2762
2770.947057, 81.324, 142.1483
2791.026482, 81.428, 141.9797
2811.251410, 81.528, 141.7747
2831.622897, 81.619, 141.5499
2852.142003, 81.702, 141.3267
2872.809800, 81.775, 141.1202
2893.627364, 81.840, 140.9333
2914.595781, 81.896, 140.7584
2935.716143, 81.944, 140.5862
2956.989553, 81.980, 140.4138
2978.417118, 82.002, 140.2473
2999.999956, 82.011, 140.0998
3021.739192, 82.006, 139.9863
3043.635960, 81.989, 139.9201
3065.691401, 81.963, 139.9094
3087.906665, 81.932, 139.9543
3110.282909, 81.900, 140.0458
3132.821301, 81.869, 140.1683
3155.523016, 81.840, 140.3056
3178.389237, 81.814, 140.4464
3201.421155, 81.790, 140.5837
3224.619973, 81.768, 140.7120
3247.986898, 81.747, 140.8264
3271.523150, 81.728, 140.9218
3295.229956, 81.709, 140.9937
3319.108550, 81.689, 141.0381
3343.160179, 81.665, 141.0537
3367.386096, 81.637, 141.0441
3391.787563, 81.601, 141.0197
3416.365854, 81.556, 140.9969
3441.122250, 81.501, 140.9952
3466.058040, 81.437, 141.0337
3491.174525, 81.366, 141.1300
3516.473015, 81.288, 141.2997
3541.954828, 81.209, 141.5515
3567.621293, 81.131, 141.8835
3593.473747, 81.058, 142.2831
3619.513539, 80.992, 142.7303
3645.742027, 80.935, 143.2026
3672.160576, 80.888, 143.6785
3698.770566, 80.850, 144.1338
3725.573382, 80.821, 144.5392
3752.570422, 80.799, 144.8648
3779.763094, 80.781, 145.0898
3807.152816, 80.761, 145.2099
3834.741015, 80.735, 145.2401
3862.529129, 80.701, 145.2100
3890.518607, 80.657, 145.1565
3918.710909, 80.606, 145.1151
3947.107503, 80.550, 145.1139
3975.709871, 80.494, 145.1700
4004.519504, 80.441, 145.2885
4033.537903, 80.396, 145.4651
4062.766581, 80.358, 145.6918
4092.207063, 80.328, 145.9629
4121.860882, 80.306, 146.2761
4151.729585, 80.291, 146.6306
4181.814729, 80.282, 147.0227
4212.117883, 80.278, 147.4465
4242.640625, 80.276, 147.8959
4273.384548, 80.276, 148.3684
4304.351254, 80.275, 148.8647
4335.542358, 80.272, 149.3867
4366.959485, 80.269, 149.9345
4398.604273, 80.266, 150.5055
4430.478373, 80.262, 151.0975
4462.583446, 80.258, 151.7111
4494.921165, 80.257, 152.3495
4527.493217, 80.259, 153.0167
4560.301299, 80.266, 153.7148
4593.347122, 80.281, 154.4434
4626.632409, 80.307, 155.1992
4660.158894, 80.346, 155.9757
4693.928327, 80.401, 156.7636
4727.942466, 80.472, 157.5511
4762.203086, 80.560, 158.3266
4796.711973, 80.667, 159.0814
4831.470925, 80.791, 159.8112
4866.481755, 80.933, 160.5151
4901.746288, 81.094, 161.1929
4937.266362, 81.273, 161.8402
4973.043830, 81.471, 162.4476
5009.080555, 81.688, 163.0010
5045.378418, 81.922, 163.4828
5081.939310, 82.173, 163.8710
5118.765137, 82.437, 164.1413
5155.857819, 82.711, 164.2717
5193.219290, 82.989, 164.2432
5230.851498, 83.268, 164.0403
5268.756404, 83.540, 163.6533
5306.935985, 83.802, 163.0783
5345.392231, 84.046, 162.3151
5384.127146, 84.267, 161.3669
5423.142751, 84.460, 160.2435
5462.441079, 84.619, 158.9605
5502.024179, 84.742, 157.5367
5541.894114, 84.824, 155.9928
5582.052963, 84.864, 154.3533
5622.502820, 84.858, 152.6478
5663.245793, 84.805, 150.9116
5704.284007, 84.705, 149.1854
5745.619600, 84.556, 147.5178
5787.254728, 84.362, 145.9616
5829.191562, 84.126, 144.5682
5871.432287, 83.854, 143.3824
5913.979105, 83.554, 142.4366
5956.834236, 83.239, 141.7416
5999.999912, 82.919, 141.2739
6043.478385, 82.606, 140.9698
6087.271921, 82.306, 140.7341
6131.382802, 82.019, 140.4637
6175.813330, 81.738, 140.0715
6220.565819, 81.450, 139.5013
6265.642603, 81.140, 138.7303
6311.046032, 80.794, 137.7620
6356.778473, 80.399, 136.6161
6402.842310, 79.941, 135.3207
6449.239945, 79.407, 133.9137
6495.973796, 78.783, 132.4562
6543.046300, 78.058, 131.0544
6590.459911, 77.225, 129.9027
6638.217100, 76.293, 129.4034
6686.320358, 75.315, 130.5114
6734.772191, 74.426, 135.9018
6783.575127, 73.879, 154.5935
6832.731709, 73.949, -158.3405
6882.244499, 74.672, -125.3773
6932.116080, 75.805, -115.6840
6982.349051, 77.062, -113.7740
7032.946030, 78.274, -114.6821
7083.909656, 79.376, -116.7667
7135.242586, 80.355, -119.3599
7186.947495, 81.223, -122.1571
7239.027079, 82.000, -125.0236
7291.484053, 82.704, -127.9181
7344.321152, 83.352, -130.8522
7397.541131, 83.955, -133.8670
7451.146763, 84.517, -137.0158
7505.140844, 85.040, -140.3515
7559.526189, 85.519, -143.9180
7614.305632, 85.947, -147.7426
7669.482029, 86.314, -151.8309
7725.058258, 86.609, -156.1620
7781.037214, 86.820, -160.6882
7837.421817, 86.941, -165.3367
7894.215007, 86.964, -170.0154
7951.419743, 86.889, -174.6229
8009.039008, 86.719, -179.0601
8067.075806, 86.462, 176.7589
8125.533163, 86.129, 172.8981
8184.414126, 85.729, 169.3965
8243.721764, 85.275, 166.2726
8303.459170, 84.773, 163.5341
8363.629458, 84.230, 161.1886
8424.235765, 83.650, 159.2523
8485.281250, 83.034, 157.7584
8546.769096, 82.382, 156.7783
8608.702508, 81.698, 156.4440
8671.084715, 80.992, 156.9444
8733.918969, 80.292, 158.4687
8797.208547, 79.647, 161.1010
8860.956746, 79.116, 164.7139
8925.166891, 78.751, 168.9508
8989.842330, 78.583, 173.3106
9054.986433, 78.606, 177.2659
9120.602598, 78.785, -179.6250
9186.694244, 79.059, -177.6304
9253.264817, 79.360, -176.8197
9320.317788, 79.625, -177.0900
9387.856653, 79.800, -178.2008
9455.884932, 79.852, -179.8063
9524.406173, 79.767, 178.5024
9593.423946, 79.563, 177.1299
9662.941850, 79.282, 176.3732
9732.963510, 78.988, 176.3002
9803.492576, 78.740, 176.6878
9874.532725, 78.567, 177.1168
9946.087659, 78.454, 177.1928
10018.161110, 78.356, 176.7213
10090.756835, 78.220, 175.7369
10163.878619, 78.003, 174.4521
10237.530273, 77.676, 173.2058
10311.715638, 77.241, 172.4044
10386.438580, 76.728, 172.4257
10461.702996, 76.196, 173.4938
10537.512808, 75.723, 175.5553
10613.871970, 75.382, 178.2151
10690.784461, 75.209, -179.1760
10768.254293, 75.183, -177.2671
10846.285502, 75.241, -176.4551
10924.882158, 75.299, -176.8020
11004.048358, 75.286, -178.1043
11083.788228, 75.152, 179.9895
11164.105927, 74.876, 177.8783
11245.005640, 74.461, 175.9305
11326.491587, 73.931, 174.4256
11408.568014, 73.325, 173.5104
11491.239200, 72.690, 173.1703
11574.509457, 72.072, 173.2220
11658.383123, 71.510, 173.3504
11742.864573, 71.021, 173.1918
11827.958211, 70.604, 172.4227
11913.668472, 70.238, 170.8099
11999.999825, 69.898, 168.2125
12086.956770, 69.557, 164.5565
12174.543841, 69.191, 159.8045
12262.765605, 68.792, 153.9261
12351.626659, 68.361, 146.8700
12441.131638, 67.918, 138.5469
12531.285206, 67.497, 128.8438
12622.092064, 67.136, 117.6907
12713.556946, 66.869, 105.1847
12805.684621, 66.709, 91.7109
12898.479890, 66.645, 77.9500
12991.947593, 66.651, 64.7076
13086.092601, 66.702, 52.6783
13180.919822, 66.796, 42.3083
13276.434201, 66.960, 33.7745
13372.640716, 67.239, 26.9880
13469.544383, 67.669, 21.5972
13567.150254, 68.241, 17.0550
13665.463417, 68.897, 12.7915
13764.488998, 69.555, 8.4102
13864.232160, 70.145, 3.7798
13964.698101, 70.627, -1.0085
14065.892060, 70.992, -5.7562
14167.819312, 71.256, -10.2659
14270.485171, 71.449, -14.4119
14373.894990, 71.606, -18.1688
14478.054158, 71.757, -21.6118
14582.968107, 71.921, -24.8895
14688.642305, 72.098, -28.1757
14795.082262, 72.278, -31.6159
14902.293527, 72.446, -35.3001
15010.281689, 72.587, -39.2654
15119.052378, 72.689, -43.5189
15228.611264, 72.745, -48.0571
15338.964058, 72.748, -52.8738
15450.116515, 72.692, -57.9583
15562.074428, 72.568, -63.2888
15674.843635, 72.368, -68.8265
15788.430013, 72.091, -74.5239
15902.839485, 71.734, -80.3419
16018.078016, 71.300, -86.2595
16134.151612, 70.782, -92.2559
16251.066326, 70.169, -98.2668
16368.828251, 69.437, -104.1315
16487.443528, 68.568, -109.5439
16606.918341, 67.555, -114.0367
16727.258917, 66.424, -117.0363
16848.471530, 65.262, -118.0925
16970.562500, 64.219, -117.3921
17093.538192, 63.464, -116.2214
17217.405016, 63.060, -116.4523
17342.169430, 62.892, -119.2676
17467.837939, 62.756, -124.7042
17594.417093, 62.475, -132.1346
17721.913492, 61.950, -140.7797
17850.333783, 61.144, -149.9535
17979.684660, 60.059, -159.1285
18109.972866, 58.720, -167.9100
18241.205195, 57.168, -175.9523
18373.388487, 55.482, 177.2640
18506.529634, 53.811, 173.4150
18640.635577, 52.417, -175.7761
18775.713306, 51.620, -80.4264
18911.769865, 51.544, -64.2159
19048.812345, 51.980, -69.2216
19186.847892, 52.607, -78.1550
19325.883701, 53.205, -88.5388
19465.927021, 53.675, -99.4666
19606.985152, 53.994, -110.2247
19749.065449, 54.186, -119.8981
19892.175318, 54.286, -127.3474
20036.322221, 54.326, -131.4459
