* Measurement data measured by REW V5.40 beta 55
* Source: EXCL: Headset (USB-C to 3.5mm Headphone Jack Adapter), MICROPHONE (Master Volume), 0, volume: 0.250
* Format: 256k Log Swept Sine, 1 sweep at -6.0 dBFS with no timing reference
* Dated: Jan 12, 2025 8:59:45 AM
* REW Settings:
*  C-weighting compensation: Off
*  Target level: 75.0 dB
* Note: ; 
* Measurement: Left 4
* Smoothing: 1/12 octave
* Frequency Step: 96 ppo
* Start Frequency: 20.0 Hz
*
* Freq(Hz), SPL(dB), Phase(degrees)
19.995176, 78.690, -33.7480
20.140070, 78.927, -34.3121
20.286013, 79.157, -35.0923
20.433014, 79.372, -36.0757
20.581080, 79.565, -37.2356
20.730219, 79.730, -38.5354
20.880438, 79.864, -39.9319
21.031747, 79.964, -41.3794
21.184151, 80.033, -42.8326
21.337660, 80.072, -44.2492
21.492282, 80.085, -45.5930
21.648024, 80.077, -46.8359
21.804894, 80.056, -47.9602
21.962902, 80.027, -48.9598
22.122054, 79.998, -49.8411
22.282359, 79.972, -50.6212
22.443827, 79.956, -51.3260
22.606464, 79.950, -51.9854
22.770280, 79.954, -52.6286
22.935282, 79.966, -53.2794
23.101481, 79.984, -53.9526
23.268884, 80.004, -54.6521
23.437500, 80.023, -55.3707
23.607337, 80.039, -56.0928
23.778406, 80.052, -56.7968
23.950714, 80.063, -57.4604
24.124271, 80.076, -58.0654
24.299085, 80.096, -58.6010
24.475166, 80.127, -59.0687
24.652524, 80.176, -59.4829
24.831166, 80.247, -59.8703
25.011103, 80.341, -60.2669
25.192344, 80.459, -60.7124
25.374898, 80.597, -61.2445
25.558775, 80.750, -61.8928
25.743984, 80.913, -62.6757
25.930536, 81.078, -63.5986
26.118439, 81.239, -64.6549
26.307704, 81.391, -65.8280
26.498340, 81.530, -67.0944
26.690358, 81.652, -68.4266
26.883768, 81.756, -69.7955
27.078578, 81.842, -71.1725
27.274801, 81.909, -72.5302
27.472445, 81.959, -73.8428
27.671522, 81.994, -75.0873
27.872041, 82.015, -76.2429
28.074014, 82.026, -77.2927
28.277450, 82.030, -78.2250
28.482360, 82.033, -79.0353
28.688755, 82.039, -79.7286
28.896645, 82.054, -80.3213
29.106042, 82.080, -80.8401
29.316956, 82.120, -81.3199
29.529399, 82.174, -81.7988
29.743381, 82.239, -82.3112
29.958914, 82.310, -82.8815
30.176009, 82.383, -83.5197
30.394677, 82.451, -84.2203
30.614929, 82.511, -84.9647
30.836777, 82.561, -85.7264
31.060233, 82.603, -86.4785
31.285309, 82.639, -87.2007
31.512015, 82.675, -87.8848
31.740364, 82.714, -88.5377
31.970368, 82.760, -89.1785
32.202038, 82.814, -89.8328
32.435387, 82.873, -90.5245
32.670428, 82.934, -91.2682
32.907171, 82.993, -92.0641
33.145630, 83.045, -92.8986
33.385817, 83.089, -93.7482
33.627744, 83.125, -94.5869
33.871425, 83.156, -95.3929
34.116871, 83.183, -96.1541
34.364096, 83.211, -96.8701
34.613112, 83.243, -97.5497
34.863933, 83.277, -98.2053
35.116572, 83.315, -98.8466
35.371041, 83.353, -99.4771
35.627354, 83.391, -100.0928
35.885524, 83.429, -100.6863
36.145566, 83.468, -101.2526
36.407491, 83.510, -101.7939
36.671315, 83.557, -102.3235
36.937051, 83.611, -102.8636
37.204712, 83.670, -103.4395
37.474312, 83.730, -104.0719
37.745867, 83.787, -104.7701
38.019389, 83.836, -105.5291
38.294893, 83.873, -106.3304
38.572393, 83.898, -107.1488
38.851905, 83.911, -107.9585
39.133442, 83.915, -108.7410
39.417019, 83.914, -109.4891
39.702651, 83.911, -110.2072
39.990353, 83.909, -110.9076
40.280139, 83.908, -111.6041
40.572026, 83.907, -112.3052
40.866027, 83.905, -113.0105
41.162159, 83.903, -113.7119
41.460437, 83.900, -114.3983
41.760877, 83.899, -115.0627
42.063493, 83.904, -115.7074
42.368303, 83.917, -116.3455
42.675321, 83.937, -116.9956
42.984564, 83.964, -117.6736
43.296048, 83.994, -118.3846
43.609789, 84.022, -119.1201
43.925803, 84.049, -119.8613
44.244108, 84.073, -120.5878
44.564719, 84.097, -121.2871
44.887653, 84.123, -121.9603
45.212928, 84.152, -122.6191
45.540559, 84.183, -123.2780
45.870565, 84.214, -123.9436
46.202962, 84.240, -124.6107
46.537767, 84.261, -125.2633
46.874999, 84.278, -125.8848
47.214675, 84.291, -126.4680
47.556812, 84.306, -127.0211
47.901428, 84.323, -127.5651
48.248542, 84.340, -128.1219
48.598170, 84.354, -128.7023
48.950333, 84.361, -129.2976
49.305047, 84.359, -129.8826
49.662332, 84.350, -130.4276
50.022206, 84.340, -130.9144
50.384687, 84.335, -131.3494
50.749795, 84.340, -131.7648
51.117549, 84.357, -132.2074
51.487968, 84.383, -132.7178
51.861071, 84.409, -133.3124
52.236878, 84.431, -133.9777
52.615408, 84.444, -134.6783
52.996681, 84.449, -135.3762
53.380716, 84.451, -136.0475
53.767535, 84.454, -136.6916
54.157157, 84.459, -137.3247
54.549602, 84.466, -137.9644
54.944891, 84.471, -138.6141
55.343044, 84.471, -139.2587
55.744083, 84.465, -139.8713
56.148027, 84.455, -140.4296
56.554899, 84.446, -140.9272
56.964719, 84.442, -141.3770
57.377509, 84.444, -141.8032
57.793290, 84.451, -142.2309
58.212084, 84.462, -142.6788
58.633913, 84.476, -143.1599
59.058798, 84.489, -143.6846
59.486763, 84.501, -144.2603
59.917828, 84.507, -144.8856
60.352018, 84.504, -145.5453
60.789353, 84.493, -146.2123
61.229858, 84.475, -146.8596
61.673555, 84.456, -147.4749
62.120467, 84.439, -148.0659
62.570617, 84.427, -148.6541
63.024030, 84.419, -149.2566
63.480728, 84.410, -149.8735
63.940735, 84.399, -150.4856
64.404076, 84.385, -151.0649
64.870775, 84.370, -151.5886
65.340855, 84.358, -152.0493
65.814342, 84.352, -152.4575
66.291260, 84.352, -152.8359
66.771634, 84.359, -153.2111
67.255488, 84.368, -153.6047
67.742849, 84.375, -154.0275
68.233742, 84.377, -154.4778
68.728192, 84.371, -154.9435
69.226225, 84.356, -155.4077
69.727866, 84.332, -155.8546
70.233143, 84.303, -156.2745
70.742082, 84.271, -156.6665
71.254708, 84.241, -157.0372
71.771049, 84.214, -157.3969
72.291131, 84.191, -157.7568
72.814983, 84.175, -158.1274
73.342630, 84.163, -158.5177
73.874101, 84.156, -158.9331
74.409423, 84.151, -159.3734
74.948625, 84.145, -159.8317
75.491733, 84.138, -160.2958
76.038777, 84.127, -160.7505
76.589786, 84.111, -161.1802
77.144787, 84.092, -161.5719
77.703810, 84.072, -161.9199
78.266884, 84.051, -162.2277
78.834038, 84.033, -162.5074
79.405302, 84.018, -162.7760
79.980705, 84.007, -163.0513
80.560278, 83.999, -163.3491
81.144051, 83.993, -163.6788
81.732055, 83.987, -164.0400
82.324319, 83.981, -164.4248
82.920875, 83.975, -164.8231
83.521754, 83.969, -165.2285
84.126987, 83.965, -165.6398
84.736605, 83.962, -166.0576
85.350642, 83.959, -166.4812
85.969128, 83.956, -166.9083
86.592096, 83.951, -167.3351
87.219578, 83.944, -167.7582
87.851607, 83.934, -168.1747
88.488216, 83.922, -168.5825
89.129438, 83.907, -168.9781
89.775306, 83.890, -169.3574
90.425855, 83.871, -169.7188
91.081118, 83.852, -170.0651
91.741129, 83.834, -170.4027
92.405924, 83.816, -170.7375
93.075535, 83.800, -171.0730
93.749999, 83.785, -171.4107
94.429350, 83.771, -171.7528
95.113624, 83.759, -172.1019
95.802856, 83.747, -172.4604
96.497083, 83.736, -172.8279
97.196341, 83.724, -173.2004
97.900666, 83.712, -173.5723
98.610094, 83.699, -173.9384
99.324664, 83.686, -174.2961
100.044411, 83.672, -174.6455
100.769374, 83.658, -174.9894
101.499591, 83.644, -175.3317
102.235098, 83.628, -175.6752
102.975936, 83.611, -176.0182
103.722142, 83.591, -176.3541
104.473756, 83.568, -176.6750
105.230815, 83.545, -176.9769
105.993361, 83.522, -177.2613
106.761433, 83.499, -177.5341
107.535070, 83.475, -177.8019
108.314314, 83.452, -178.0701
109.099204, 83.427, -178.3427
109.889782, 83.400, -178.6219
110.686088, 83.373, -178.9078
111.488165, 83.345, -179.1982
112.296055, 83.319, -179.4893
113.109798, 83.296, -179.7761
113.929438, 83.277, 179.9452
114.755018, 83.263, 179.6799
115.586580, 83.254, 179.4355
116.424168, 83.248, 179.2186
117.267826, 83.244, 179.0261
118.117597, 83.240, 178.8429
118.973525, 83.232, 178.6473
119.835657, 83.215, 178.4267
120.704035, 83.185, 178.1911
121.578706, 83.142, 177.9631
122.459716, 83.092, 177.7527
123.347109, 83.039, 177.5530
124.240933, 82.989, 177.3541
125.141234, 82.945, 177.1522
126.048059, 82.907, 176.9490
126.961456, 82.877, 176.7482
127.881471, 82.854, 176.5540
128.808153, 82.836, 176.3703
129.741550, 82.821, 176.1985
130.681710, 82.808, 176.0343
131.628684, 82.796, 175.8696
132.582520, 82.782, 175.6963
133.543267, 82.767, 175.5118
134.510977, 82.749, 175.3208
135.485699, 82.730, 175.1298
136.467484, 82.711, 174.9424
137.456384, 82.692, 174.7593
138.452449, 82.674, 174.5780
139.455733, 82.657, 174.3949
140.466286, 82.642, 174.2086
141.484163, 82.627, 174.0214
142.509416, 82.612, 173.8367
143.542098, 82.598, 173.6569
144.582263, 82.584, 173.4807
145.629965, 82.570, 173.3046
146.685260, 82.555, 173.1259
147.748202, 82.539, 172.9443
148.818846, 82.522, 172.7614
149.897249, 82.505, 172.5782
150.983466, 82.489, 172.3953
152.077555, 82.473, 172.2124
153.179572, 82.459, 172.0295
154.289574, 82.446, 171.8458
155.407620, 82.433, 171.6608
156.533767, 82.421, 171.4750
157.668076, 82.407, 171.2904
158.810603, 82.392, 171.1074
159.961411, 82.376, 170.9245
161.120557, 82.359, 170.7409
162.288103, 82.342, 170.5572
163.464109, 82.325, 170.3752
164.648638, 82.308, 170.1968
165.841750, 82.292, 170.0223
167.043507, 82.277, 169.8508
168.253973, 82.263, 169.6819
169.473211, 82.248, 169.5172
170.701284, 82.232, 169.3585
171.938256, 82.215, 169.2073
173.184191, 82.198, 169.0645
174.439155, 82.180, 168.9297
175.703213, 82.162, 168.8018
176.976431, 82.143, 168.6794
178.258875, 82.125, 168.5596
179.550613, 82.108, 168.4360
180.851710, 82.092, 168.3002
182.162236, 82.077, 168.1479
183.482259, 82.062, 167.9830
184.811847, 82.046, 167.8147
186.151070, 82.030, 167.6523
187.499997, 82.013, 167.5021
188.858700, 81.998, 167.3667
190.227248, 81.982, 167.2460
191.605713, 81.967, 167.1373
192.994167, 81.952, 167.0351
194.392682, 81.936, 166.9324
195.801331, 81.921, 166.8224
197.220189, 81.905, 166.7007
198.649327, 81.889, 166.5669
200.088822, 81.874, 166.4244
201.538748, 81.859, 166.2793
202.999181, 81.846, 166.1378
204.470197, 81.832, 166.0033
205.951872, 81.819, 165.8753
207.444284, 81.806, 165.7510
208.947511, 81.792, 165.6285
210.461631, 81.778, 165.5084
211.986723, 81.764, 165.3911
213.522866, 81.750, 165.2753
215.070141, 81.737, 165.1580
216.628627, 81.724, 165.0354
218.198408, 81.712, 164.9056
219.779563, 81.700, 164.7708
221.372177, 81.688, 164.6359
222.976331, 81.675, 164.5054
224.592109, 81.662, 164.3801
226.219596, 81.648, 164.2588
227.858877, 81.633, 164.1396
229.510036, 81.618, 164.0219
231.173160, 81.602, 163.9064
232.848336, 81.587, 163.7952
234.535651, 81.571, 163.6897
236.235193, 81.557, 163.5895
237.947051, 81.542, 163.4930
239.671313, 81.526, 163.3990
241.408071, 81.510, 163.3055
243.157413, 81.493, 163.2087
244.919432, 81.475, 163.1022
246.694219, 81.459, 162.9825
248.481867, 81.444, 162.8527
250.282469, 81.431, 162.7212
252.096119, 81.418, 162.5956
253.922911, 81.407, 162.4788
255.762941, 81.395, 162.3700
257.616305, 81.382, 162.2686
259.483099, 81.370, 162.1744
261.363421, 81.357, 162.0879
263.257368, 81.344, 162.0078
265.165039, 81.333, 161.9324
267.086534, 81.321, 161.8597
269.021953, 81.309, 161.7869
270.971397, 81.297, 161.7106
272.934968, 81.285, 161.6276
274.912767, 81.272, 161.5374
276.904898, 81.260, 161.4431
278.911465, 81.247, 161.3505
280.932573, 81.233, 161.2644
282.968326, 81.219, 161.1870
285.018831, 81.205, 161.1155
287.084195, 81.192, 161.0454
289.164526, 81.178, 160.9734
291.259931, 81.165, 160.8994
293.370520, 81.151, 160.8236
295.496404, 81.139, 160.7459
297.637693, 81.126, 160.6653
299.794498, 81.115, 160.5815
301.966933, 81.105, 160.4942
304.155110, 81.096, 160.4018
306.359143, 81.088, 160.3036
308.579148, 81.080, 160.2012
310.815239, 81.071, 160.0990
313.067535, 81.062, 160.0035
315.336151, 81.051, 159.9214
317.621207, 81.041, 159.8549
319.922821, 81.031, 159.8000
322.241114, 81.021, 159.7496
324.576206, 81.012, 159.6965
326.928219, 81.004, 159.6371
329.297275, 80.996, 159.5711
331.683499, 80.989, 159.4995
334.087014, 80.982, 159.4243
336.507947, 80.976, 159.3503
338.946422, 80.969, 159.2825
341.402567, 80.960, 159.2221
343.876511, 80.951, 159.1650
346.368382, 80.941, 159.1066
348.878310, 80.931, 159.0463
351.406426, 80.920, 158.9861
353.952862, 80.911, 158.9272
356.517750, 80.901, 158.8669
359.101225, 80.892, 158.8002
361.703421, 80.884, 158.7244
364.324473, 80.876, 158.6413
366.964518, 80.869, 158.5559
369.623694, 80.863, 158.4727
372.302140, 80.857, 158.3927
374.999995, 80.852, 158.3153
377.717399, 80.846, 158.2396
380.454495, 80.840, 158.1639
383.211425, 80.835, 158.0861
385.988333, 80.831, 158.0037
388.785364, 80.828, 157.9166
391.602663, 80.825, 157.8278
394.440377, 80.823, 157.7419
397.298655, 80.819, 157.6620
400.177644, 80.815, 157.5878
403.077497, 80.810, 157.5160
405.998362, 80.804, 157.4413
408.940394, 80.797, 157.3593
411.903744, 80.790, 157.2684
414.888569, 80.783, 157.1709
417.895022, 80.776, 157.0714
420.923262, 80.769, 156.9750
423.973445, 80.763, 156.8849
427.045732, 80.757, 156.8007
430.140281, 80.751, 156.7201
433.257255, 80.744, 156.6406
436.396816, 80.736, 156.5623
439.559127, 80.728, 156.4866
442.744354, 80.721, 156.4155
445.952662, 80.714, 156.3490
449.184218, 80.708, 156.2861
452.439192, 80.702, 156.2255
455.717753, 80.696, 156.1657
459.020072, 80.690, 156.1055
462.346321, 80.684, 156.0442
465.696673, 80.678, 155.9816
469.071303, 80.673, 155.9181
472.470387, 80.669, 155.8544
475.894102, 80.665, 155.7898
479.342627, 80.662, 155.7230
482.816141, 80.658, 155.6541
486.314826, 80.655, 155.5849
489.838864, 80.651, 155.5177
493.388438, 80.647, 155.4547
496.963734, 80.643, 155.3969
500.564938, 80.638, 155.3431
504.192238, 80.633, 155.2906
507.845823, 80.627, 155.2380
511.525883, 80.621, 155.1862
515.232610, 80.615, 155.1365
518.966198, 80.609, 155.0891
522.726841, 80.603, 155.0434
526.514735, 80.597, 154.9976
530.330078, 80.593, 154.9508
534.173068, 80.590, 154.9027
538.043907, 80.587, 154.8545
541.942795, 80.585, 154.8073
545.869936, 80.584, 154.7606
549.825534, 80.582, 154.7134
553.809797, 80.581, 154.6649
557.822931, 80.582, 154.6146
561.865146, 80.585, 154.5613
565.936652, 80.590, 154.5027
570.037662, 80.595, 154.4346
574.168390, 80.601, 154.3524
578.329051, 80.605, 154.2543
582.519862, 80.607, 154.1415
586.741041, 80.606, 154.0183
590.992808, 80.602, 153.8914
595.275386, 80.595, 153.7683
599.588997, 80.584, 153.6562
603.933866, 80.571, 153.5616
608.310219, 80.556, 153.4890
612.718286, 80.541, 153.4414
617.158295, 80.526, 153.4191
621.630479, 80.513, 153.4199
626.135069, 80.502, 153.4396
630.672302, 80.493, 153.4733
635.242414, 80.488, 153.5157
639.845642, 80.485, 153.5604
644.482227, 80.486, 153.6000
649.152411, 80.488, 153.6299
653.856437, 80.492, 153.6490
658.594551, 80.497, 153.6590
663.366998, 80.503, 153.6631
668.174029, 80.511, 153.6649
673.015893, 80.519, 153.6675
677.892844, 80.528, 153.6728
682.805135, 80.538, 153.6812
687.753022, 80.550, 153.6907
692.736764, 80.563, 153.6985
697.756620, 80.578, 153.7025
702.812853, 80.594, 153.7007
707.905724, 80.610, 153.6909
713.035501, 80.627, 153.6708
718.202450, 80.643, 153.6396
723.406841, 80.660, 153.5966
728.648945, 80.678, 153.5405
733.929036, 80.696, 153.4696
739.247388, 80.715, 153.3833
744.604279, 80.734, 153.2837
749.999989, 80.753, 153.1748
755.434798, 80.771, 153.0612
760.908990, 80.788, 152.9460
766.422850, 80.803, 152.8307
771.976666, 80.817, 152.7150
777.570727, 80.831, 152.5977
783.205325, 80.844, 152.4771
788.880754, 80.857, 152.3516
794.597309, 80.870, 152.2204
800.355289, 80.881, 152.0852
806.154993, 80.891, 151.9491
811.996725, 80.900, 151.8132
817.880788, 80.907, 151.6757
823.807489, 80.914, 151.5349
829.777138, 80.920, 151.3918
835.790045, 80.925, 151.2510
841.846524, 80.928, 151.1180
847.946891, 80.930, 150.9989
854.091464, 80.931, 150.8980
860.280562, 80.934, 150.8164
866.514510, 80.939, 150.7502
872.793631, 80.947, 150.6919
879.118254, 80.957, 150.6329
885.488707, 80.969, 150.5673
891.905323, 80.982, 150.4923
898.368437, 80.995, 150.4059
904.878385, 81.008, 150.3069
911.435507, 81.021, 150.1962
918.040144, 81.033, 150.0772
924.692641, 81.045, 149.9558
931.393345, 81.057, 149.8371
938.142606, 81.069, 149.7230
944.940774, 81.081, 149.6119
951.788204, 81.095, 149.5006
958.685254, 81.110, 149.3843
965.632282, 81.125, 149.2579
972.629652, 81.141, 149.1172
979.677727, 81.156, 148.9620
986.776876, 81.171, 148.7947
993.927468, 81.183, 148.6176
1001.129876, 81.194, 148.4319
1008.384476, 81.202, 148.2394
1015.691645, 81.208, 148.0447
1023.051766, 81.211, 147.8534
1030.465221, 81.211, 147.6718
1037.932396, 81.210, 147.5057
1045.453682, 81.207, 147.3598
1053.029471, 81.205, 147.2362
1060.660156, 81.203, 147.1331
1068.346137, 81.203, 147.0450
1076.087813, 81.206, 146.9656
1083.885589, 81.210, 146.8885
1091.739871, 81.217, 146.8093
1099.651068, 81.226, 146.7272
1107.619593, 81.236, 146.6442
1115.645861, 81.248, 146.5615
1123.730291, 81.263, 146.4760
1131.873304, 81.278, 146.3816
1140.075325, 81.295, 146.2726
1148.336780, 81.313, 146.1470
1156.658102, 81.329, 146.0071
1165.039724, 81.345, 145.8563
1173.482082, 81.360, 145.6967
1181.985617, 81.375, 145.5292
1190.550772, 81.389, 145.3550
1199.177993, 81.402, 145.1754
1207.867731, 81.416, 144.9906
1216.620439, 81.429, 144.7991
1225.436572, 81.441, 144.5985
1234.316591, 81.453, 144.3885
1243.260957, 81.463, 144.1730
1252.270139, 81.472, 143.9566
1261.344604, 81.479, 143.7414
1270.484827, 81.485, 143.5265
1279.691284, 81.489, 143.3083
1288.964455, 81.492, 143.0834
1298.304823, 81.493, 142.8505
1307.712874, 81.493, 142.6105
1317.189101, 81.490, 142.3669
1326.733996, 81.485, 142.1238
1336.348058, 81.478, 141.8849
1346.031787, 81.468, 141.6560
1355.785688, 81.455, 141.4447
1365.610270, 81.440, 141.2570
1375.506045, 81.424, 141.0940
1385.473529, 81.407, 140.9522
1395.513241, 81.392, 140.8274
1405.625705, 81.377, 140.7189
1415.811448, 81.365, 140.6267
1426.071002, 81.355, 140.5460
1436.404900, 81.349, 140.4672
1446.813682, 81.345, 140.3818
1457.297890, 81.342, 140.2859
1467.858072, 81.340, 140.1775
1478.494776, 81.338, 140.0550
1489.208559, 81.334, 139.9177
1499.999978, 81.328, 139.7692
1510.869596, 81.318, 139.6171
1521.817980, 81.305, 139.4681
1532.845701, 81.288, 139.3259
1543.953332, 81.269, 139.1943
1555.141455, 81.247, 139.0811
1566.410651, 81.223, 138.9952
1577.761508, 81.197, 138.9437
1589.194618, 81.174, 138.9307
1600.710578, 81.153, 138.9576
1612.309986, 81.140, 139.0247
1623.993449, 81.138, 139.1280
1635.761575, 81.150, 139.2582
1647.614978, 81.180, 139.3986
1659.554275, 81.229, 139.5286
1671.580089, 81.292, 139.6281
1683.693048, 81.363, 139.6838
1695.893782, 81.433, 139.6945
1708.182927, 81.497, 139.6678
1720.561125, 81.546, 139.6150
1733.029020, 81.579, 139.5493
1745.587263, 81.593, 139.4869
1758.236508, 81.591, 139.4421
1770.977414, 81.574, 139.4233
1783.810646, 81.549, 139.4317
1796.736874, 81.518, 139.4619
1809.756770, 81.487, 139.5048
1822.871013, 81.457, 139.5529
1836.080288, 81.428, 139.6047
1849.385283, 81.403, 139.6636
1862.786691, 81.380, 139.7319
1876.285211, 81.360, 139.8055
1889.881547, 81.344, 139.8738
1903.576408, 81.330, 139.9242
1917.370507, 81.316, 139.9471
1931.264564, 81.301, 139.9388
1945.259304, 81.283, 139.9019
1959.355454, 81.262, 139.8439
1973.553752, 81.239, 139.7732
1987.854936, 81.214, 139.6949
2002.259752, 81.188, 139.6090
2016.768952, 81.160, 139.5111
2031.383291, 81.130, 139.3956
2046.103531, 81.095, 139.2620
2060.930441, 81.054, 139.1187
2075.864793, 81.006, 138.9803
2090.907365, 80.950, 138.8637
2106.058941, 80.889, 138.7820
2121.320313, 80.826, 138.7402
2136.692274, 80.764, 138.7335
2152.175627, 80.704, 138.7489
2167.771179, 80.649, 138.7703
2183.479742, 80.598, 138.7822
2199.302137, 80.550, 138.7701
2215.239187, 80.503, 138.7207
2231.291723, 80.456, 138.6252
2247.460582, 80.404, 138.4830
2263.746608, 80.344, 138.3073
2280.150649, 80.275, 138.1273
2296.673561, 80.197, 137.9822
2313.316204, 80.115, 137.9095
2330.079447, 80.033, 137.9296
2346.964163, 79.962, 138.0394
2363.971233, 79.906, 138.2143
2381.101543, 79.868, 138.4139
2398.355986, 79.849, 138.5958
2415.735463, 79.843, 138.7270
2433.240878, 79.844, 138.7925
2450.873144, 79.846, 138.7979
2468.633181, 79.844, 138.7650
2486.521915, 79.836, 138.7233
2504.540278, 79.823, 138.6996
2522.689209, 79.808, 138.7099
2540.969655, 79.795, 138.7582
2559.382568, 79.788, 138.8399
2577.928909, 79.791, 138.9450
2596.609645, 79.807, 139.0563
2615.425749, 79.840, 139.1449
2634.378202, 79.889, 139.1734
2653.467992, 79.949, 139.1129
2672.696115, 80.015, 138.9576
2692.063573, 80.081, 138.7249
2711.571376, 80.145, 138.4445
2731.220539, 80.205, 138.1438
2751.012089, 80.260, 137.8413
2770.947057, 80.311, 137.5480
2791.026482, 80.357, 137.2726
2811.251410, 80.396, 137.0238
2831.622897, 80.427, 136.8106
2852.142003, 80.452, 136.6403
2872.809800, 80.469, 136.5151
2893.627364, 80.480, 136.4304
2914.595781, 80.483, 136.3763
2935.716143, 80.478, 136.3429
2956.989553, 80.463, 136.3257
2978.417118, 80.436, 136.3279
2999.999956, 80.395, 136.3589
3021.739192, 80.341, 136.4350
3043.635960, 80.276, 136.5754
3065.691401, 80.203, 136.7923
3087.906665, 80.127, 137.0830
3110.282909, 80.053, 137.4269
3132.821301, 79.983, 137.7931
3155.523016, 79.916, 138.1541
3178.389237, 79.851, 138.4944
3201.421155, 79.785, 138.8102
3224.619973, 79.714, 139.1090
3247.986898, 79.637, 139.4083
3271.523150, 79.553, 139.7307
3295.229956, 79.464, 140.0968
3319.108550, 79.370, 140.5189
3343.160179, 79.276, 140.9988
3367.386096, 79.182, 141.5314
3391.787563, 79.089, 142.1083
3416.365854, 78.997, 142.7233
3441.122250, 78.905, 143.3757
3466.058040, 78.813, 144.0707
3491.174525, 78.719, 144.8177
3516.473015, 78.623, 145.6318
3541.954828, 78.527, 146.5338
3567.621293, 78.434, 147.5453
3593.473747, 78.351, 148.6757
3619.513539, 78.283, 149.9119
3645.742027, 78.238, 151.2161
3672.160576, 78.219, 152.5282
3698.770566, 78.228, 153.7743
3725.573382, 78.262, 154.8777
3752.570422, 78.313, 155.7739
3779.763094, 78.369, 156.4323
3807.152816, 78.417, 156.8723
3834.741015, 78.449, 157.1566
3862.529129, 78.461, 157.3655
3890.518607, 78.456, 157.5691
3918.710909, 78.440, 157.8136
3947.107503, 78.420, 158.1211
3975.709871, 78.399, 158.4962
4004.519504, 78.383, 158.9366
4033.537903, 78.374, 159.4395
4062.766581, 78.374, 160.0016
4092.207063, 78.384, 160.6150
4121.860882, 78.406, 161.2657
4151.729585, 78.438, 161.9365
4181.814729, 78.478, 162.6117
4212.117883, 78.522, 163.2836
4242.640625, 78.567, 163.9547
4273.384548, 78.612, 164.6344
4304.351254, 78.654, 165.3319
4335.542358, 78.694, 166.0529
4366.959485, 78.732, 166.7960
4398.604273, 78.769, 167.5551
4430.478373, 78.807, 168.3224
4462.583446, 78.843, 169.0929
4494.921165, 78.879, 169.8700
4527.493217, 78.915, 170.6651
4560.301299, 78.954, 171.4877
4593.347122, 78.998, 172.3391
4626.632409, 79.049, 173.2153
4660.158894, 79.110, 174.1127
4693.928327, 79.181, 175.0298
4727.942466, 79.262, 175.9695
4762.203086, 79.357, 176.9388
4796.711973, 79.466, 177.9435
4831.470925, 79.592, 178.9845
4866.481755, 79.737, -179.9432
4901.746288, 79.904, -178.8485
4937.266362, 80.092, -177.7424
4973.043830, 80.302, -176.6371
5009.080555, 80.535, -175.5456
5045.378418, 80.791, -174.4835
5081.939310, 81.068, -173.4695
5118.765137, 81.366, -172.5253
5155.857819, 81.683, -171.6748
5193.219290, 82.017, -170.9462
5230.851498, 82.364, -170.3727
5268.756404, 82.718, -169.9872
5306.935985, 83.073, -169.8123
5345.392231, 83.419, -169.8570
5384.127146, 83.750, -170.1176
5423.142751, 84.059, -170.5801
5462.441079, 84.340, -171.2243
5502.024179, 84.590, -172.0249
5541.894114, 84.804, -172.9523
5582.052963, 84.981, -173.9728
5622.502820, 85.122, -175.0499
5663.245793, 85.227, -176.1486
5704.284007, 85.301, -177.2402
5745.619600, 85.346, -178.3043
5787.254728, 85.365, -179.3255
5829.191562, 85.362, 179.7079
5871.432287, 85.340, 178.8054
5913.979105, 85.300, 177.9733
5956.834236, 85.247, 177.2111
5999.999912, 85.182, 176.5142
6043.478385, 85.106, 175.8763
6087.271921, 85.019, 175.2935
6131.382802, 84.922, 174.7655
6175.813330, 84.815, 174.2952
6220.565819, 84.696, 173.8898
6265.642603, 84.566, 173.5619
6311.046032, 84.427, 173.3295
6356.778473, 84.280, 173.2106
6402.842310, 84.130, 173.2172
6449.239945, 83.983, 173.3481
6495.973796, 83.844, 173.5850
6543.046300, 83.719, 173.8912
6590.459911, 83.609, 174.2216
6638.217100, 83.514, 174.5341
6686.320358, 83.433, 174.7955
6734.772191, 83.362, 174.9801
6783.575127, 83.296, 175.0663
6832.731709, 83.230, 175.0383
6882.244499, 83.157, 174.8901
6932.116080, 83.070, 174.6302
6982.349051, 82.961, 174.2826
7032.946030, 82.823, 173.8861
7083.909656, 82.650, 173.4944
7135.242586, 82.437, 173.1754
7186.947495, 82.185, 173.0109
7239.027079, 81.894, 173.0937
7291.484053, 81.571, 173.5245
7344.321152, 81.227, 174.4088
7397.541131, 80.879, 175.8552
7451.146763, 80.554, 177.9697
7505.140844, 80.286, -179.1665
7559.526189, 80.121, -175.5521
7614.305632, 80.111, -171.3490
7669.482029, 80.292, -166.9352
7725.058258, 80.670, -162.8492
7781.037214, 81.212, -159.6220
7837.421817, 81.859, -157.6111
7894.215007, 82.545, -156.9445
7951.419743, 83.212, -157.5686
8009.039008, 83.815, -159.3286
8067.075806, 84.322, -162.0276
8125.533163, 84.710, -165.4572
8184.414126, 84.963, -169.4066
8243.721764, 85.071, -173.6638
8303.459170, 85.032, -178.0162
8363.629458, 84.846, 177.7464
8424.235765, 84.521, 173.8280
8485.281250, 84.070, 170.4246
8546.769096, 83.510, 167.7222
8608.702508, 82.868, 165.8898
8671.084715, 82.176, 165.0623
8733.918969, 81.477, 165.3093
8797.208547, 80.818, 166.5936
8860.956746, 80.248, 168.7382
8925.166891, 79.802, 171.4398
8989.842330, 79.498, 174.3440
9054.986433, 79.329, 177.1348
9120.602598, 79.276, 179.5667
9186.694244, 79.308, -178.5477
9253.264817, 79.387, -177.3268
9320.317788, 79.470, -176.7883
9387.856653, 79.519, -176.8380
9455.884932, 79.504, -177.2917
9524.406173, 79.407, -177.9119
9593.423946, 79.227, -178.4380
9662.941850, 78.974, -178.6107
9732.963510, 78.676, -178.2132
9803.492576, 78.375, -177.1486
9874.532725, 78.117, -175.5010
9946.087659, 77.938, -173.5127
10018.161110, 77.850, -171.4821
10090.756835, 77.845, -169.6625
10163.878619, 77.903, -168.2126
10237.530273, 78.001, -167.1834
10311.715638, 78.123, -166.5311
10386.438580, 78.264, -166.1732
10461.702996, 78.433, -166.0725
10537.512808, 78.643, -166.2967
10613.871970, 78.894, -167.0106
10690.784461, 79.166, -168.4058
10768.254293, 79.425, -170.6130
10846.285502, 79.625, -173.6491
10924.882158, 79.726, -177.4105
11004.048358, 79.698, 178.2990
11083.788228, 79.524, 173.7224
11164.105927, 79.206, 169.0979
11245.005640, 78.757, 164.6158
11326.491587, 78.197, 160.3989
11408.568014, 77.549, 156.5064
11491.239200, 76.837, 152.9447
11574.509457, 76.087, 149.6747
11658.383123, 75.322, 146.6102
11742.864573, 74.571, 143.6151
11827.958211, 73.860, 140.5052
11913.668472, 73.215, 137.0601
11999.999825, 72.656, 133.0422
12086.956770, 72.194, 128.2260
12174.543841, 71.831, 122.4293
12262.765605, 71.554, 115.5436
12351.626659, 71.344, 107.5537
12441.131638, 71.177, 98.5461
12531.285206, 71.033, 88.7053
12622.092064, 70.890, 78.3005
12713.556946, 70.731, 67.6620
12805.684621, 70.541, 57.1473
12898.479890, 70.312, 47.1038
12991.947593, 70.045, 37.8372
13086.092601, 69.753, 29.5906
13180.919822, 69.463, 22.5231
13276.434201, 69.219, 16.6761
13372.640716, 69.069, 11.9370
13469.544383, 69.047, 8.0294
13567.150254, 69.152, 4.5739
13665.463417, 69.344, 1.2108
13764.488998, 69.558, -2.2753
13864.232160, 69.734, -5.8976
13964.698101, 69.836, -9.4979
14065.892060, 69.860, -12.8428
14167.819312, 69.836, -15.7494
14270.485171, 69.810, -18.1891
14373.894990, 69.827, -20.3246
14478.054158, 69.909, -22.4579
14582.968107, 70.046, -24.9193
14688.642305, 70.201, -27.9615
14795.082262, 70.325, -31.7070
14902.293527, 70.371, -36.1471
15010.281689, 70.295, -41.1653
15119.052378, 70.064, -46.5600
15228.611264, 69.651, -52.0527
15338.964058, 69.041, -57.2697
15450.116515, 68.228, -61.6836
15562.074428, 67.228, -64.5066
15674.843635, 66.098, -64.5535
15788.430013, 64.966, -60.3209
15902.839485, 64.039, -51.2275
16018.078016, 63.519, -40.2413
16134.151612, 63.421, -32.3989
16251.066326, 63.549, -29.3802
16368.828251, 63.665, -29.7758
16487.443528, 63.630, -31.6572
16606.918341, 63.433, -33.5070
16727.258917, 63.168, -34.4670
16848.471530, 62.981, -34.5637
16970.562500, 62.980, -34.6422
17093.538192, 63.159, -35.7266
17217.405016, 63.415, -38.3593
17342.169430, 63.631, -42.5052
17467.837939, 63.713, -47.7929
17594.417093, 63.602, -53.6876
17721.913492, 63.264, -59.5062
17850.333783, 62.706, -64.3726
17979.684660, 61.997, -67.3005
18109.972866, 61.298, -67.6760
18241.205195, 60.836, -66.1708
18373.388487, 60.764, -64.9628
18506.529634, 61.033, -66.1600
18640.635577, 61.448, -70.4106
18775.713306, 61.824, -77.2647
18911.769865, 62.054, -85.9794
19048.812345, 62.102, -95.9120
19186.847892, 61.978, -106.6138
19325.883701, 61.709, -117.8053
19465.927021, 61.332, -129.2625
19606.985152, 60.892, -140.6033
19749.065449, 60.446, -151.0435
19892.175318, 60.073, -159.3176
20036.322221, 59.858, -163.9669
