* Measurement data measured by REW V5.40 beta 55
* Source: EXCL: Headset (USB-C to 3.5mm Headphone Jack Adapter), MICROPHONE (Master Volume), 0, volume: 0.250
* Format: 256k Log Swept Sine, 1 sweep at -6.0 dBFS with no timing reference
* Dated: Jan 12, 2025 9:08:28 AM
* REW Settings:
*  C-weighting compensation: Off
*  Target level: 75.0 dB
* Note: ; 
* Measurement: Right 7
* Smoothing: 1/12 octave
* Frequency Step: 96 ppo
* Start Frequency: 20.0 Hz
*
* Freq(Hz), SPL(dB), Phase(degrees)
19.995176, 78.750, -40.8864
20.140070, 78.871, -41.7322
20.286013, 78.994, -42.6554
20.433014, 79.115, -43.6564
20.581080, 79.229, -44.7281
20.730219, 79.334, -45.8566
20.880438, 79.427, -47.0224
21.031747, 79.507, -48.2022
21.184151, 79.574, -49.3711
21.337660, 79.629, -50.5046
21.492282, 79.673, -51.5815
21.648024, 79.711, -52.5846
21.804894, 79.745, -53.5035
21.962902, 79.780, -54.3354
22.122054, 79.819, -55.0850
22.282359, 79.867, -55.7645
22.443827, 79.924, -56.3915
22.606464, 79.992, -56.9870
22.770280, 80.071, -57.5725
22.935282, 80.159, -58.1672
23.101481, 80.254, -58.7861
23.268884, 80.353, -59.4382
23.437500, 80.453, -60.1265
23.607337, 80.552, -60.8481
23.778406, 80.647, -61.5956
23.950714, 80.738, -62.3584
24.124271, 80.823, -63.1249
24.299085, 80.903, -63.8833
24.475166, 80.978, -64.6238
24.652524, 81.051, -65.3396
24.831166, 81.121, -66.0270
25.011103, 81.192, -66.6866
25.192344, 81.265, -67.3229
25.374898, 81.340, -67.9435
25.558775, 81.419, -68.5590
25.743984, 81.502, -69.1811
25.930536, 81.587, -69.8217
26.118439, 81.674, -70.4912
26.307704, 81.760, -71.1968
26.498340, 81.845, -71.9421
26.690358, 81.925, -72.7256
26.883768, 81.999, -73.5411
27.078578, 82.065, -74.3784
27.274801, 82.123, -75.2239
27.472445, 82.172, -76.0630
27.671522, 82.214, -76.8820
27.872041, 82.250, -77.6700
28.074014, 82.283, -78.4209
28.277450, 82.316, -79.1348
28.482360, 82.351, -79.8175
28.688755, 82.388, -80.4796
28.896645, 82.431, -81.1343
29.106042, 82.477, -81.7941
29.316956, 82.525, -82.4687
29.529399, 82.575, -83.1622
29.743381, 82.624, -83.8735
29.958914, 82.671, -84.5962
30.176009, 82.716, -85.3216
30.394677, 82.760, -86.0412
30.614929, 82.804, -86.7496
30.836777, 82.850, -87.4465
31.060233, 82.899, -88.1370
31.285309, 82.952, -88.8307
31.512015, 83.009, -89.5385
31.740364, 83.068, -90.2697
31.970368, 83.128, -91.0290
32.202038, 83.187, -91.8151
32.435387, 83.242, -92.6207
32.670428, 83.293, -93.4346
32.907171, 83.340, -94.2450
33.145630, 83.384, -95.0431
33.385817, 83.427, -95.8246
33.627744, 83.470, -96.5918
33.871425, 83.514, -97.3512
34.116871, 83.559, -98.1115
34.364096, 83.603, -98.8798
34.613112, 83.645, -99.6586
34.863933, 83.683, -100.4444
35.116572, 83.716, -101.2284
35.371041, 83.744, -101.9990
35.627354, 83.767, -102.7445
35.885524, 83.786, -103.4569
36.145566, 83.804, -104.1335
36.407491, 83.823, -104.7775
36.671315, 83.844, -105.3964
36.937051, 83.867, -106.0005
37.204712, 83.893, -106.5999
37.474312, 83.921, -107.2033
37.745867, 83.951, -107.8169
38.019389, 83.980, -108.4448
38.294893, 84.010, -109.0885
38.572393, 84.037, -109.7478
38.851905, 84.063, -110.4201
39.133442, 84.087, -111.1009
39.417019, 84.107, -111.7848
39.702651, 84.126, -112.4667
39.990353, 84.145, -113.1439
40.280139, 84.163, -113.8179
40.572026, 84.183, -114.4937
40.866027, 84.204, -115.1789
41.162159, 84.226, -115.8798
41.460437, 84.247, -116.5988
41.760877, 84.265, -117.3322
42.063493, 84.281, -118.0715
42.368303, 84.294, -118.8052
42.675321, 84.304, -119.5235
42.984564, 84.313, -120.2210
43.296048, 84.324, -120.8975
43.609789, 84.335, -121.5574
43.925803, 84.349, -122.2065
44.244108, 84.364, -122.8499
44.564719, 84.380, -123.4901
44.887653, 84.397, -124.1276
45.212928, 84.413, -124.7617
45.540559, 84.428, -125.3915
45.870565, 84.442, -126.0160
46.202962, 84.455, -126.6338
46.537767, 84.467, -127.2429
46.874999, 84.477, -127.8414
47.214675, 84.486, -128.4283
47.556812, 84.495, -129.0048
47.901428, 84.503, -129.5746
48.248542, 84.512, -130.1425
48.598170, 84.521, -130.7131
48.950333, 84.529, -131.2896
49.305047, 84.537, -131.8736
49.662332, 84.544, -132.4663
50.022206, 84.550, -133.0685
50.384687, 84.555, -133.6811
50.749795, 84.558, -134.3033
51.117549, 84.559, -134.9320
51.487968, 84.557, -135.5614
51.861071, 84.553, -136.1838
52.236878, 84.547, -136.7919
52.615408, 84.539, -137.3799
52.996681, 84.532, -137.9460
53.380716, 84.525, -138.4919
53.767535, 84.521, -139.0227
54.157157, 84.518, -139.5453
54.549602, 84.516, -140.0656
54.944891, 84.514, -140.5861
55.343044, 84.510, -141.1053
55.744083, 84.504, -141.6191
56.148027, 84.495, -142.1231
56.554899, 84.483, -142.6145
56.964719, 84.469, -143.0913
57.377509, 84.452, -143.5498
57.793290, 84.432, -143.9829
58.212084, 84.412, -144.3847
58.633913, 84.394, -144.7570
59.058798, 84.382, -145.1157
59.486763, 84.376, -145.4876
59.917828, 84.375, -145.8988
60.352018, 84.374, -146.3604
60.789353, 84.370, -146.8628
61.229858, 84.361, -147.3810
61.673555, 84.346, -147.8888
62.120467, 84.331, -148.3710
62.570617, 84.316, -148.8263
63.024030, 84.304, -149.2630
63.480728, 84.295, -149.6899
63.940735, 84.287, -150.1115
64.404076, 84.280, -150.5272
64.870775, 84.273, -150.9334
65.340855, 84.265, -151.3263
65.814342, 84.257, -151.7043
66.291260, 84.249, -152.0684
66.771634, 84.241, -152.4226
67.255488, 84.233, -152.7714
67.742849, 84.224, -153.1186
68.233742, 84.215, -153.4664
68.728192, 84.206, -153.8170
69.226225, 84.196, -154.1724
69.727866, 84.185, -154.5331
70.233143, 84.173, -154.8959
70.742082, 84.161, -155.2542
71.254708, 84.148, -155.6006
71.771049, 84.138, -155.9317
72.291131, 84.131, -156.2503
72.814983, 84.127, -156.5629
73.342630, 84.126, -156.8755
73.874101, 84.128, -157.1903
74.409423, 84.131, -157.5059
74.948625, 84.135, -157.8207
75.491733, 84.138, -158.1346
76.038777, 84.142, -158.4482
76.589786, 84.144, -158.7612
77.144787, 84.145, -159.0726
77.703810, 84.144, -159.3817
78.266884, 84.142, -159.6891
78.834038, 84.140, -159.9955
79.405302, 84.138, -160.3016
79.980705, 84.136, -160.6092
80.560278, 84.136, -160.9220
81.144051, 84.137, -161.2430
81.732055, 84.139, -161.5737
82.324319, 84.143, -161.9140
82.920875, 84.147, -162.2636
83.521754, 84.151, -162.6204
84.126987, 84.154, -162.9794
84.736605, 84.157, -163.3348
85.350642, 84.159, -163.6834
85.969128, 84.160, -164.0264
86.592096, 84.161, -164.3674
87.219578, 84.160, -164.7089
87.851607, 84.159, -165.0516
88.488216, 84.156, -165.3948
89.129438, 84.153, -165.7378
89.775306, 84.149, -166.0819
90.425855, 84.146, -166.4300
91.081118, 84.142, -166.7841
91.741129, 84.138, -167.1432
92.405924, 84.134, -167.5046
93.075535, 84.130, -167.8661
93.749999, 84.125, -168.2257
94.429350, 84.119, -168.5813
95.113624, 84.113, -168.9317
95.802856, 84.107, -169.2785
96.497083, 84.102, -169.6263
97.196341, 84.095, -169.9795
97.900666, 84.088, -170.3396
98.610094, 84.079, -170.7048
99.324664, 84.069, -171.0729
100.044411, 84.057, -171.4432
100.769374, 84.044, -171.8148
101.499591, 84.029, -172.1854
102.235098, 84.013, -172.5512
102.975936, 83.995, -172.9088
103.722142, 83.977, -173.2568
104.473756, 83.959, -173.5972
105.230815, 83.941, -173.9334
105.993361, 83.922, -174.2675
106.761433, 83.904, -174.5994
107.535070, 83.886, -174.9281
108.314314, 83.867, -175.2517
109.099204, 83.848, -175.5682
109.889782, 83.828, -175.8754
110.686088, 83.806, -176.1709
111.488165, 83.781, -176.4527
112.296055, 83.754, -176.7210
113.109798, 83.725, -176.9783
113.929438, 83.694, -177.2285
114.755018, 83.661, -177.4752
115.586580, 83.628, -177.7217
116.424168, 83.595, -177.9704
117.267826, 83.564, -178.2197
118.117597, 83.536, -178.4629
118.973525, 83.511, -178.6882
119.835657, 83.492, -178.8856
120.704035, 83.479, -179.0575
121.578706, 83.473, -179.2181
122.459716, 83.470, -179.3780
123.347109, 83.468, -179.5378
124.240933, 83.464, -179.6946
125.141234, 83.458, -179.8482
126.048059, 83.449, 179.9998
126.961456, 83.438, 179.8471
127.881471, 83.425, 179.6932
128.808153, 83.412, 179.5394
129.741550, 83.400, 179.3857
130.681710, 83.391, 179.2285
131.628684, 83.384, 179.0596
132.582520, 83.379, 178.8725
133.543267, 83.375, 178.6671
134.510977, 83.369, 178.4510
135.485699, 83.363, 178.2333
136.467484, 83.356, 178.0175
137.456384, 83.351, 177.8010
138.452449, 83.346, 177.5814
139.455733, 83.342, 177.3585
140.466286, 83.338, 177.1339
141.484163, 83.334, 176.9092
142.509416, 83.330, 176.6842
143.542098, 83.325, 176.4584
144.582263, 83.318, 176.2332
145.629965, 83.309, 176.0115
146.685260, 83.299, 175.7950
147.748202, 83.288, 175.5839
148.818846, 83.277, 175.3767
149.897249, 83.266, 175.1707
150.983466, 83.255, 174.9623
152.077555, 83.246, 174.7478
153.179572, 83.237, 174.5262
154.289574, 83.228, 174.2999
155.407620, 83.219, 174.0726
156.533767, 83.209, 173.8467
157.668076, 83.200, 173.6228
158.810603, 83.190, 173.4012
159.961411, 83.180, 173.1833
161.120557, 83.170, 172.9711
162.288103, 83.159, 172.7653
163.464109, 83.147, 172.5660
164.648638, 83.135, 172.3725
165.841750, 83.121, 172.1828
167.043507, 83.107, 171.9935
168.253973, 83.090, 171.8005
169.473211, 83.073, 171.5985
170.701284, 83.056, 171.3824
171.938256, 83.039, 171.1514
173.184191, 83.024, 170.9105
174.439155, 83.010, 170.6663
175.703213, 82.998, 170.4248
176.976431, 82.987, 170.1922
178.258875, 82.973, 169.9731
179.550613, 82.957, 169.7698
180.851710, 82.938, 169.5826
182.162236, 82.915, 169.4114
183.482259, 82.889, 169.2546
184.811847, 82.864, 169.1098
186.151070, 82.839, 168.9742
187.499997, 82.816, 168.8468
188.858700, 82.796, 168.7272
190.227248, 82.779, 168.6146
191.605713, 82.764, 168.5060
192.994167, 82.750, 168.3963
194.392682, 82.739, 168.2788
195.801331, 82.728, 168.1482
197.220189, 82.718, 168.0028
198.649327, 82.707, 167.8454
200.088822, 82.694, 167.6827
201.538748, 82.678, 167.5229
202.999181, 82.660, 167.3738
204.470197, 82.640, 167.2421
205.951872, 82.618, 167.1332
207.444284, 82.596, 167.0504
208.947511, 82.576, 166.9923
210.461631, 82.560, 166.9547
211.986723, 82.549, 166.9304
213.522866, 82.543, 166.9095
215.070141, 82.541, 166.8790
216.628627, 82.543, 166.8264
218.198408, 82.549, 166.7440
219.779563, 82.557, 166.6303
221.372177, 82.564, 166.4887
222.976331, 82.571, 166.3253
224.592109, 82.576, 166.1469
226.219596, 82.579, 165.9589
227.858877, 82.580, 165.7647
229.510036, 82.578, 165.5674
231.173160, 82.574, 165.3709
232.848336, 82.568, 165.1794
234.535651, 82.560, 164.9945
236.235193, 82.551, 164.8148
237.947051, 82.541, 164.6367
239.671313, 82.531, 164.4565
241.408071, 82.520, 164.2708
243.157413, 82.510, 164.0784
244.919432, 82.499, 163.8796
246.694219, 82.487, 163.6765
248.481867, 82.474, 163.4733
250.282469, 82.461, 163.2751
252.096119, 82.448, 163.0861
253.922911, 82.434, 162.9087
255.762941, 82.420, 162.7426
257.616305, 82.406, 162.5839
259.483099, 82.391, 162.4273
261.363421, 82.376, 162.2699
263.257368, 82.362, 162.1133
265.165039, 82.347, 161.9608
267.086534, 82.333, 161.8145
269.021953, 82.319, 161.6735
270.971397, 82.306, 161.5353
272.934968, 82.294, 161.3987
274.912767, 82.282, 161.2654
276.904898, 82.270, 161.1368
278.911465, 82.258, 161.0117
280.932573, 82.246, 160.8861
282.968326, 82.233, 160.7572
285.018831, 82.221, 160.6259
287.084195, 82.208, 160.4954
289.164526, 82.195, 160.3676
291.259931, 82.182, 160.2422
293.370520, 82.169, 160.1187
295.496404, 82.155, 159.9970
297.637693, 82.141, 159.8763
299.794498, 82.128, 159.7552
301.966933, 82.116, 159.6336
304.155110, 82.103, 159.5132
306.359143, 82.091, 159.3943
308.579148, 82.078, 159.2741
310.815239, 82.065, 159.1502
313.067535, 82.052, 159.0242
315.336151, 82.039, 158.9011
317.621207, 82.027, 158.7850
319.922821, 82.015, 158.6750
322.241114, 82.004, 158.5660
324.576206, 81.995, 158.4537
326.928219, 81.986, 158.3372
329.297275, 81.979, 158.2188
331.683499, 81.971, 158.1005
334.087014, 81.963, 157.9821
336.507947, 81.955, 157.8633
338.946422, 81.947, 157.7451
341.402567, 81.938, 157.6283
343.876511, 81.929, 157.5115
346.368382, 81.921, 157.3917
348.878310, 81.912, 157.2678
351.406426, 81.904, 157.1411
353.952862, 81.895, 157.0150
356.517750, 81.886, 156.8929
359.101225, 81.877, 156.7765
361.703421, 81.868, 156.6651
364.324473, 81.859, 156.5565
366.964518, 81.850, 156.4471
369.623694, 81.841, 156.3328
372.302140, 81.831, 156.2126
374.999995, 81.822, 156.0894
377.717399, 81.812, 155.9675
380.454495, 81.801, 155.8500
383.211425, 81.791, 155.7355
385.988333, 81.780, 155.6203
388.785364, 81.768, 155.5012
391.602663, 81.757, 155.3786
394.440377, 81.746, 155.2560
397.298655, 81.736, 155.1367
400.177644, 81.726, 155.0210
403.077497, 81.717, 154.9084
405.998362, 81.709, 154.7982
408.940394, 81.701, 154.6901
411.903744, 81.694, 154.5835
414.888569, 81.687, 154.4764
417.895022, 81.681, 154.3655
420.923262, 81.673, 154.2474
423.973445, 81.664, 154.1211
427.045732, 81.654, 153.9894
430.140281, 81.643, 153.8572
433.257255, 81.631, 153.7288
436.396816, 81.619, 153.6060
439.559127, 81.607, 153.4887
442.744354, 81.595, 153.3751
445.952662, 81.583, 153.2625
449.184218, 81.571, 153.1497
452.439192, 81.559, 153.0385
455.717753, 81.548, 152.9319
459.020072, 81.537, 152.8323
462.346321, 81.527, 152.7380
465.696673, 81.516, 152.6446
469.071303, 81.506, 152.5488
472.470387, 81.497, 152.4500
475.894102, 81.487, 152.3498
479.342627, 81.478, 152.2491
482.816141, 81.470, 152.1472
486.314826, 81.462, 152.0419
489.838864, 81.455, 151.9315
493.388438, 81.447, 151.8167
496.963734, 81.439, 151.6995
500.564938, 81.430, 151.5815
504.192238, 81.420, 151.4626
507.845823, 81.409, 151.3441
511.525883, 81.397, 151.2281
515.232610, 81.385, 151.1165
518.966198, 81.373, 151.0081
522.726841, 81.361, 150.9002
526.514735, 81.350, 150.7904
530.330078, 81.339, 150.6782
534.173068, 81.328, 150.5644
538.043907, 81.317, 150.4508
541.942795, 81.306, 150.3387
545.869936, 81.294, 150.2270
549.825534, 81.281, 150.1132
553.809797, 81.267, 149.9955
557.822931, 81.251, 149.8745
561.865146, 81.235, 149.7536
565.936652, 81.218, 149.6373
570.037662, 81.200, 149.5306
574.168390, 81.181, 149.4373
578.329051, 81.160, 149.3577
582.519862, 81.138, 149.2892
586.741041, 81.114, 149.2288
590.992808, 81.090, 149.1761
595.275386, 81.066, 149.1330
599.588997, 81.043, 149.1043
603.933866, 81.021, 149.0942
608.310219, 81.001, 149.1028
612.718286, 80.982, 149.1267
617.158295, 80.966, 149.1619
621.630479, 80.953, 149.2051
626.135069, 80.942, 149.2555
630.672302, 80.933, 149.3126
635.242414, 80.925, 149.3755
639.845642, 80.920, 149.4414
644.482227, 80.916, 149.5077
649.152411, 80.914, 149.5726
653.856437, 80.914, 149.6362
658.594551, 80.917, 149.6992
663.366998, 80.921, 149.7616
668.174029, 80.928, 149.8221
673.015893, 80.937, 149.8777
677.892844, 80.949, 149.9229
682.805135, 80.962, 149.9515
687.753022, 80.978, 149.9586
692.736764, 80.995, 149.9426
697.756620, 81.012, 149.9046
702.812853, 81.028, 149.8481
707.905724, 81.045, 149.7796
713.035501, 81.061, 149.7065
718.202450, 81.076, 149.6328
723.406841, 81.092, 149.5572
728.648945, 81.108, 149.4751
733.929036, 81.123, 149.3823
739.247388, 81.138, 149.2769
744.604279, 81.152, 149.1605
749.999989, 81.164, 149.0366
755.434798, 81.174, 148.9098
760.908990, 81.183, 148.7826
766.422850, 81.191, 148.6542
771.976666, 81.198, 148.5239
777.570727, 81.204, 148.3909
783.205325, 81.209, 148.2541
788.880754, 81.214, 148.1121
794.597309, 81.218, 147.9655
800.355289, 81.222, 147.8180
806.154993, 81.225, 147.6743
811.996725, 81.227, 147.5374
817.880788, 81.229, 147.4067
823.807489, 81.231, 147.2792
829.777138, 81.232, 147.1526
835.790045, 81.233, 147.0257
841.846524, 81.234, 146.8983
847.946891, 81.235, 146.7704
854.091464, 81.237, 146.6422
860.280562, 81.238, 146.5131
866.514510, 81.240, 146.3825
872.793631, 81.242, 146.2502
879.118254, 81.243, 146.1168
885.488707, 81.244, 145.9834
891.905323, 81.243, 145.8508
898.368437, 81.243, 145.7185
904.878385, 81.242, 145.5858
911.435507, 81.241, 145.4528
918.040144, 81.239, 145.3211
924.692641, 81.237, 145.1933
931.393345, 81.235, 145.0726
938.142606, 81.232, 144.9612
944.940774, 81.229, 144.8591
951.788204, 81.226, 144.7648
958.685254, 81.224, 144.6750
965.632282, 81.223, 144.5862
972.629652, 81.222, 144.4953
979.677727, 81.223, 144.4009
986.776876, 81.224, 144.3015
993.927468, 81.226, 144.1957
1001.129876, 81.229, 144.0823
1008.384476, 81.231, 143.9614
1015.691645, 81.233, 143.8340
1023.051766, 81.235, 143.7000
1030.465221, 81.237, 143.5567
1037.932396, 81.237, 143.4006
1045.453682, 81.236, 143.2313
1053.029471, 81.231, 143.0535
1060.660156, 81.222, 142.8770
1068.346137, 81.208, 142.7159
1076.087813, 81.192, 142.5850
1083.885589, 81.174, 142.4922
1091.739871, 81.158, 142.4327
1099.651068, 81.144, 142.3964
1107.619593, 81.131, 142.3829
1115.645861, 81.120, 142.3992
1123.730291, 81.115, 142.4437
1131.873304, 81.116, 142.4996
1140.075325, 81.125, 142.5412
1148.336780, 81.140, 142.5450
1156.658102, 81.157, 142.4995
1165.039724, 81.173, 142.4079
1173.482082, 81.187, 142.2833
1181.985617, 81.196, 142.1400
1190.550772, 81.203, 141.9887
1199.177993, 81.207, 141.8369
1207.867731, 81.210, 141.6902
1216.620439, 81.213, 141.5505
1225.436572, 81.216, 141.4152
1234.316591, 81.219, 141.2789
1243.260957, 81.221, 141.1382
1252.270139, 81.223, 140.9920
1261.344604, 81.222, 140.8406
1270.484827, 81.220, 140.6868
1279.691284, 81.214, 140.5371
1288.964455, 81.206, 140.3988
1298.304823, 81.196, 140.2762
1307.712874, 81.184, 140.1691
1317.189101, 81.172, 140.0746
1326.733996, 81.160, 139.9915
1336.348058, 81.148, 139.9190
1346.031787, 81.137, 139.8562
1355.785688, 81.127, 139.8008
1365.610270, 81.120, 139.7486
1375.506045, 81.114, 139.6937
1385.473529, 81.110, 139.6298
1395.513241, 81.108, 139.5501
1405.625705, 81.104, 139.4520
1415.811448, 81.098, 139.3413
1426.071002, 81.088, 139.2297
1436.404900, 81.076, 139.1276
1446.813682, 81.061, 139.0404
1457.297890, 81.044, 138.9691
1467.858072, 81.026, 138.9131
1478.494776, 81.008, 138.8727
1489.208559, 80.988, 138.8503
1499.999978, 80.969, 138.8493
1510.869596, 80.950, 138.8698
1521.817980, 80.934, 138.9055
1532.845701, 80.920, 138.9481
1543.953332, 80.908, 138.9922
1555.141455, 80.898, 139.0357
1566.410651, 80.888, 139.0767
1577.761508, 80.880, 139.1140
1589.194618, 80.872, 139.1482
1600.710578, 80.865, 139.1840
1612.309986, 80.860, 139.2286
1623.993449, 80.859, 139.2895
1635.761575, 80.863, 139.3733
1647.614978, 80.877, 139.4858
1659.554275, 80.902, 139.6293
1671.580089, 80.936, 139.8019
1683.693048, 80.978, 139.9998
1695.893782, 81.023, 140.2170
1708.182927, 81.066, 140.4465
1720.561125, 81.104, 140.6835
1733.029020, 81.132, 140.9257
1745.587263, 81.150, 141.1717
1758.236508, 81.158, 141.4206
1770.977414, 81.157, 141.6732
1783.810646, 81.150, 141.9298
1796.736874, 81.141, 142.1880
1809.756770, 81.132, 142.4430
1822.871013, 81.127, 142.6909
1836.080288, 81.126, 142.9286
1849.385283, 81.130, 143.1519
1862.786691, 81.138, 143.3552
1876.285211, 81.149, 143.5337
1889.881547, 81.162, 143.6827
1903.576408, 81.175, 143.7972
1917.370507, 81.186, 143.8745
1931.264564, 81.194, 143.9153
1945.259304, 81.198, 143.9246
1959.355454, 81.197, 143.9101
1973.553752, 81.191, 143.8815
1987.854936, 81.182, 143.8492
2002.259752, 81.168, 143.8203
2016.768952, 81.152, 143.7967
2031.383291, 81.133, 143.7790
2046.103531, 81.111, 143.7704
2060.930441, 81.086, 143.7757
2075.864793, 81.058, 143.7992
2090.907365, 81.030, 143.8411
2106.058941, 81.003, 143.8943
2121.320313, 80.978, 143.9444
2136.692274, 80.955, 143.9758
2152.175627, 80.931, 143.9808
2167.771179, 80.905, 143.9625
2183.479742, 80.875, 143.9323
2199.302137, 80.841, 143.9076
2215.239187, 80.804, 143.9023
2231.291723, 80.767, 143.9192
2247.460582, 80.731, 143.9490
2263.746608, 80.698, 143.9789
2280.150649, 80.668, 143.9998
2296.673561, 80.641, 144.0095
2313.316204, 80.617, 144.0096
2330.079447, 80.597, 144.0022
2346.964163, 80.582, 143.9879
2363.971233, 80.571, 143.9691
2381.101543, 80.564, 143.9518
2398.355986, 80.562, 143.9439
2415.735463, 80.563, 143.9504
2433.240878, 80.568, 143.9706
2450.873144, 80.577, 143.9992
2468.633181, 80.590, 144.0295
2486.521915, 80.604, 144.0547
2504.540278, 80.621, 144.0703
2522.689209, 80.638, 144.0760
2540.969655, 80.657, 144.0752
2559.382568, 80.679, 144.0714
2577.928909, 80.705, 144.0670
2596.609645, 80.737, 144.0639
2615.425749, 80.777, 144.0611
2634.378202, 80.826, 144.0551
2653.467992, 80.885, 144.0419
2672.696115, 80.955, 144.0181
2692.063573, 81.034, 143.9819
2711.571376, 81.122, 143.9327
2731.220539, 81.218, 143.8689
2751.012089, 81.321, 143.7864
2770.947057, 81.429, 143.6795
2791.026482, 81.539, 143.5417
2811.251410, 81.647, 143.3683
2831.622897, 81.751, 143.1615
2852.142003, 81.845, 142.9327
2872.809800, 81.928, 142.7000
2893.627364, 82.000, 142.4808
2914.595781, 82.061, 142.2847
2935.716143, 82.112, 142.1104
2956.989553, 82.153, 141.9504
2978.417118, 82.183, 141.7990
2999.999956, 82.202, 141.6588
3021.739192, 82.208, 141.5392
3043.635960, 82.202, 141.4508
3065.691401, 82.187, 141.4033
3087.906665, 82.166, 141.4014
3110.282909, 82.142, 141.4433
3132.821301, 82.118, 141.5197
3155.523016, 82.095, 141.6140
3178.389237, 82.076, 141.7084
3201.421155, 82.058, 141.7895
3224.619973, 82.042, 141.8520
3247.986898, 82.024, 141.8969
3271.523150, 82.006, 141.9263
3295.229956, 81.986, 141.9402
3319.108550, 81.964, 141.9366
3343.160179, 81.940, 141.9118
3367.386096, 81.911, 141.8633
3391.787563, 81.875, 141.7953
3416.365854, 81.830, 141.7238
3441.122250, 81.773, 141.6750
3466.058040, 81.707, 141.6760
3491.174525, 81.632, 141.7476
3516.473015, 81.553, 141.9016
3541.954828, 81.473, 142.1402
3567.621293, 81.394, 142.4568
3593.473747, 81.321, 142.8392
3619.513539, 81.254, 143.2706
3645.742027, 81.197, 143.7316
3672.160576, 81.149, 144.2014
3698.770566, 81.112, 144.6538
3725.573382, 81.086, 145.0552
3752.570422, 81.069, 145.3718
3779.763094, 81.056, 145.5806
3807.152816, 81.042, 145.6795
3834.741015, 81.023, 145.6866
3862.529129, 80.995, 145.6343
3890.518607, 80.959, 145.5588
3918.710909, 80.915, 145.4916
3947.107503, 80.868, 145.4552
3975.709871, 80.820, 145.4641
4004.519504, 80.775, 145.5261
4033.537903, 80.735, 145.6431
4062.766581, 80.703, 145.8110
4092.207063, 80.678, 146.0226
4121.860882, 80.660, 146.2712
4151.729585, 80.649, 146.5530
4181.814729, 80.644, 146.8658
4212.117883, 80.642, 147.2071
4242.640625, 80.644, 147.5739
4273.384548, 80.646, 147.9625
4304.351254, 80.649, 148.3698
4335.542358, 80.650, 148.7957
4366.959485, 80.650, 149.2415
4398.604273, 80.648, 149.7068
4430.478373, 80.646, 150.1882
4462.583446, 80.644, 150.6824
4494.921165, 80.643, 151.1888
4527.493217, 80.643, 151.7115
4560.301299, 80.647, 152.2565
4593.347122, 80.657, 152.8274
4626.632409, 80.676, 153.4210
4660.158894, 80.705, 154.0279
4693.928327, 80.747, 154.6384
4727.942466, 80.801, 155.2477
4762.203086, 80.869, 155.8559
4796.711973, 80.951, 156.4628
4831.470925, 81.049, 157.0654
4866.481755, 81.163, 157.6591
4901.746288, 81.294, 158.2419
4937.266362, 81.441, 158.8154
4973.043830, 81.606, 159.3796
5009.080555, 81.791, 159.9261
5045.378418, 81.995, 160.4360
5081.939310, 82.220, 160.8807
5118.765137, 82.462, 161.2297
5155.857819, 82.719, 161.4550
5193.219290, 82.986, 161.5311
5230.851498, 83.258, 161.4344
5268.756404, 83.529, 161.1477
5306.935985, 83.792, 160.6640
5345.392231, 84.043, 159.9830
5384.127146, 84.276, 159.1046
5423.142751, 84.485, 158.0284
5462.441079, 84.664, 156.7601
5502.024179, 84.809, 155.3155
5541.894114, 84.915, 153.7176
5582.052963, 84.980, 151.9912
5622.502820, 85.000, 150.1625
5663.245793, 84.974, 148.2628
5704.284007, 84.900, 146.3302
5745.619600, 84.777, 144.4092
5787.254728, 84.606, 142.5502
5829.191562, 84.391, 140.8071
5871.432287, 84.136, 139.2296
5913.979105, 83.851, 137.8513
5956.834236, 83.546, 136.6783
5999.999912, 83.235, 135.6831
6043.478385, 82.927, 134.8025
6087.271921, 82.630, 133.9406
6131.382802, 82.344, 132.9833
6175.813330, 82.063, 131.8221
6220.565819, 81.774, 130.3752
6265.642603, 81.462, 128.5919
6311.046032, 81.108, 126.4461
6356.778473, 80.697, 123.9303
6402.842310, 80.212, 121.0436
6449.239945, 79.639, 117.7797
6495.973796, 78.966, 114.1160
6543.046300, 78.182, 110.0049
6590.459911, 77.285, 105.3482
6638.217100, 76.294, 99.9241
6686.320358, 75.267, 93.1506
6734.772191, 74.340, 82.9923
6783.575127, 73.736, 56.3434
6832.731709, 73.674, -47.4681
6882.244499, 74.182, -78.9796
6932.116080, 75.066, -89.8104
6982.349051, 76.095, -96.7889
7032.946030, 77.116, -102.2733
7083.909656, 78.067, -106.9027
7135.242586, 78.931, -110.9274
7186.947495, 79.716, -114.4861
7239.027079, 80.439, -117.6882
7291.484053, 81.117, -120.6415
7344.321152, 81.762, -123.4584
7397.541131, 82.384, -126.2536
7451.146763, 82.986, -129.1381
7505.140844, 83.564, -132.2104
7559.526189, 84.110, -135.5497
7614.305632, 84.614, -139.2089
7669.482029, 85.059, -143.2104
7725.058258, 85.431, -147.5406
7781.037214, 85.713, -152.1486
7837.421817, 85.895, -156.9482
7894.215007, 85.967, -161.8267
7951.419743, 85.928, -166.6571
8009.039008, 85.782, -171.3156
8067.075806, 85.539, -175.6978
8125.533163, 85.213, -179.7310
8184.414126, 84.819, 176.6213
8243.721764, 84.367, 173.3665
8303.459170, 83.868, 170.4980
8363.629458, 83.325, 168.0150
8424.235765, 82.741, 165.9338
8485.281250, 82.115, 164.2967
8546.769096, 81.446, 163.1897
8608.702508, 80.735, 162.7645
8671.084715, 79.994, 163.2383
8733.918969, 79.251, 164.8391
8797.208547, 78.558, 167.6908
8860.956746, 77.981, 171.6861
8925.166891, 77.581, 176.4486
8989.842330, 77.396, -178.5756
9054.986433, 77.425, -173.9762
9120.602598, 77.630, -170.2494
9186.694244, 77.951, -167.7041
9253.264817, 78.315, -166.4365
9320.317788, 78.653, -166.3590
9387.856653, 78.911, -167.2371
9455.884932, 79.049, -168.7230
9524.406173, 79.053, -170.4016
9593.423946, 78.941, -171.8624
9662.941850, 78.755, -172.8092
9732.963510, 78.561, -173.1872
9803.492576, 78.416, -173.2406
9874.532725, 78.338, -173.3980
9946.087659, 78.303, -174.0331
10018.161110, 78.257, -175.2936
10090.756835, 78.145, -177.0913
10163.878619, 77.923, -179.1667
10237.530273, 77.567, 178.8557
10311.715638, 77.079, 177.4118
10386.438580, 76.494, 176.9058
10461.702996, 75.875, 177.5815
10537.512808, 75.309, 179.3854
10613.871970, 74.877, -178.1135
10690.784461, 74.621, -175.6271
10768.254293, 74.521, -173.8538
10846.285502, 74.505, -173.1917
10924.882158, 74.485, -173.6582
11004.048358, 74.385, -174.9846
11083.788228, 74.160, -176.7552
11164.105927, 73.796, -178.5256
11245.005640, 73.310, -179.9198
11326.491587, 72.745, 179.2853
11408.568014, 72.157, 179.0969
11491.239200, 71.605, 179.2969
11574.509457, 71.134, 179.5058
11658.383123, 70.762, 179.3048
11742.864573, 70.483, 178.3493
11827.958211, 70.275, 176.4139
11913.668472, 70.111, 173.3748
11999.999825, 69.965, 169.1687
12086.956770, 69.817, 163.7635
12174.543841, 69.655, 157.1461
12262.765605, 69.475, 149.3217
12351.626659, 69.281, 140.3218
12441.131638, 69.086, 130.2189
12531.285206, 68.907, 119.1535
12622.092064, 68.759, 107.3633
12713.556946, 68.648, 95.1918
12805.684621, 68.566, 83.0548
12898.479890, 68.494, 71.3809
12991.947593, 68.409, 60.5587
13086.092601, 68.297, 50.9181
13180.919822, 68.165, 42.7274
13276.434201, 68.055, 36.1634
13372.640716, 68.038, 31.2281
13469.544383, 68.189, 27.6463
13567.150254, 68.536, 24.8628
13665.463417, 69.038, 22.2202
13764.488998, 69.606, 19.2267
13864.232160, 70.151, 15.7078
13964.698101, 70.613, 11.7659
14065.892060, 70.971, 7.6400
14167.819312, 71.231, 3.5733
14270.485171, 71.419, -0.2667
14373.894990, 71.566, -3.8179
14478.054158, 71.699, -7.1194
14582.968107, 71.837, -10.2862
14688.642305, 71.983, -13.4644
14795.082262, 72.127, -16.7840
14902.293527, 72.256, -20.3273
15010.281689, 72.354, -24.1228
15119.052378, 72.409, -28.1583
15228.611264, 72.413, -32.3989
15338.964058, 72.367, -36.8052
15450.116515, 72.272, -41.3483
15562.074428, 72.135, -46.0165
15674.843635, 71.960, -50.8172
15788.430013, 71.758, -55.7799
15902.839485, 71.533, -60.9651
16018.078016, 71.288, -66.4622
16134.151612, 71.010, -72.3597
16251.066326, 70.675, -78.7017
16368.828251, 70.248, -85.4473
16487.443528, 69.693, -92.4510
16606.918341, 68.981, -99.4727
16727.258917, 68.100, -106.2204
16848.471530, 67.063, -112.4277
16970.562500, 65.908, -117.9670
17093.538192, 64.705, -122.9797
17217.405016, 63.537, -127.9368
17342.169430, 62.464, -133.5027
17467.837939, 61.485, -140.2407
17594.417093, 60.532, -148.4004
17721.913492, 59.514, -157.9641
17850.333783, 58.367, -168.9043
17979.684660, 57.076, 178.3525
18109.972866, 55.684, 161.5957
18241.205195, 54.307, 129.2898
18373.388487, 53.136, 48.5337
18506.529634, 52.394, 4.2959
18640.635577, 52.196, -14.2998
18775.713306, 52.439, -27.3583
18911.769865, 52.898, -38.8932
19048.812345, 53.379, -50.0409
19186.847892, 53.781, -61.0845
19325.883701, 54.075, -71.9656
19465.927021, 54.266, -82.4824
19606.985152, 54.380, -92.3253
19749.065449, 54.447, -100.9692
19892.175318, 54.486, -107.5957
20036.322221, 54.504, -111.2554
