* Measurement data measured by REW V5.40 beta 55
* Source: EXCL: Headset (USB-C to 3.5mm Headphone Jack Adapter), MICROPHONE (Master Volume), 0, volume: 0.260
* Format: 256k Log Swept Sine, 1 sweep at -6.0 dBFS with no timing reference
* Dated: Jan 12, 2025 9:44:12 PM
* REW Settings:
*  C-weighting compensation: Off
*  Target level: 75.0 dB
* Note: ; 
* Measurement: L12
* Smoothing: 1/12 octave
* Frequency Step: 96 ppo
* Start Frequency: 20.0 Hz
*
* Freq(Hz), SPL(dB), Phase(degrees)
20.033247, 73.479, -42.8499
20.178416, 73.574, -43.7935
20.324637, 73.667, -44.7537
20.471918, 73.758, -45.7292
20.620266, 73.846, -46.7165
20.769689, 73.929, -47.7092
20.920195, 74.007, -48.6981
21.071791, 74.078, -49.6711
21.224486, 74.142, -50.6143
21.378287, 74.200, -51.5130
21.533203, 74.253, -52.3535
21.689242, 74.303, -53.1246
21.846411, 74.354, -53.8203
22.004719, 74.407, -54.4404
22.164174, 74.466, -54.9917
22.324785, 74.534, -55.4877
22.486559, 74.610, -55.9472
22.649506, 74.697, -56.3919
22.813634, 74.791, -56.8433
22.978951, 74.892, -57.3196
23.145466, 74.995, -57.8329
23.313188, 75.098, -58.3876
23.482124, 75.196, -58.9806
23.652286, 75.287, -59.6013
23.823680, 75.370, -60.2347
23.996316, 75.443, -60.8636
24.170203, 75.508, -61.4716
24.345351, 75.566, -62.0466
24.521767, 75.619, -62.5825
24.699462, 75.671, -63.0804
24.878444, 75.724, -63.5487
25.058724, 75.779, -64.0011
25.240310, 75.835, -64.4535
25.423211, 75.893, -64.9204
25.607438, 75.950, -65.4116
25.793000, 76.004, -65.9296
25.979907, 76.052, -66.4691
26.168168, 76.093, -67.0175
26.357794, 76.127, -67.5581
26.548793, 76.156, -68.0741
26.741176, 76.182, -68.5527
26.934954, 76.210, -68.9893
27.130136, 76.243, -69.3901
27.326732, 76.285, -69.7723
27.524753, 76.338, -70.1617
27.724208, 76.403, -70.5870
27.925110, 76.476, -71.0743
28.127466, 76.555, -71.6400
28.331290, 76.633, -72.2875
28.536590, 76.708, -73.0054
28.743378, 76.774, -73.7702
28.951664, 76.832, -74.5509
29.161460, 76.883, -75.3155
29.372776, 76.929, -76.0380
29.585623, 76.977, -76.7045
29.800013, 77.030, -77.3162
30.015956, 77.094, -77.8895
30.233464, 77.170, -78.4511
30.452548, 77.257, -79.0302
30.673220, 77.352, -79.6498
30.895490, 77.450, -80.3200
31.119372, 77.546, -81.0348
31.344876, 77.636, -81.7747
31.572014, 77.718, -82.5127
31.800797, 77.794, -83.2225
32.031239, 77.866, -83.8877
32.263351, 77.939, -84.5067
32.497144, 78.016, -85.0939
32.732632, 78.097, -85.6750
32.969826, 78.180, -86.2766
33.208739, 78.260, -86.9153
33.449383, 78.331, -87.5895
33.691771, 78.388, -88.2766
33.935916, 78.427, -88.9370
34.181829, 78.451, -89.5250
34.429525, 78.466, -90.0030
34.679015, 78.478, -90.3558
34.930314, 78.499, -90.5989
35.183433, 78.535, -90.7783
35.438387, 78.587, -90.9578
35.695188, 78.653, -91.1988
35.953850, 78.725, -91.5414
36.214387, 78.792, -91.9917
36.476811, 78.847, -92.5221
36.741137, 78.885, -93.0838
37.007378, 78.910, -93.6241
37.275549, 78.928, -94.1056
37.545663, 78.946, -94.5193
37.817734, 78.973, -94.8876
38.091777, 79.012, -95.2549
38.367806, 79.063, -95.6690
38.645835, 79.118, -96.1624
38.925879, 79.171, -96.7396
39.207952, 79.216, -97.3776
39.492069, 79.249, -98.0358
39.778244, 79.273, -98.6718
40.066494, 79.292, -99.2559
40.356832, 79.312, -99.7804
40.649275, 79.339, -100.2590
40.943836, 79.373, -100.7186
41.240532, 79.414, -101.1861
41.539378, 79.460, -101.6785
41.840389, 79.505, -102.1981
42.143582, 79.548, -102.7347
42.448972, 79.587, -103.2729
42.756574, 79.622, -103.7988
43.066406, 79.655, -104.3052
43.378483, 79.688, -104.7916
43.692822, 79.719, -105.2612
44.009438, 79.751, -105.7171
44.328348, 79.781, -106.1594
44.649570, 79.811, -106.5851
44.973119, 79.841, -106.9910
45.299013, 79.873, -107.3766
45.627268, 79.909, -107.7476
45.957902, 79.949, -108.1162
46.290932, 79.994, -108.4991
46.626375, 80.043, -108.9131
46.964249, 80.094, -109.3705
47.304571, 80.144, -109.8748
47.647360, 80.189, -110.4192
47.992632, 80.228, -110.9883
48.340407, 80.259, -111.5615
48.690701, 80.284, -112.1183
49.043534, 80.303, -112.6428
49.398924, 80.320, -113.1265
49.756889, 80.338, -113.5701
50.117447, 80.359, -113.9824
50.480619, 80.384, -114.3781
50.846423, 80.413, -114.7744
51.214877, 80.445, -115.1879
51.586001, 80.479, -115.6301
51.959814, 80.511, -116.1044
52.336336, 80.539, -116.6053
52.715587, 80.561, -117.1200
53.097586, 80.578, -117.6327
53.482353, 80.591, -118.1302
53.869908, 80.602, -118.6053
54.260272, 80.613, -119.0582
54.653464, 80.626, -119.4949
55.049506, 80.643, -119.9246
55.448417, 80.665, -120.3572
55.850219, 80.690, -120.8006
56.254933, 80.718, -121.2585
56.662579, 80.748, -121.7311
57.073180, 80.780, -122.2164
57.486755, 80.813, -122.7144
57.903328, 80.848, -123.2283
58.322919, 80.880, -123.7610
58.745551, 80.908, -124.3066
59.171246, 80.929, -124.8453
59.600025, 80.941, -125.3455
60.031911, 80.948, -125.7781
60.466927, 80.954, -126.1322
60.905096, 80.964, -126.4233
61.346439, 80.981, -126.6848
61.790981, 81.003, -126.9495
62.238744, 81.026, -127.2355
62.689751, 81.047, -127.5427
63.144027, 81.064, -127.8613
63.601595, 81.077, -128.1821
64.062478, 81.088, -128.5009
64.526701, 81.097, -128.8193
64.994288, 81.106, -129.1428
65.465264, 81.115, -129.4788
65.939652, 81.124, -129.8329
66.417478, 81.132, -130.2061
66.898766, 81.138, -130.5920
67.383542, 81.142, -130.9802
67.871831, 81.145, -131.3597
68.363659, 81.147, -131.7238
68.859050, 81.151, -132.0704
69.358031, 81.157, -132.4019
69.860628, 81.166, -132.7227
70.366867, 81.176, -133.0381
70.876774, 81.187, -133.3524
71.390376, 81.199, -133.6675
71.907700, 81.211, -133.9827
72.428773, 81.221, -134.2980
72.953622, 81.230, -134.6149
73.482274, 81.238, -134.9355
74.014757, 81.244, -135.2595
74.551098, 81.248, -135.5817
75.091326, 81.251, -135.8962
75.635469, 81.255, -136.2009
76.183555, 81.260, -136.4993
76.735612, 81.267, -136.7974
77.291670, 81.277, -137.0989
77.851757, 81.288, -137.4041
78.415903, 81.301, -137.7114
78.984137, 81.315, -138.0195
79.556489, 81.330, -138.3281
80.132988, 81.344, -138.6365
80.713665, 81.357, -138.9443
81.298549, 81.368, -139.2501
81.887672, 81.377, -139.5516
82.481064, 81.382, -139.8458
83.078756, 81.386, -140.1313
83.680778, 81.388, -140.4093
84.287164, 81.389, -140.6846
84.897943, 81.391, -140.9631
85.513149, 81.394, -141.2498
86.132812, 81.398, -141.5459
86.756966, 81.402, -141.8491
87.385643, 81.407, -142.1541
88.018875, 81.413, -142.4523
88.656696, 81.419, -142.7344
89.299139, 81.427, -142.9924
89.946238, 81.437, -143.2249
90.598025, 81.450, -143.4377
91.254536, 81.465, -143.6406
91.915804, 81.480, -143.8411
92.581864, 81.495, -144.0410
93.252750, 81.507, -144.2378
93.928498, 81.518, -144.4279
94.609143, 81.529, -144.6106
95.294719, 81.539, -144.7898
95.985264, 81.551, -144.9712
96.680813, 81.563, -145.1577
97.381402, 81.576, -145.3486
98.087068, 81.589, -145.5406
98.797847, 81.602, -145.7291
99.513777, 81.616, -145.9117
100.234895, 81.630, -146.0891
100.961238, 81.644, -146.2623
101.692845, 81.658, -146.4329
102.429753, 81.673, -146.6035
103.172002, 81.687, -146.7791
103.919628, 81.701, -146.9630
104.672673, 81.716, -147.1570
105.431174, 81.730, -147.3615
106.195172, 81.744, -147.5748
106.964706, 81.759, -147.7938
107.739816, 81.773, -148.0154
108.520543, 81.789, -148.2388
109.306928, 81.804, -148.4645
110.099011, 81.820, -148.6917
110.896834, 81.836, -148.9181
111.700438, 81.852, -149.1416
112.509866, 81.868, -149.3607
113.325158, 81.885, -149.5732
114.146359, 81.902, -149.7761
114.973511, 81.919, -149.9655
115.806656, 81.937, -150.1392
116.645839, 81.955, -150.2981
117.491103, 81.974, -150.4479
118.342492, 81.994, -150.5997
119.200050, 82.014, -150.7695
120.063823, 82.033, -150.9707
120.933855, 82.048, -151.2039
121.810191, 82.059, -151.4570
122.692878, 82.068, -151.7178
123.581962, 82.076, -151.9785
124.477487, 82.086, -152.2350
125.379503, 82.098, -152.4856
126.288054, 82.112, -152.7280
127.203189, 82.127, -152.9600
128.124956, 82.142, -153.1796
129.053402, 82.157, -153.3875
129.988577, 82.171, -153.5863
130.930527, 82.186, -153.7815
131.879304, 82.201, -153.9792
132.834956, 82.217, -154.1837
133.797533, 82.233, -154.3950
134.767085, 82.251, -154.6113
135.743663, 82.269, -154.8298
136.727317, 82.286, -155.0465
137.718100, 82.304, -155.2584
138.716062, 82.320, -155.4656
139.721255, 82.336, -155.6721
140.733733, 82.352, -155.8845
141.753548, 82.368, -156.1089
142.780753, 82.384, -156.3484
143.815401, 82.401, -156.6025
144.857546, 82.418, -156.8672
145.907244, 82.437, -157.1362
146.964548, 82.457, -157.4034
148.029514, 82.478, -157.6667
149.102197, 82.499, -157.9277
150.182652, 82.520, -158.1879
151.270938, 82.539, -158.4470
152.367109, 82.557, -158.7051
153.471224, 82.574, -158.9653
154.583340, 82.590, -159.2327
155.703515, 82.604, -159.5100
156.831807, 82.617, -159.7961
157.968274, 82.629, -160.0869
159.112978, 82.640, -160.3790
160.265976, 82.650, -160.6709
161.427329, 82.659, -160.9609
162.597098, 82.667, -161.2480
163.775344, 82.674, -161.5315
164.962128, 82.681, -161.8123
166.157511, 82.687, -162.0901
167.361557, 82.693, -162.3639
168.574328, 82.699, -162.6321
169.795887, 82.705, -162.8936
171.026298, 82.713, -163.1489
172.265625, 82.723, -163.3995
173.513933, 82.733, -163.6472
174.771286, 82.744, -163.8938
176.037751, 82.755, -164.1421
177.313393, 82.766, -164.3948
178.598279, 82.775, -164.6533
179.892476, 82.783, -164.9177
181.196051, 82.791, -165.1875
182.509072, 82.797, -165.4611
183.831608, 82.803, -165.7368
185.163728, 82.808, -166.0146
186.505500, 82.812, -166.2966
187.856996, 82.814, -166.5845
189.218285, 82.816, -166.8799
190.589439, 82.818, -167.1835
191.970529, 82.821, -167.4956
193.361626, 82.823, -167.8170
194.762804, 82.826, -168.1467
196.174136, 82.827, -168.4818
197.595694, 82.828, -168.8184
199.027554, 82.828, -169.1525
200.469790, 82.828, -169.4817
201.922477, 82.828, -169.8030
203.385690, 82.828, -170.1145
204.859507, 82.828, -170.4182
206.344003, 82.827, -170.7188
207.839257, 82.825, -171.0201
209.345346, 82.821, -171.3240
210.862348, 82.816, -171.6292
212.390344, 82.810, -171.9340
213.929412, 82.803, -172.2373
215.479633, 82.795, -172.5396
217.041087, 82.785, -172.8411
218.613856, 82.776, -173.1418
220.198022, 82.765, -173.4406
221.793668, 82.754, -173.7358
223.400876, 82.744, -174.0284
225.019731, 82.734, -174.3199
226.650317, 82.723, -174.6110
228.292718, 82.712, -174.8999
229.947022, 82.701, -175.1843
231.613312, 82.689, -175.4636
233.291678, 82.675, -175.7400
234.982206, 82.661, -176.0178
236.684984, 82.646, -176.3020
238.400101, 82.631, -176.5957
240.127646, 82.616, -176.8962
241.867710, 82.602, -177.1970
243.620383, 82.588, -177.4927
245.385757, 82.573, -177.7827
247.163923, 82.556, -178.0730
248.954975, 82.536, -178.3719
250.759005, 82.515, -178.6825
252.576108, 82.491, -178.9999
254.406379, 82.467, -179.3157
256.249912, 82.443, -179.6222
258.106805, 82.417, -179.9158
259.977153, 82.390, 179.8025
261.861055, 82.362, 179.5293
263.758608, 82.333, 179.2615
265.669911, 82.304, 178.9980
267.595065, 82.274, 178.7385
269.534169, 82.245, 178.4827
271.487325, 82.216, 178.2300
273.454634, 82.185, 177.9807
275.436199, 82.152, 177.7360
277.432123, 82.117, 177.4982
279.442511, 82.081, 177.2701
281.467467, 82.044, 177.0540
283.507096, 82.007, 176.8499
285.561505, 81.969, 176.6545
287.630801, 81.931, 176.4619
289.715093, 81.894, 176.2673
291.814488, 81.856, 176.0695
293.929096, 81.818, 175.8701
296.059027, 81.780, 175.6719
298.204393, 81.740, 175.4761
300.365305, 81.699, 175.2836
302.541876, 81.656, 175.0950
304.734219, 81.613, 174.9102
306.942449, 81.568, 174.7285
309.166680, 81.524, 174.5503
311.407029, 81.480, 174.3770
313.663613, 81.436, 174.2107
315.936549, 81.393, 174.0548
318.225955, 81.349, 173.9114
320.531952, 81.306, 173.7812
322.854659, 81.261, 173.6625
325.194197, 81.214, 173.5520
327.550688, 81.166, 173.4473
329.924255, 81.117, 173.3462
332.315022, 81.067, 173.2478
334.723114, 81.017, 173.1510
337.148655, 80.968, 173.0559
339.591774, 80.919, 172.9644
342.052596, 80.870, 172.8799
344.531250, 80.822, 172.8052
347.027865, 80.773, 172.7422
349.542572, 80.724, 172.6914
352.075502, 80.674, 172.6520
354.626786, 80.624, 172.6240
357.196558, 80.574, 172.6085
359.784951, 80.523, 172.6069
362.392101, 80.472, 172.6190
365.018144, 80.420, 172.6423
367.663216, 80.368, 172.6740
370.327455, 80.315, 172.7122
373.011000, 80.263, 172.7562
375.713992, 80.212, 172.8049
378.436570, 80.162, 172.8578
381.178878, 80.113, 172.9160
383.941057, 80.065, 172.9817
386.723252, 80.018, 173.0558
389.525608, 79.971, 173.1394
392.348271, 79.924, 173.2330
395.191389, 79.879, 173.3367
398.055108, 79.833, 173.4490
400.939580, 79.787, 173.5681
403.844953, 79.740, 173.6931
406.771380, 79.693, 173.8253
409.719013, 79.644, 173.9678
412.688006, 79.595, 174.1241
415.678514, 79.546, 174.2976
418.690692, 79.498, 174.4904
421.724697, 79.450, 174.7028
424.780688, 79.403, 174.9344
427.858824, 79.357, 175.1838
430.959265, 79.315, 175.4478
434.082174, 79.276, 175.7219
437.227712, 79.241, 176.0022
440.396044, 79.210, 176.2843
443.587336, 79.182, 176.5640
446.801752, 79.157, 176.8367
450.039462, 79.134, 177.0997
453.300634, 79.113, 177.3530
456.585437, 79.092, 177.5994
459.894043, 79.072, 177.8428
463.226625, 79.052, 178.0868
466.583356, 79.033, 178.3337
469.964411, 79.013, 178.5841
473.369967, 78.994, 178.8383
476.800201, 78.976, 179.0962
480.255292, 78.959, 179.3574
483.735420, 78.943, 179.6223
487.240766, 78.928, 179.8909
490.771513, 78.915, -179.8373
494.327846, 78.902, -179.5631
497.909949, 78.890, -179.2876
501.518010, 78.879, -179.0116
505.152216, 78.869, -178.7361
508.812758, 78.859, -178.4612
512.499825, 78.851, -178.1868
516.213610, 78.844, -177.9128
519.954306, 78.839, -177.6388
523.722109, 78.835, -177.3647
527.517216, 78.832, -177.0920
531.339823, 78.830, -176.8224
535.190130, 78.829, -176.5574
539.068339, 78.829, -176.2969
542.974650, 78.831, -176.0396
546.909268, 78.834, -175.7842
550.872398, 78.838, -175.5300
554.864247, 78.844, -175.2778
558.885022, 78.851, -175.0286
562.934933, 78.858, -174.7827
567.014192, 78.866, -174.5400
571.123010, 78.875, -174.2991
575.261603, 78.884, -174.0592
579.430186, 78.893, -173.8206
583.628976, 78.902, -173.5847
587.858192, 78.913, -173.3539
592.118055, 78.924, -173.1299
596.408786, 78.936, -172.9131
600.730610, 78.948, -172.7023
605.083752, 78.961, -172.4949
609.468438, 78.975, -172.2888
613.884897, 78.989, -172.0824
618.333360, 79.004, -171.8752
622.814059, 79.019, -171.6675
627.327226, 79.036, -171.4611
631.873098, 79.053, -171.2581
636.451911, 79.072, -171.0610
641.063904, 79.090, -170.8711
645.709317, 79.110, -170.6882
650.388393, 79.129, -170.5117
655.101375, 79.149, -170.3414
659.848510, 79.170, -170.1772
664.630044, 79.191, -170.0187
669.446228, 79.212, -169.8641
674.297311, 79.234, -169.7125
679.183547, 79.256, -169.5632
684.105191, 79.278, -169.4165
689.062499, 79.300, -169.2727
694.055730, 79.322, -169.1318
699.085144, 79.344, -168.9938
704.151003, 79.366, -168.8579
709.253572, 79.389, -168.7249
714.393116, 79.412, -168.5957
719.569903, 79.436, -168.4709
724.784203, 79.460, -168.3508
730.036288, 79.484, -168.2350
735.326432, 79.508, -168.1228
740.654910, 79.533, -168.0146
746.022001, 79.558, -167.9120
751.427984, 79.583, -167.8160
756.873141, 79.609, -167.7273
762.357756, 79.635, -167.6450
767.882114, 79.660, -167.5691
773.446504, 79.686, -167.4988
779.051217, 79.712, -167.4336
784.696543, 79.739, -167.3726
790.382778, 79.765, -167.3152
796.110217, 79.792, -167.2625
801.879160, 79.819, -167.2153
807.689907, 79.845, -167.1743
813.542761, 79.872, -167.1399
819.438027, 79.898, -167.1116
825.376013, 79.923, -167.0891
831.357028, 79.948, -167.0723
837.381383, 79.973, -167.0607
843.449394, 79.997, -167.0535
849.561376, 80.020, -167.0493
855.717648, 80.043, -167.0471
861.918531, 80.066, -167.0469
868.164348, 80.089, -167.0480
874.455424, 80.111, -167.0509
880.792089, 80.134, -167.0564
887.174671, 80.157, -167.0652
893.603505, 80.180, -167.0784
900.078924, 80.203, -167.0969
906.601267, 80.226, -167.1223
913.170874, 80.248, -167.1550
919.788086, 80.271, -167.1946
926.453250, 80.293, -167.2402
933.166712, 80.315, -167.2911
939.928823, 80.336, -167.3464
946.739934, 80.356, -167.4069
953.600402, 80.376, -167.4731
960.510584, 80.395, -167.5461
967.470839, 80.412, -167.6263
974.481532, 80.429, -167.7136
981.543027, 80.445, -167.8076
988.655692, 80.460, -167.9078
995.819899, 80.474, -168.0137
1003.036020, 80.486, -168.1248
1010.304433, 80.497, -168.2412
1017.625515, 80.505, -168.3630
1024.999649, 80.512, -168.4893
1032.427219, 80.516, -168.6183
1039.908612, 80.518, -168.7483
1047.444219, 80.518, -168.8767
1055.034432, 80.515, -169.0007
1062.679646, 80.509, -169.1167
1070.380261, 80.500, -169.2206
1078.136677, 80.489, -169.3080
1085.949300, 80.475, -169.3752
1093.818536, 80.460, -169.4194
1101.744796, 80.445, -169.4377
1109.728493, 80.429, -169.4297
1117.770043, 80.414, -169.3960
1125.869866, 80.401, -169.3386
1134.028383, 80.391, -169.2615
1142.246020, 80.383, -169.1692
1150.523206, 80.379, -169.0667
1158.860371, 80.378, -168.9590
1167.257951, 80.381, -168.8503
1175.716383, 80.386, -168.7449
1184.236109, 80.395, -168.6460
1192.817572, 80.407, -168.5571
1201.461220, 80.421, -168.4808
1210.167503, 80.437, -168.4189
1218.936876, 80.455, -168.3723
1227.769795, 80.475, -168.3417
1236.666721, 80.495, -168.3275
1245.628118, 80.517, -168.3308
1254.654453, 80.539, -168.3529
1263.746196, 80.561, -168.3944
1272.903822, 80.583, -168.4557
1282.127808, 80.603, -168.5365
1291.418634, 80.622, -168.6364
1300.776786, 80.639, -168.7546
1310.202751, 80.653, -168.8904
1319.697020, 80.665, -169.0413
1329.260089, 80.673, -169.2047
1338.892455, 80.679, -169.3777
1348.594622, 80.682, -169.5571
1358.367094, 80.683, -169.7410
1368.210382, 80.682, -169.9272
1378.124999, 80.678, -170.1143
1388.111461, 80.671, -170.3007
1398.170288, 80.663, -170.4849
1408.302007, 80.652, -170.6648
1418.507144, 80.638, -170.8392
1428.786231, 80.622, -171.0059
1439.139805, 80.603, -171.1627
1449.568405, 80.581, -171.3071
1460.072576, 80.556, -171.4365
1470.652863, 80.530, -171.5490
1481.309820, 80.502, -171.6440
1492.044002, 80.474, -171.7231
1502.855968, 80.447, -171.7896
1513.746282, 80.420, -171.8488
1524.715511, 80.394, -171.9067
1535.764228, 80.369, -171.9692
1546.893009, 80.344, -172.0400
1558.102433, 80.318, -172.1201
1569.393086, 80.290, -172.2075
1580.765555, 80.261, -172.2979
1592.220434, 80.230, -172.3860
1603.758320, 80.198, -172.4658
1615.379813, 80.167, -172.5312
1627.085521, 80.138, -172.5775
1638.876054, 80.116, -172.6006
1650.752025, 80.100, -172.5977
1662.714055, 80.093, -172.5664
1674.762766, 80.092, -172.5056
1686.898788, 80.094, -172.4148
1699.122752, 80.094, -172.2943
1711.435296, 80.090, -172.1453
1723.837061, 80.077, -171.9695
1736.328695, 80.054, -171.7697
1748.910849, 80.020, -171.5498
1761.584178, 79.975, -171.3140
1774.349343, 79.922, -171.0667
1787.207010, 79.863, -170.8116
1800.157848, 79.800, -170.5527
1813.202534, 79.736, -170.2926
1826.341747, 79.674, -170.0334
1839.576172, 79.613, -169.7769
1852.906500, 79.555, -169.5234
1866.333424, 79.499, -169.2734
1879.857645, 79.443, -169.0264
1893.479869, 79.387, -168.7826
1907.200804, 79.329, -168.5420
1921.021168, 79.269, -168.3044
1934.941679, 79.206, -168.0686
1948.963064, 79.141, -167.8330
1963.086054, 79.074, -167.5953
1977.311384, 79.005, -167.3533
1991.639798, 78.934, -167.1047
2006.072041, 78.862, -166.8475
2020.608866, 78.788, -166.5796
2035.251031, 78.712, -166.2980
2049.999299, 78.634, -166.0002
2064.854438, 78.554, -165.6836
2079.817225, 78.473, -165.3456
2094.888438, 78.390, -164.9836
2110.068863, 78.306, -164.5947
2125.359292, 78.222, -164.1766
2140.760521, 78.140, -163.7296
2156.273355, 78.061, -163.2595
2171.898600, 77.988, -162.7810
2187.637073, 77.919, -162.3160
2203.489593, 77.852, -161.8827
2219.456987, 77.785, -161.4805
2235.540087, 77.713, -161.0897
2251.739732, 77.637, -160.6855
2268.056766, 77.559, -160.2495
2284.492041, 77.482, -159.7749
2301.046412, 77.407, -159.2643
2317.720742, 77.337, -158.7213
2334.515902, 77.272, -158.1405
2351.432767, 77.212, -157.5032
2368.472218, 77.161, -156.7847
2385.635144, 77.122, -155.9663
2402.922440, 77.100, -155.0424
2420.335006, 77.102, -154.0256
2437.873752, 77.131, -152.9503
2455.539590, 77.192, -151.8694
2473.333442, 77.284, -150.8479
2491.256235, 77.402, -149.9500
2509.308905, 77.541, -149.2246
2527.492392, 77.693, -148.6964
2545.807644, 77.849, -148.3641
2564.255615, 78.004, -148.2065
2582.837268, 78.155, -148.1921
2601.553572, 78.301, -148.2891
2620.405502, 78.441, -148.4702
2639.394040, 78.577, -148.7151
2658.520177, 78.710, -149.0074
2677.784910, 78.841, -149.3358
2697.189244, 78.970, -149.6910
2716.734189, 79.097, -150.0659
2736.420765, 79.223, -150.4545
2756.249998, 79.347, -150.8508
2776.222921, 79.466, -151.2500
2796.340577, 79.581, -151.6470
2816.604013, 79.688, -152.0377
2837.014287, 79.788, -152.4180
2857.572462, 79.879, -152.7837
2878.279610, 79.959, -153.1315
2899.136811, 80.028, -153.4580
2920.145151, 80.085, -153.7600
2941.305727, 80.131, -154.0332
2962.619641, 80.165, -154.2728
2984.088004, 80.187, -154.4730
3005.711935, 80.198, -154.6277
3027.492563, 80.201, -154.7305
3049.431022, 80.196, -154.7759
3071.528457, 80.188, -154.7610
3093.786018, 80.179, -154.6860
3116.204867, 80.175, -154.5569
3138.786172, 80.178, -154.3864
3161.531110, 80.193, -154.1943
3184.440868, 80.222, -154.0076
3207.516639, 80.266, -153.8574
3230.759627, 80.325, -153.7769
3254.171043, 80.397, -153.7968
3277.752108, 80.480, -153.9436
3301.504051, 80.568, -154.2367
3325.428110, 80.658, -154.6866
3349.525533, 80.743, -155.2946
3373.797576, 80.819, -156.0530
3398.245504, 80.881, -156.9468
3422.870591, 80.926, -157.9546
3447.674123, 80.951, -159.0518
3472.657391, 80.954, -160.2124
3497.821698, 80.935, -161.4124
3523.168356, 80.895, -162.6304
3548.698686, 80.835, -163.8503
3574.414019, 80.757, -165.0607
3600.315697, 80.663, -166.2556
3626.405068, 80.555, -167.4341
3652.683494, 80.433, -168.5991
3679.152345, 80.299, -169.7563
3705.812999, 80.155, -170.9128
3732.666848, 80.000, -172.0768
3759.715291, 79.836, -173.2568
3786.959737, 79.663, -174.4625
3814.401609, 79.482, -175.7041
3842.042335, 79.293, -176.9930
3869.883358, 79.097, -178.3413
3897.926128, 78.892, -179.7606
3926.172107, 78.678, 178.7394
3954.622769, 78.452, 177.1506
3983.279596, 78.210, 175.4685
4012.144082, 77.951, 173.6903
4041.217732, 77.668, 171.8145
4070.502061, 77.361, 169.8359
4099.998597, 77.024, 167.7421
4129.708877, 76.655, 165.5057
4159.634450, 76.247, 163.0852
4189.776876, 75.790, 160.4285
4220.137726, 75.272, 157.4849
4250.718584, 74.673, 154.2131
4281.521043, 73.975, 150.5828
4312.546709, 73.164, 146.5518
4343.797200, 72.239, 142.0132
4375.274146, 71.224, 136.6775
4406.979186, 70.197, 129.7539
4438.913974, 69.333, 118.5559
4471.080174, 68.919, 88.1125
4503.479464, 69.199, 2.3185
4536.113533, 70.134, -29.8679
4568.984081, 71.440, -41.5115
4602.092823, 72.852, -48.8680
4635.441485, 74.224, -54.8199
4669.031805, 75.496, -60.2045
4702.865534, 76.650, -65.3442
4736.944436, 77.685, -70.3857
4771.270288, 78.602, -75.3973
4805.844880, 79.408, -80.4033
4840.670013, 80.106, -85.3986
4875.747503, 80.701, -90.3560
4911.079179, 81.198, -95.2343
4946.666884, 81.605, -99.9840
4982.512471, 81.928, -104.5548
5018.617810, 82.177, -108.9010
5054.984784, 82.362, -112.9855
5091.615287, 82.492, -116.7819
5128.511230, 82.577, -120.2749
5165.674537, 82.625, -123.4589
5203.107144, 82.644, -126.3357
5240.811003, 82.639, -128.9133
5278.788080, 82.618, -131.2048
5317.040355, 82.583, -133.2279
5355.569821, 82.541, -135.0048
5394.378487, 82.493, -136.5616
5433.468378, 82.442, -137.9275
5472.841529, 82.391, -139.1320
5512.499995, 82.340, -140.2040
5552.445842, 82.292, -141.1703
5592.681154, 82.246, -142.0555
5633.208027, 82.206, -142.8833
5674.028574, 82.173, -143.6772
5715.144924, 82.150, -144.4633
5756.559221, 82.138, -145.2714
5798.273622, 82.138, -146.1362
5840.290302, 82.150, -147.0970
5882.611454, 82.171, -148.1951
5925.239281, 82.197, -149.4696
5968.176007, 82.221, -150.9531
6011.423871, 82.234, -152.6664
6054.985126, 82.228, -154.6150
6098.862045, 82.192, -156.7887
6143.056913, 82.117, -159.1620
6187.572036, 81.993, -161.6958
6232.409733, 81.812, -164.3395
6277.572344, 81.569, -167.0308
6323.062220, 81.256, -169.6964
6368.881736, 80.871, -172.2507
6415.033278, 80.410, -174.5952
6461.519254, 79.875, -176.6187
6508.342086, 79.270, -178.1971
6555.504216, 78.601, -179.1998
6603.008102, 77.883, -179.4963
6650.856220, 77.135, -178.9725
6699.051066, 76.384, -177.5520
6747.595151, 75.664, -175.2223
6796.491007, 75.009, -172.0587
6845.741183, 74.454, -168.2324
6895.348246, 74.022, -163.9937
6945.314781, 73.726, -159.6288
6995.643395, 73.561, -155.4054
7046.336711, 73.510, -151.5245
7097.397372, 73.546, -148.0968
7148.828039, 73.643, -145.1440
7200.631394, 73.779, -142.6193
7252.810137, 73.940, -140.4370
7305.366989, 74.118, -138.5040
7358.304690, 74.317, -136.7454
7411.625999, 74.541, -135.1218
7465.333696, 74.799, -133.6362
7519.430581, 75.095, -132.3280
7573.919475, 75.430, -131.2585
7628.803218, 75.801, -130.4932
7684.084670, 76.199, -130.0867
7739.766716, 76.614, -130.0756
7795.852256, 77.035, -130.4766
7852.344215, 77.448, -131.2896
7909.245538, 77.844, -132.4994
7966.559191, 78.213, -134.0781
8024.288163, 78.545, -135.9851
8082.435463, 78.835, -138.1708
8141.004122, 79.078, -140.5796
8199.997194, 79.273, -143.1550
8259.417754, 79.420, -145.8424
8319.268900, 79.521, -148.5920
8379.553752, 79.579, -151.3621
8440.275452, 79.598, -154.1206
8501.437168, 79.581, -156.8419
8563.042086, 79.532, -159.5027
8625.093419, 79.453, -162.0792
8687.594401, 79.347, -164.5461
8750.548291, 79.217, -166.8767
8813.958371, 79.066, -169.0433
8877.827947, 78.901, -171.0203
8942.160348, 78.728, -172.7899
9006.958928, 78.553, -174.3466
9072.227065, 78.386, -175.6986
9137.968162, 78.233, -176.8682
9204.185647, 78.101, -177.8887
9270.882970, 77.995, -178.8025
9338.063610, 77.920, -179.6576
9405.731068, 77.878, 179.4944
9473.888873, 77.869, 178.6013
9542.540577, 77.894, 177.6127
9611.689759, 77.950, 176.4813
9681.340025, 78.033, 175.1643
9751.495006, 78.138, 173.6235
9822.158359, 78.260, 171.8259
9893.333767, 78.393, 169.7438
9965.024942, 78.527, 167.3555
10037.235620, 78.656, 164.6482
10109.969567, 78.768, 161.6219
10183.230574, 78.854, 158.2960
10257.022461, 78.904, 154.7106
10331.349074, 78.912, 150.9213
10406.214288, 78.877, 146.9873
10481.622007, 78.798, 142.9598
10557.576160, 78.678, 138.8790
10634.080709, 78.519, 134.7771
10711.139642, 78.324, 130.6827
10788.756975, 78.093, 126.6230
10866.936755, 77.833, 122.6193
10945.683059, 77.552, 118.6774
11024.999990, 77.258, 114.7762
11104.891685, 76.962, 110.8575
11185.362308, 76.671, 106.8257
11266.416054, 76.386, 102.5613
11348.057149, 76.093, 97.9492
11430.289849, 75.772, 92.9094
11513.118441, 75.393, 87.4192
11596.547243, 74.929, 81.5177
11680.580605, 74.354, 75.2925
11765.222907, 73.652, 68.8569
11850.478562, 72.815, 62.3357
11936.352015, 71.848, 55.8771
12022.847742, 70.773, 49.7279
12109.970253, 69.648, 44.4794
12197.724089, 68.598, 42.0162
12286.113826, 67.828, 51.4263
12375.144072, 67.552, 116.8656
12464.819467, 67.811, 150.8518
12555.144687, 68.421, 151.5667
12646.124441, 69.136, 145.9922
12737.763472, 69.788, 138.5804
12830.066557, 70.304, 130.6447
12923.038508, 70.671, 122.7598
13016.684172, 70.908, 115.2292
13111.008431, 71.055, 108.2115
13206.016203, 71.157, 101.7599
13301.712440, 71.263, 95.8325
13398.102132, 71.416, 90.2979
13495.190303, 71.642, 84.9531
13592.982015, 71.948, 79.5608
13691.482366, 72.318, 73.8984
13790.696491, 72.724, 67.7988
13890.629563, 73.136, 61.1669
13991.286791, 73.527, 53.9725
14092.673422, 73.877, 46.2294
14194.794743, 74.176, 37.9709
14297.656077, 74.419, 29.2311
14401.262787, 74.601, 20.0322
14505.620274, 74.718, 10.3856
14610.733978, 74.764, 0.2998
14716.609379, 74.727, -10.2090
14823.251997, 74.595, -21.1058
14930.667392, 74.359, -32.3345
15038.861162, 74.010, -43.8237
15147.838950, 73.550, -55.5043
15257.606435, 72.985, -67.3267
15368.169341, 72.325, -79.2726
15479.533431, 71.581, -91.3533
15591.704511, 70.763, -103.6012
15704.688430, 69.880, -116.0643
15818.491076, 68.940, -128.8097
15933.118383, 67.950, -141.9296
16048.576327, 66.920, -155.5471
16164.870926, 65.858, -169.8201
16282.008245, 64.771, 175.0515
16399.994388, 63.671, 158.8112
16518.835508, 62.570, 141.1360
16638.537799, 61.484, 121.6497
16759.107503, 60.438, 100.0011
16880.550905, 59.470, 76.0828
17002.874335, 58.633, 50.3635
17126.084171, 57.985, 24.0173
17250.186837, 57.565, -1.6141
17375.188802, 57.359, -25.7754
17501.096582, 57.313, -48.4260
17627.916743, 57.369, -69.8982
17755.655894, 57.484, -90.6147
17884.320696, 57.634, -110.9758
18013.917856, 57.803, -131.3320
18144.454131, 57.973, -151.9761
18275.936325, 58.128, -173.1357
18408.371293, 58.252, 165.0190
18541.765940, 58.329, 142.3530
18676.127219, 58.348, 118.7227
18811.462136, 58.297, 93.9773
18947.777745, 58.163, 67.9702
19085.081153, 57.935, 40.5217
19223.379519, 57.597, 11.2559
19362.680051, 57.138, -20.7986
19502.990012, 56.561, -57.6831
19644.316718, 55.909, -99.4915
19786.667534, 55.300, -135.0605
19930.049884, 54.917, -153.1614
