* Measurement data measured by REW V5.40 beta 55
* Source: EXCL: Headset (USB-C to 3.5mm Headphone Jack Adapter), MICROPHONE (Master Volume), 0, volume: 0.260
* Format: 256k Log Swept Sine, 1 sweep at -6.0 dBFS with no timing reference
* Dated: Jan 12, 2025 9:35:52 PM
* REW Settings:
*  C-weighting compensation: Off
*  Target level: 75.0 dB
* Note: ; 
* Measurement: R15
* Smoothing: 1/12 octave
* Frequency Step: 96 ppo
* Start Frequency: 20.0 Hz
*
* Freq(Hz), SPL(dB), Phase(degrees)
20.033247, 76.121, -70.6950
20.178416, 76.191, -71.4124
20.324637, 76.259, -72.1448
20.471918, 76.323, -72.8873
20.620266, 76.383, -73.6348
20.769689, 76.440, -74.3826
20.920195, 76.494, -75.1271
21.071791, 76.545, -75.8659
21.224486, 76.595, -76.5985
21.378287, 76.642, -77.3257
21.533203, 76.688, -78.0494
21.689242, 76.733, -78.7723
21.846411, 76.775, -79.4962
22.004719, 76.814, -80.2218
22.164174, 76.849, -80.9477
22.324785, 76.879, -81.6697
22.486559, 76.903, -82.3809
22.649506, 76.920, -83.0715
22.813634, 76.930, -83.7299
22.978951, 76.935, -84.3433
23.145466, 76.934, -84.8992
23.313188, 76.929, -85.3864
23.482124, 76.925, -85.7971
23.652286, 76.922, -86.1278
23.823680, 76.925, -86.3806
23.996316, 76.936, -86.5640
24.170203, 76.959, -86.6921
24.345351, 76.996, -86.7851
24.521767, 77.047, -86.8668
24.699462, 77.113, -86.9630
24.878444, 77.192, -87.0990
25.058724, 77.283, -87.2973
25.240310, 77.382, -87.5754
25.423211, 77.486, -87.9442
25.607438, 77.590, -88.4072
25.793000, 77.691, -88.9607
25.979907, 77.785, -89.5943
26.168168, 77.870, -90.2928
26.357794, 77.945, -91.0376
26.548793, 78.008, -91.8093
26.741176, 78.061, -92.5899
26.934954, 78.104, -93.3645
27.130136, 78.139, -94.1224
27.326732, 78.168, -94.8578
27.524753, 78.191, -95.5684
27.724208, 78.211, -96.2541
27.925110, 78.226, -96.9147
28.127466, 78.238, -97.5481
28.331290, 78.246, -98.1486
28.536590, 78.250, -98.7082
28.743378, 78.251, -99.2178
28.951664, 78.252, -99.6705
29.161460, 78.256, -100.0656
29.372776, 78.264, -100.4095
29.585623, 78.280, -100.7174
29.800013, 78.303, -101.0093
30.015956, 78.334, -101.3052
30.233464, 78.369, -101.6188
30.452548, 78.404, -101.9526
30.673220, 78.436, -102.2964
30.895490, 78.464, -102.6298
31.119372, 78.488, -102.9290
31.344876, 78.512, -103.1760
31.572014, 78.539, -103.3670
31.800797, 78.576, -103.5168
32.031239, 78.624, -103.6570
32.263351, 78.684, -103.8269
32.497144, 78.750, -104.0604
32.732632, 78.817, -104.3732
32.969826, 78.877, -104.7563
33.208739, 78.926, -105.1781
33.449383, 78.962, -105.5950
33.691771, 78.989, -105.9677
33.935916, 79.014, -106.2768
34.181829, 79.045, -106.5336
34.429525, 79.088, -106.7792
34.679015, 79.142, -107.0704
34.930314, 79.203, -107.4583
35.183433, 79.261, -107.9656
35.438387, 79.304, -108.5762
35.695188, 79.326, -109.2368
35.953850, 79.325, -109.8746
36.214387, 79.307, -110.4208
36.476811, 79.283, -110.8370
36.741137, 79.268, -111.1324
37.007378, 79.272, -111.3633
37.275549, 79.297, -111.6140
37.545663, 79.337, -111.9620
37.817734, 79.380, -112.4464
38.091777, 79.412, -113.0521
38.367806, 79.424, -113.7163
38.645835, 79.414, -114.3509
38.925879, 79.388, -114.8744
39.207952, 79.360, -115.2416
39.492069, 79.345, -115.4615
39.778244, 79.354, -115.5957
40.066494, 79.390, -115.7355
40.356832, 79.447, -115.9673
40.649275, 79.514, -116.3407
40.943836, 79.575, -116.8541
41.240532, 79.620, -117.4607
41.539378, 79.644, -118.0873
41.840389, 79.650, -118.6582
42.143582, 79.644, -119.1171
42.448972, 79.637, -119.4419
42.756574, 79.639, -119.6506
43.066406, 79.656, -119.7929
43.378483, 79.690, -119.9329
43.692822, 79.736, -120.1261
44.009438, 79.786, -120.4016
44.328348, 79.831, -120.7552
44.649570, 79.865, -121.1549
44.973119, 79.886, -121.5547
45.299013, 79.895, -121.9114
45.627268, 79.899, -122.1976
45.957902, 79.903, -122.4076
46.290932, 79.912, -122.5538
46.626375, 79.929, -122.6588
46.964249, 79.955, -122.7469
47.304571, 79.991, -122.8402
47.647360, 80.036, -122.9590
47.992632, 80.088, -123.1234
48.340407, 80.144, -123.3513
48.690701, 80.201, -123.6527
49.043534, 80.252, -124.0226
49.398924, 80.294, -124.4387
49.756889, 80.324, -124.8658
50.117447, 80.344, -125.2664
50.480619, 80.355, -125.6116
50.846423, 80.364, -125.8881
51.214877, 80.374, -126.0979
51.586001, 80.389, -126.2540
51.959814, 80.410, -126.3745
52.336336, 80.438, -126.4799
52.715587, 80.473, -126.5916
53.097586, 80.514, -126.7296
53.482353, 80.558, -126.9086
53.869908, 80.603, -127.1348
54.260272, 80.645, -127.4053
54.653464, 80.685, -127.7139
55.049506, 80.721, -128.0559
55.448417, 80.753, -128.4307
55.850219, 80.780, -128.8373
56.254933, 80.802, -129.2708
56.662579, 80.817, -129.7208
57.073180, 80.825, -130.1763
57.486755, 80.828, -130.6283
57.903328, 80.825, -131.0667
58.322919, 80.817, -131.4734
58.745551, 80.804, -131.8200
59.171246, 80.791, -132.0797
59.600025, 80.786, -132.2471
60.031911, 80.796, -132.3524
60.466927, 80.823, -132.4507
60.905096, 80.864, -132.5948
61.346439, 80.911, -132.8071
61.790981, 80.957, -133.0759
62.238744, 80.999, -133.3723
62.689751, 81.037, -133.6719
63.144027, 81.072, -133.9638
63.601595, 81.104, -134.2448
64.062478, 81.134, -134.5124
64.526701, 81.162, -134.7643
64.994288, 81.190, -135.0039
65.465264, 81.219, -135.2421
65.939652, 81.248, -135.4916
66.417478, 81.275, -135.7591
66.898766, 81.300, -136.0425
67.383542, 81.323, -136.3365
67.871831, 81.344, -136.6389
68.363659, 81.364, -136.9517
68.859050, 81.383, -137.2763
69.358031, 81.401, -137.6096
69.860628, 81.417, -137.9435
70.366867, 81.433, -138.2695
70.876774, 81.450, -138.5837
71.390376, 81.468, -138.8882
71.907700, 81.490, -139.1890
72.428773, 81.512, -139.4914
72.953622, 81.536, -139.7963
73.482274, 81.559, -140.0995
74.014757, 81.581, -140.3940
74.551098, 81.602, -140.6759
75.091326, 81.624, -140.9468
75.635469, 81.645, -141.2122
76.183555, 81.666, -141.4769
76.735612, 81.686, -141.7421
77.291670, 81.705, -142.0070
77.851757, 81.722, -142.2723
78.415903, 81.739, -142.5410
78.984137, 81.756, -142.8168
79.556489, 81.771, -143.1031
80.132988, 81.785, -143.4009
80.713665, 81.797, -143.7088
81.298549, 81.806, -144.0226
81.887672, 81.814, -144.3375
82.481064, 81.821, -144.6495
83.078756, 81.826, -144.9554
83.680778, 81.831, -145.2529
84.287164, 81.835, -145.5404
84.897943, 81.840, -145.8184
85.513149, 81.846, -146.0880
86.132812, 81.852, -146.3489
86.756966, 81.858, -146.5999
87.385643, 81.865, -146.8396
88.018875, 81.874, -147.0691
88.656696, 81.884, -147.2927
89.299139, 81.895, -147.5187
89.946238, 81.907, -147.7568
90.598025, 81.918, -148.0130
91.254536, 81.926, -148.2845
91.915804, 81.930, -148.5609
92.581864, 81.930, -148.8292
93.252750, 81.927, -149.0801
93.928498, 81.924, -149.3102
94.609143, 81.921, -149.5223
95.294719, 81.920, -149.7235
95.985264, 81.921, -149.9200
96.680813, 81.923, -150.1149
97.381402, 81.924, -150.3078
98.087068, 81.925, -150.4965
98.797847, 81.925, -150.6772
99.513777, 81.923, -150.8451
100.234895, 81.921, -150.9956
100.961238, 81.918, -151.1291
101.692845, 81.917, -151.2533
102.429753, 81.917, -151.3800
103.172002, 81.918, -151.5172
103.919628, 81.919, -151.6648
104.672673, 81.919, -151.8160
105.431174, 81.919, -151.9644
106.195172, 81.920, -152.1071
106.964706, 81.921, -152.2454
107.739816, 81.923, -152.3816
108.520543, 81.924, -152.5170
109.306928, 81.926, -152.6517
110.099011, 81.926, -152.7854
110.896834, 81.925, -152.9164
111.700438, 81.924, -153.0425
112.509866, 81.922, -153.1619
113.325158, 81.922, -153.2756
114.146359, 81.924, -153.3858
114.973511, 81.927, -153.4911
115.806656, 81.932, -153.5881
116.645839, 81.939, -153.6767
117.491103, 81.948, -153.7607
118.342492, 81.959, -153.8452
119.200050, 81.969, -153.9340
120.063823, 81.978, -154.0274
120.933855, 81.985, -154.1179
121.810191, 81.990, -154.1965
122.692878, 81.995, -154.2609
123.581962, 82.002, -154.3137
124.477487, 82.010, -154.3589
125.379503, 82.021, -154.3995
126.288054, 82.033, -154.4365
127.203189, 82.048, -154.4698
128.124956, 82.063, -154.5005
129.053402, 82.080, -154.5318
129.988577, 82.098, -154.5690
130.930527, 82.118, -154.6160
131.879304, 82.138, -154.6735
132.834956, 82.159, -154.7385
133.797533, 82.183, -154.8062
134.767085, 82.209, -154.8739
135.743663, 82.239, -154.9437
136.727317, 82.272, -155.0199
137.718100, 82.306, -155.1051
138.716062, 82.340, -155.1990
139.721255, 82.375, -155.3010
140.733733, 82.409, -155.4119
141.753548, 82.444, -155.5353
142.780753, 82.480, -155.6755
143.815401, 82.517, -155.8350
144.857546, 82.554, -156.0129
145.907244, 82.591, -156.2054
146.964548, 82.629, -156.4077
148.029514, 82.665, -156.6165
149.102197, 82.701, -156.8307
150.182652, 82.736, -157.0511
151.270938, 82.771, -157.2791
152.367109, 82.804, -157.5155
153.471224, 82.836, -157.7615
154.583340, 82.867, -158.0168
155.703515, 82.897, -158.2803
156.831807, 82.925, -158.5504
157.968274, 82.953, -158.8258
159.112978, 82.979, -159.1068
160.265976, 83.004, -159.3942
161.427329, 83.029, -159.6872
162.597098, 83.053, -159.9846
163.775344, 83.076, -160.2853
164.962128, 83.098, -160.5886
166.157511, 83.119, -160.8944
167.361557, 83.140, -161.2041
168.574328, 83.159, -161.5204
169.795887, 83.177, -161.8448
171.026298, 83.194, -162.1761
172.265625, 83.209, -162.5101
173.513933, 83.223, -162.8414
174.771286, 83.237, -163.1668
176.037751, 83.249, -163.4869
177.313393, 83.259, -163.8037
178.598279, 83.268, -164.1185
179.892476, 83.274, -164.4310
181.196051, 83.279, -164.7412
182.509072, 83.283, -165.0512
183.831608, 83.285, -165.3635
185.163728, 83.287, -165.6785
186.505500, 83.288, -165.9946
187.856996, 83.288, -166.3091
189.218285, 83.288, -166.6191
190.589439, 83.287, -166.9235
191.970529, 83.285, -167.2219
193.361626, 83.283, -167.5161
194.762804, 83.280, -167.8076
196.174136, 83.277, -168.0981
197.595694, 83.273, -168.3887
199.027554, 83.269, -168.6795
200.469790, 83.264, -168.9691
201.922477, 83.258, -169.2556
203.385690, 83.251, -169.5378
204.859507, 83.244, -169.8170
206.344003, 83.236, -170.0949
207.839257, 83.228, -170.3728
209.345346, 83.218, -170.6512
210.862348, 83.208, -170.9299
212.390344, 83.197, -171.2082
213.929412, 83.186, -171.4844
215.479633, 83.173, -171.7565
217.041087, 83.159, -172.0231
218.613856, 83.144, -172.2826
220.198022, 83.127, -172.5342
221.793668, 83.110, -172.7771
223.400876, 83.093, -173.0115
225.019731, 83.076, -173.2380
226.650317, 83.059, -173.4572
228.292718, 83.043, -173.6699
229.947022, 83.027, -173.8771
231.613312, 83.011, -174.0799
233.291678, 82.995, -174.2795
234.982206, 82.981, -174.4775
236.684984, 82.967, -174.6758
238.400101, 82.954, -174.8755
240.127646, 82.943, -175.0773
241.867710, 82.931, -175.2806
243.620383, 82.919, -175.4855
245.385757, 82.907, -175.6922
247.163923, 82.894, -175.9020
248.954975, 82.881, -176.1156
250.759005, 82.867, -176.3335
252.576108, 82.852, -176.5555
254.406379, 82.838, -176.7816
256.249912, 82.823, -177.0112
258.106805, 82.807, -177.2440
259.977153, 82.791, -177.4793
261.861055, 82.774, -177.7161
263.758608, 82.755, -177.9532
265.669911, 82.735, -178.1892
267.595065, 82.714, -178.4219
269.534169, 82.692, -178.6499
271.487325, 82.668, -178.8733
273.454634, 82.644, -179.0935
275.436199, 82.618, -179.3123
277.432123, 82.591, -179.5312
279.442511, 82.562, -179.7510
281.467467, 82.532, -179.9709
283.507096, 82.501, 179.8110
285.561505, 82.469, 179.5970
287.630801, 82.435, 179.3881
289.715093, 82.401, 179.1840
291.814488, 82.366, 178.9839
293.929096, 82.330, 178.7876
296.059027, 82.295, 178.5958
298.204393, 82.258, 178.4110
300.365305, 82.221, 178.2365
302.541876, 82.183, 178.0731
304.734219, 82.145, 177.9191
306.942449, 82.105, 177.7720
309.166680, 82.065, 177.6309
311.407029, 82.024, 177.4966
313.663613, 81.983, 177.3704
315.936549, 81.940, 177.2534
318.225955, 81.897, 177.1448
320.531952, 81.852, 177.0433
322.854659, 81.807, 176.9477
325.194197, 81.761, 176.8572
327.550688, 81.715, 176.7727
329.924255, 81.669, 176.6957
332.315022, 81.623, 176.6277
334.723114, 81.578, 176.5693
337.148655, 81.533, 176.5209
339.591774, 81.487, 176.4819
342.052596, 81.441, 176.4517
344.531250, 81.395, 176.4303
347.027865, 81.348, 176.4179
349.542572, 81.301, 176.4149
352.075502, 81.254, 176.4211
354.626786, 81.207, 176.4363
357.196558, 81.159, 176.4602
359.784951, 81.111, 176.4924
362.392101, 81.063, 176.5333
365.018144, 81.014, 176.5828
367.663216, 80.966, 176.6411
370.327455, 80.918, 176.7084
373.011000, 80.870, 176.7857
375.713992, 80.823, 176.8736
378.436570, 80.776, 176.9711
381.178878, 80.729, 177.0767
383.941057, 80.684, 177.1897
386.723252, 80.640, 177.3109
389.525608, 80.596, 177.4411
392.348271, 80.553, 177.5809
395.191389, 80.511, 177.7302
398.055108, 80.470, 177.8895
400.939580, 80.429, 178.0593
403.844953, 80.388, 178.2385
406.771380, 80.349, 178.4253
409.719013, 80.310, 178.6180
412.688006, 80.272, 178.8159
415.678514, 80.234, 179.0193
418.690692, 80.197, 179.2287
421.724697, 80.161, 179.4448
424.780688, 80.126, 179.6685
427.858824, 80.093, 179.9012
430.959265, 80.060, -179.8561
434.082174, 80.029, -179.6038
437.227712, 79.999, -179.3432
440.396044, 79.970, -179.0766
443.587336, 79.942, -178.8062
446.801752, 79.915, -178.5330
450.039462, 79.889, -178.2566
453.300634, 79.865, -177.9767
456.585437, 79.841, -177.6937
459.894043, 79.820, -177.4076
463.226625, 79.800, -177.1182
466.583356, 79.782, -176.8245
469.964411, 79.765, -176.5253
473.369967, 79.750, -176.2204
476.800201, 79.736, -175.9106
480.255292, 79.724, -175.5968
483.735420, 79.713, -175.2795
487.240766, 79.703, -174.9598
490.771513, 79.695, -174.6384
494.327846, 79.687, -174.3165
497.909949, 79.680, -173.9952
501.518010, 79.675, -173.6754
505.152216, 79.671, -173.3578
508.812758, 79.668, -173.0433
512.499825, 79.667, -172.7332
516.213610, 79.668, -172.4287
519.954306, 79.670, -172.1295
523.722109, 79.673, -171.8337
527.517216, 79.677, -171.5392
531.339823, 79.682, -171.2449
535.190130, 79.688, -170.9500
539.068339, 79.694, -170.6545
542.974650, 79.702, -170.3588
546.909268, 79.710, -170.0629
550.872398, 79.720, -169.7673
554.864247, 79.731, -169.4725
558.885022, 79.743, -169.1797
562.934933, 79.756, -168.8905
567.014192, 79.771, -168.6064
571.123010, 79.786, -168.3282
575.261603, 79.803, -168.0557
579.430186, 79.821, -167.7881
583.628976, 79.839, -167.5237
587.858192, 79.858, -167.2609
592.118055, 79.878, -166.9991
596.408786, 79.899, -166.7390
600.730610, 79.920, -166.4821
605.083752, 79.943, -166.2298
609.468438, 79.967, -165.9833
613.884897, 79.992, -165.7434
618.333360, 80.018, -165.5107
622.814059, 80.045, -165.2854
627.327226, 80.073, -165.0675
631.873098, 80.102, -164.8564
636.451911, 80.131, -164.6511
641.063904, 80.161, -164.4512
645.709317, 80.191, -164.2567
650.388393, 80.221, -164.0684
655.101375, 80.251, -163.8857
659.848510, 80.281, -163.7082
664.630044, 80.312, -163.5345
669.446228, 80.343, -163.3641
674.297311, 80.375, -163.1978
679.183547, 80.408, -163.0371
684.105191, 80.441, -162.8838
689.062499, 80.474, -162.7393
694.055730, 80.508, -162.6042
699.085144, 80.542, -162.4788
704.151003, 80.576, -162.3618
709.253572, 80.610, -162.2521
714.393116, 80.644, -162.1484
719.569903, 80.678, -162.0503
724.784203, 80.710, -161.9567
730.036288, 80.743, -161.8665
735.326432, 80.774, -161.7784
740.654910, 80.805, -161.6925
746.022001, 80.836, -161.6089
751.427984, 80.867, -161.5274
756.873141, 80.897, -161.4473
762.357756, 80.928, -161.3674
767.882114, 80.960, -161.2874
773.446504, 80.992, -161.2076
779.051217, 81.025, -161.1295
784.696543, 81.058, -161.0541
790.382778, 81.093, -160.9824
796.110217, 81.129, -160.9156
801.879160, 81.167, -160.8558
807.689907, 81.205, -160.8057
813.542761, 81.244, -160.7675
819.438027, 81.283, -160.7432
825.376013, 81.322, -160.7344
831.357028, 81.361, -160.7418
837.381383, 81.400, -160.7651
843.449394, 81.438, -160.8033
849.561376, 81.474, -160.8547
855.717648, 81.509, -160.9173
861.918531, 81.543, -160.9891
868.164348, 81.574, -161.0684
874.455424, 81.605, -161.1539
880.792089, 81.633, -161.2443
887.174671, 81.659, -161.3386
893.603505, 81.684, -161.4357
900.078924, 81.707, -161.5350
906.601267, 81.728, -161.6360
913.170874, 81.747, -161.7384
919.788086, 81.765, -161.8416
926.453250, 81.781, -161.9444
933.166712, 81.795, -162.0450
939.928823, 81.807, -162.1410
946.739934, 81.817, -162.2302
953.600402, 81.825, -162.3103
960.510584, 81.832, -162.3791
967.470839, 81.839, -162.4345
974.481532, 81.844, -162.4752
981.543027, 81.850, -162.5008
988.655692, 81.856, -162.5114
995.819899, 81.863, -162.5081
1003.036020, 81.872, -162.4935
1010.304433, 81.883, -162.4708
1017.625515, 81.896, -162.4441
1024.999649, 81.911, -162.4172
1032.427219, 81.928, -162.3940
1039.908612, 81.947, -162.3776
1047.444219, 81.967, -162.3704
1055.034432, 81.989, -162.3738
1062.679646, 82.011, -162.3889
1070.380261, 82.034, -162.4165
1078.136677, 82.057, -162.4572
1085.949300, 82.080, -162.5112
1093.818536, 82.103, -162.5781
1101.744796, 82.125, -162.6570
1109.728493, 82.147, -162.7471
1117.770043, 82.167, -162.8478
1125.869866, 82.187, -162.9590
1134.028383, 82.205, -163.0809
1142.246020, 82.221, -163.2133
1150.523206, 82.236, -163.3558
1158.860371, 82.249, -163.5073
1167.257951, 82.259, -163.6659
1175.716383, 82.267, -163.8299
1184.236109, 82.272, -163.9976
1192.817572, 82.274, -164.1665
1201.461220, 82.273, -164.3334
1210.167503, 82.269, -164.4944
1218.936876, 82.262, -164.6446
1227.769795, 82.252, -164.7797
1236.666721, 82.240, -164.8959
1245.628118, 82.227, -164.9907
1254.654453, 82.213, -165.0635
1263.746196, 82.199, -165.1158
1272.903822, 82.187, -165.1511
1282.127808, 82.176, -165.1738
1291.418634, 82.166, -165.1888
1300.776786, 82.159, -165.2010
1310.202751, 82.153, -165.2144
1319.697020, 82.148, -165.2313
1329.260089, 82.143, -165.2533
1338.892455, 82.139, -165.2802
1348.594622, 82.134, -165.3115
1358.367094, 82.129, -165.3462
1368.210382, 82.123, -165.3832
1378.124999, 82.116, -165.4218
1388.111461, 82.109, -165.4608
1398.170288, 82.101, -165.4995
1408.302007, 82.092, -165.5370
1418.507144, 82.084, -165.5730
1428.786231, 82.074, -165.6077
1439.139805, 82.064, -165.6414
1449.568405, 82.053, -165.6749
1460.072576, 82.041, -165.7085
1470.652863, 82.029, -165.7424
1481.309820, 82.015, -165.7764
1492.044002, 81.999, -165.8096
1502.855968, 81.983, -165.8403
1513.746282, 81.965, -165.8667
1524.715511, 81.945, -165.8864
1535.764228, 81.924, -165.8972
1546.893009, 81.901, -165.8971
1558.102433, 81.877, -165.8846
1569.393086, 81.853, -165.8583
1580.765555, 81.828, -165.8169
1592.220434, 81.805, -165.7594
1603.758320, 81.785, -165.6857
1615.379813, 81.769, -165.5959
1627.085521, 81.760, -165.4909
1638.876054, 81.760, -165.3711
1650.752025, 81.772, -165.2372
1662.714055, 81.795, -165.0905
1674.762766, 81.827, -164.9333
1686.898788, 81.864, -164.7688
1699.122752, 81.901, -164.6003
1711.435296, 81.933, -164.4315
1723.837061, 81.957, -164.2649
1736.328695, 81.969, -164.1024
1748.910849, 81.968, -163.9448
1761.584178, 81.954, -163.7922
1774.349343, 81.929, -163.6438
1787.207010, 81.896, -163.4989
1800.157848, 81.856, -163.3567
1813.202534, 81.813, -163.2175
1826.341747, 81.769, -163.0821
1839.576172, 81.726, -162.9506
1852.906500, 81.683, -162.8225
1866.333424, 81.639, -162.6967
1879.857645, 81.595, -162.5711
1893.479869, 81.547, -162.4437
1907.200804, 81.496, -162.3116
1921.021168, 81.441, -162.1719
1934.941679, 81.382, -162.0213
1948.963064, 81.321, -161.8573
1963.086054, 81.256, -161.6779
1977.311384, 81.191, -161.4815
1991.639798, 81.124, -161.2673
2006.072041, 81.056, -161.0349
2020.608866, 80.987, -160.7831
2035.251031, 80.917, -160.5099
2049.999299, 80.845, -160.2111
2064.854438, 80.772, -159.8805
2079.817225, 80.700, -159.5121
2094.888438, 80.631, -159.1045
2110.068863, 80.568, -158.6685
2125.359292, 80.514, -158.2307
2140.760521, 80.467, -157.8275
2156.273355, 80.423, -157.4857
2171.898600, 80.378, -157.2050
2187.637073, 80.325, -156.9604
2203.489593, 80.264, -156.7199
2219.456987, 80.196, -156.4584
2235.540087, 80.122, -156.1615
2251.739732, 80.045, -155.8232
2268.056766, 79.967, -155.4401
2284.492041, 79.890, -155.0076
2301.046412, 79.815, -154.5173
2317.720742, 79.746, -153.9573
2334.515902, 79.685, -153.3140
2351.432767, 79.637, -152.5767
2368.472218, 79.608, -151.7435
2385.635144, 79.604, -150.8274
2402.922440, 79.629, -149.8604
2420.335006, 79.686, -148.8934
2437.873752, 79.774, -147.9877
2455.539590, 79.888, -147.2024
2473.333442, 80.019, -146.5795
2491.256235, 80.160, -146.1365
2509.308905, 80.303, -145.8663
2527.492392, 80.442, -145.7452
2545.807644, 80.576, -145.7426
2564.255615, 80.704, -145.8290
2582.837268, 80.827, -145.9810
2601.553572, 80.947, -146.1831
2620.405502, 81.067, -146.4267
2639.394040, 81.188, -146.7078
2658.520177, 81.311, -147.0245
2677.784910, 81.435, -147.3756
2697.189244, 81.561, -147.7582
2716.734189, 81.687, -148.1677
2736.420765, 81.812, -148.5978
2756.249998, 81.935, -149.0413
2776.222921, 82.054, -149.4902
2796.340577, 82.167, -149.9370
2816.604013, 82.274, -150.3746
2837.014287, 82.373, -150.7973
2857.572462, 82.463, -151.1986
2878.279610, 82.542, -151.5719
2899.136811, 82.610, -151.9092
2920.145151, 82.668, -152.2025
2941.305727, 82.717, -152.4441
2962.619641, 82.757, -152.6291
2984.088004, 82.791, -152.7565
3005.711935, 82.822, -152.8302
3027.492563, 82.853, -152.8599
3049.431022, 82.886, -152.8601
3071.528457, 82.925, -152.8499
3093.786018, 82.970, -152.8512
3116.204867, 83.022, -152.8874
3138.786172, 83.083, -152.9810
3161.531110, 83.150, -153.1516
3184.440868, 83.223, -153.4155
3207.516639, 83.299, -153.7847
3230.759627, 83.376, -154.2667
3254.171043, 83.450, -154.8648
3277.752108, 83.519, -155.5781
3301.504051, 83.579, -156.4016
3325.428110, 83.628, -157.3265
3349.525533, 83.663, -158.3403
3373.797576, 83.682, -159.4280
3398.245504, 83.685, -160.5726
3422.870591, 83.670, -161.7573
3447.674123, 83.637, -162.9653
3472.657391, 83.586, -164.1816
3497.821698, 83.519, -165.3929
3523.168356, 83.436, -166.5894
3548.698686, 83.338, -167.7651
3574.414019, 83.228, -168.9180
3600.315697, 83.106, -170.0499
3626.405068, 82.975, -171.1661
3652.683494, 82.835, -172.2740
3679.152345, 82.687, -173.3821
3705.812999, 82.531, -174.4995
3732.666848, 82.368, -175.6348
3759.715291, 82.198, -176.7977
3786.959737, 82.022, -177.9995
3814.401609, 81.843, -179.2568
3842.042335, 81.662, 179.4050
3869.883358, 81.480, 177.9518
3897.926128, 81.294, 176.3468
3926.172107, 81.100, 174.5594
3954.622769, 80.893, 172.5657
3983.279596, 80.665, 170.3448
4012.144082, 80.409, 167.8778
4041.217732, 80.114, 165.1490
4070.502061, 79.768, 162.1489
4099.998597, 79.358, 158.8760
4129.708877, 78.867, 155.3373
4159.634450, 78.279, 151.5460
4189.776876, 77.579, 147.5156
4220.137726, 76.754, 143.2458
4250.718584, 75.799, 138.6921
4281.521043, 74.728, 133.6930
4312.546709, 73.601, 127.7662
4343.797200, 72.566, 119.3367
4375.274146, 71.899, 100.7929
4406.979186, 71.912, 20.4885
4438.913974, 72.676, -32.0089
4471.080174, 73.947, -45.4420
4503.479464, 75.424, -52.7415
4536.113533, 76.916, -58.2942
4568.984081, 78.341, -63.2306
4602.092823, 79.667, -67.9860
4635.441485, 80.888, -72.7695
4669.031805, 82.002, -77.6913
4702.865534, 83.010, -82.8054
4736.944436, 83.911, -88.1268
4771.270288, 84.707, -93.6405
4805.844880, 85.397, -99.3074
4840.670013, 85.983, -105.0701
4875.747503, 86.468, -110.8607
4911.079179, 86.859, -116.6073
4946.666884, 87.163, -122.2424
4982.512471, 87.391, -127.7092
5018.617810, 87.554, -132.9655
5054.984784, 87.662, -137.9868
5091.615287, 87.728, -142.7671
5128.511230, 87.760, -147.3165
5165.674537, 87.766, -151.6602
5203.107144, 87.751, -155.8322
5240.811003, 87.718, -159.8717
5278.788080, 87.666, -163.8168
5317.040355, 87.592, -167.6997
5355.569821, 87.493, -171.5443
5394.378487, 87.364, -175.3649
5433.468378, 87.202, -179.1675
5472.841529, 87.004, 177.0470
5512.499995, 86.767, 173.2793
5552.445842, 86.492, 169.5284
5592.681154, 86.178, 165.7891
5633.208027, 85.824, 162.0521
5674.028574, 85.430, 158.3055
5715.144924, 84.994, 154.5378
5756.559221, 84.512, 150.7402
5798.273622, 83.979, 146.9092
5840.290302, 83.392, 143.0475
5882.611454, 82.743, 139.1646
5925.239281, 82.025, 135.2766
5968.176007, 81.231, 131.4058
6011.423871, 80.353, 127.5789
6054.985126, 79.383, 123.8259
6098.862045, 78.312, 120.1782
6143.056913, 77.132, 116.6658
6187.572036, 75.834, 113.3146
6232.409733, 74.411, 110.1433
6277.572344, 72.867, 107.1599
6323.062220, 71.222, 104.3531
6368.881736, 69.553, 101.6663
6415.033278, 68.042, 98.7949
6461.519254, 67.013, -71.9431
6508.342086, 66.762, -83.3966
6555.504216, 67.260, -85.6884
6603.008102, 68.187, -87.6237
6650.856220, 69.246, -89.4364
6699.051066, 70.280, -91.2004
6747.595151, 71.228, -92.9545
6796.491007, 72.076, -94.7202
6845.741183, 72.825, -96.5074
6895.348246, 73.481, -98.3167
6945.314781, 74.052, -100.1407
6995.643395, 74.543, -101.9640
7046.336711, 74.962, -103.7616
7097.397372, 75.314, -105.4969
7148.828039, 75.604, -107.1213
7200.631394, 75.844, -108.5765
7252.810137, 76.045, -109.8036
7305.366989, 76.225, -110.7561
7358.304690, 76.407, -111.4194
7411.625999, 76.612, -111.8286
7465.333696, 76.862, -112.0771
7519.430581, 77.167, -112.3086
7573.919475, 77.527, -112.6888
7628.803218, 77.931, -113.3687
7684.084670, 78.359, -114.4551
7739.766716, 78.789, -115.9983
7795.852256, 79.201, -117.9963
7852.344215, 79.576, -120.4084
7909.245538, 79.902, -123.1700
7966.559191, 80.170, -126.2046
8024.288163, 80.374, -129.4296
8082.435463, 80.511, -132.7600
8141.004122, 80.582, -136.1130
8199.997194, 80.591, -139.4111
8259.417754, 80.546, -142.5886
8319.268900, 80.455, -145.5964
8379.553752, 80.330, -148.4066
8440.275452, 80.182, -151.0129
8501.437168, 80.019, -153.4261
8563.042086, 79.848, -155.6659
8625.093419, 79.671, -157.7502
8687.594401, 79.490, -159.6882
8750.548291, 79.305, -161.4764
8813.958371, 79.117, -163.1001
8877.827947, 78.927, -164.5375
8942.160348, 78.740, -165.7670
9006.958928, 78.562, -166.7733
9072.227065, 78.401, -167.5552
9137.968162, 78.266, -168.1282
9204.185647, 78.166, -168.5244
9270.882970, 78.107, -168.7876
9338.063610, 78.097, -168.9684
9405.731068, 78.141, -169.1191
9473.888873, 78.243, -169.2919
9542.540577, 78.410, -169.5404
9611.689759, 78.649, -169.9266
9681.340025, 78.964, -170.5292
9751.495006, 79.360, -171.4509
9822.158359, 79.834, -172.8201
9893.333767, 80.376, -174.7815
9965.024942, 80.964, -177.4761
10037.235620, 81.568, 178.9860
10109.969567, 82.153, 174.5503
10183.230574, 82.681, 169.2319
10257.022461, 83.124, 163.1134
10331.349074, 83.456, 156.3280
10406.214288, 83.664, 149.0372
10481.622007, 83.738, 141.4116
10557.576160, 83.678, 133.6177
10634.080709, 83.488, 125.8081
10711.139642, 83.177, 118.1147
10788.756975, 82.760, 110.6389
10866.936755, 82.255, 103.4437
10945.683059, 81.680, 96.5475
11024.999990, 81.055, 89.9231
11104.891685, 80.397, 83.5043
11185.362308, 79.713, 77.2025
11266.416054, 79.003, 70.9325
11348.057149, 78.253, 64.6429
11430.289849, 77.442, 58.3448
11513.118441, 76.546, 52.1260
11596.547243, 75.543, 46.1442
11680.580605, 74.418, 40.5973
11765.222907, 73.172, 35.6763
11850.478562, 71.815, 31.5138
11936.352015, 70.369, 28.1415
12022.847742, 68.860, 25.4639
12109.970253, 67.319, 23.2587
12197.724089, 65.773, 21.2041
12286.113826, 64.247, 18.9081
12375.144072, 62.779, 15.9001
12464.819467, 61.447, 11.5023
12555.144687, 60.428, 4.3441
12646.124441, 60.017, -9.7145
12737.763472, 60.456, -48.4967
12830.066557, 61.667, -117.4723
12923.038508, 63.313, -147.6482
13016.684172, 65.086, -162.5774
13111.008431, 66.810, -173.9266
13206.016203, 68.401, 175.5466
13301.712440, 69.818, 164.9872
13398.102132, 71.040, 154.1184
13495.190303, 72.057, 142.9009
13592.982015, 72.867, 131.4094
13691.482366, 73.477, 119.7723
13790.696491, 73.901, 108.1290
13890.629563, 74.159, 96.5985
13991.286791, 74.275, 85.2604
14092.673422, 74.269, 74.1514
14194.794743, 74.158, 63.2767
14297.656077, 73.954, 52.6265
14401.262787, 73.664, 42.1873
14505.620274, 73.296, 31.9449
14610.733978, 72.860, 21.8784
14716.609379, 72.367, 11.9491
14823.251997, 71.829, 2.0945
14930.667392, 71.255, -7.7720
15038.861162, 70.652, -17.7527
15147.838950, 70.017, -27.9501
15257.606435, 69.341, -38.4490
15368.169341, 68.611, -49.3083
15479.533431, 67.813, -60.5669
15591.704511, 66.934, -72.2534
15704.688430, 65.966, -84.3936
15818.491076, 64.902, -97.0034
15933.118383, 63.736, -110.0811
16048.576327, 62.474, -123.6021
16164.870926, 61.141, -137.5591
16282.008245, 59.797, -152.1453
16399.994388, 58.551, -169.7910
16518.835508, 57.536, 7.2648
16638.537799, 56.842, -10.8451
16759.107503, 56.440, -26.1089
16880.550905, 56.196, -41.0721
17002.874335, 55.959, -55.8218
17126.084171, 55.631, -70.0581
17250.186837, 55.186, -83.1775
17375.188802, 54.681, -94.1641
17501.096582, 54.258, -101.5776
17627.916743, 54.110, -104.4688
17755.655894, 54.351, -105.0869
17884.320696, 54.904, -108.7939
18013.917856, 55.560, -118.3469
18144.454131, 56.128, -132.9287
18275.936325, 56.487, -150.9355
18408.371293, 56.580, -171.1240
18541.765940, 56.387, 167.3545
18676.127219, 55.909, 145.0674
18811.462136, 55.157, 122.3538
18947.777745, 54.158, 99.3037
19085.081153, 52.953, 75.7527
19223.379519, 51.598, 51.4277
19362.680051, 50.162, 26.4729
19502.990012, 48.712, 2.1733
19644.316718, 47.347, -19.0881
19786.667534, 46.238, -34.7864
19930.049884, 45.606, -43.1160
