* Measurement data measured by REW V5.40 beta 55
* Source: EXCL: Headset (USB-C to 3.5mm Headphone Jack Adapter), MICROPHONE (Master Volume), 0, volume: 0.260
* Format: 256k Log Swept Sine, 1 sweep at -6.0 dBFS with no timing reference
* Dated: Jan 12, 2025 9:35:26 PM
* REW Settings:
*  C-weighting compensation: Off
*  Target level: 75.0 dB
* Note: ; 
* Measurement: R14
* Smoothing: 1/12 octave
* Frequency Step: 96 ppo
* Start Frequency: 20.0 Hz
*
* Freq(Hz), SPL(dB), Phase(degrees)
20.033247, 73.283, -64.2656
20.178416, 73.352, -64.7709
20.324637, 73.425, -65.2601
20.471918, 73.505, -65.7520
20.620266, 73.590, -66.2659
20.769689, 73.677, -66.8185
20.920195, 73.764, -67.4202
21.071791, 73.844, -68.0716
21.224486, 73.915, -68.7621
21.378287, 73.971, -69.4700
21.533203, 74.011, -70.1632
21.689242, 74.033, -70.8030
21.846411, 74.041, -71.3480
22.004719, 74.038, -71.7598
22.164174, 74.033, -72.0106
22.324785, 74.034, -72.0901
22.486559, 74.053, -72.0120
22.649506, 74.098, -71.8171
22.813634, 74.177, -71.5715
22.978951, 74.292, -71.3580
23.145466, 74.439, -71.2623
23.313188, 74.610, -71.3588
23.482124, 74.793, -71.6971
23.652286, 74.973, -72.2964
23.823680, 75.137, -73.1439
23.996316, 75.273, -74.1989
24.170203, 75.371, -75.3989
24.345351, 75.427, -76.6670
24.521767, 75.439, -77.9182
24.699462, 75.410, -79.0674
24.878444, 75.348, -80.0372
25.058724, 75.266, -80.7668
25.240310, 75.178, -81.2231
25.423211, 75.101, -81.4100
25.607438, 75.053, -81.3735
25.793000, 75.045, -81.1992
25.979907, 75.082, -80.9998
26.168168, 75.163, -80.8922
26.357794, 75.277, -80.9751
26.548793, 75.409, -81.3112
26.741176, 75.543, -81.9199
26.934954, 75.662, -82.7797
27.130136, 75.754, -83.8365
27.326732, 75.812, -85.0144
27.524753, 75.830, -86.2258
27.724208, 75.812, -87.3804
27.925110, 75.762, -88.3947
28.127466, 75.691, -89.2003
28.331290, 75.612, -89.7535
28.536590, 75.542, -90.0435
28.743378, 75.495, -90.0974
28.951664, 75.485, -89.9799
29.161460, 75.518, -89.7827
29.372776, 75.595, -89.6087
29.585623, 75.709, -89.5504
29.800013, 75.848, -89.6738
30.015956, 76.000, -90.0099
30.233464, 76.150, -90.5549
30.452548, 76.289, -91.2778
30.673220, 76.410, -92.1311
30.895490, 76.508, -93.0612
31.119372, 76.584, -94.0179
31.344876, 76.641, -94.9611
31.572014, 76.681, -95.8632
31.800797, 76.708, -96.7097
32.031239, 76.724, -97.4952
32.263351, 76.731, -98.2175
32.497144, 76.729, -98.8729
32.732632, 76.718, -99.4515
32.969826, 76.700, -99.9382
33.208739, 76.677, -100.3163
33.449383, 76.652, -100.5744
33.691771, 76.633, -100.7140
33.935916, 76.625, -100.7541
34.181829, 76.633, -100.7305
34.429525, 76.657, -100.6879
34.679015, 76.696, -100.6689
34.930314, 76.745, -100.7025
35.183433, 76.798, -100.7971
35.438387, 76.851, -100.9424
35.695188, 76.902, -101.1170
35.953850, 76.951, -101.2997
36.214387, 77.002, -101.4796
36.476811, 77.058, -101.6619
36.741137, 77.121, -101.8654
37.007378, 77.190, -102.1137
37.275549, 77.261, -102.4243
37.545663, 77.331, -102.7997
37.817734, 77.394, -103.2263
38.091777, 77.450, -103.6794
38.367806, 77.500, -104.1335
38.645835, 77.545, -104.5724
38.925879, 77.588, -104.9948
39.207952, 77.633, -105.4126
39.492069, 77.679, -105.8424
39.778244, 77.721, -106.2942
40.066494, 77.758, -106.7637
40.356832, 77.786, -107.2306
40.649275, 77.805, -107.6658
40.943836, 77.818, -108.0425
41.240532, 77.830, -108.3488
41.539378, 77.847, -108.5930
41.840389, 77.872, -108.8019
42.143582, 77.907, -109.0118
42.448972, 77.949, -109.2557
42.756574, 77.995, -109.5543
43.066406, 78.040, -109.9124
43.378483, 78.081, -110.3220
43.692822, 78.116, -110.7681
44.009438, 78.142, -111.2328
44.328348, 78.162, -111.6978
44.649570, 78.174, -112.1438
44.973119, 78.182, -112.5520
45.299013, 78.188, -112.9075
45.627268, 78.197, -113.2056
45.957902, 78.213, -113.4568
46.290932, 78.239, -113.6871
46.626375, 78.276, -113.9302
46.964249, 78.320, -114.2147
47.304571, 78.367, -114.5526
47.647360, 78.411, -114.9342
47.992632, 78.449, -115.3334
48.340407, 78.481, -115.7195
48.690701, 78.510, -116.0707
49.043534, 78.539, -116.3813
49.398924, 78.572, -116.6616
49.756889, 78.608, -116.9289
50.117447, 78.646, -117.1979
50.480619, 78.686, -117.4739
50.846423, 78.725, -117.7536
51.214877, 78.764, -118.0308
51.586001, 78.802, -118.3024
51.959814, 78.842, -118.5710
52.336336, 78.883, -118.8429
52.715587, 78.925, -119.1228
53.097586, 78.967, -119.4113
53.482353, 79.009, -119.7046
53.869908, 79.050, -119.9987
54.260272, 79.092, -120.2914
54.653464, 79.133, -120.5815
55.049506, 79.174, -120.8677
55.448417, 79.215, -121.1460
55.850219, 79.255, -121.4125
56.254933, 79.295, -121.6658
56.662579, 79.335, -121.9063
57.073180, 79.373, -122.1324
57.486755, 79.411, -122.3367
57.903328, 79.448, -122.5098
58.322919, 79.489, -122.6545
58.745551, 79.537, -122.7963
59.171246, 79.592, -122.9811
59.600025, 79.648, -123.2524
60.031911, 79.698, -123.6243
60.466927, 79.733, -124.0695
60.905096, 79.752, -124.5339
61.346439, 79.756, -124.9667
61.790981, 79.754, -125.3443
62.238744, 79.752, -125.6740
62.689751, 79.753, -125.9782
63.144027, 79.759, -126.2767
63.601595, 79.770, -126.5797
64.062478, 79.785, -126.8920
64.526701, 79.805, -127.2177
64.994288, 79.828, -127.5591
65.465264, 79.853, -127.9130
65.939652, 79.879, -128.2704
66.417478, 79.906, -128.6208
66.898766, 79.933, -128.9578
67.383542, 79.962, -129.2797
67.871831, 79.992, -129.5879
68.363659, 80.022, -129.8843
68.859050, 80.053, -130.1702
69.358031, 80.083, -130.4481
69.860628, 80.114, -130.7231
70.366867, 80.144, -131.0018
70.876774, 80.172, -131.2895
71.390376, 80.199, -131.5869
71.907700, 80.222, -131.8897
72.428773, 80.244, -132.1935
72.953622, 80.265, -132.4976
73.482274, 80.286, -132.8063
74.014757, 80.307, -133.1240
74.551098, 80.328, -133.4514
75.091326, 80.347, -133.7832
75.635469, 80.366, -134.1117
76.183555, 80.384, -134.4304
76.735612, 80.404, -134.7372
77.291670, 80.425, -135.0361
77.851757, 80.447, -135.3351
78.415903, 80.471, -135.6417
78.984137, 80.495, -135.9589
79.556489, 80.518, -136.2841
80.132988, 80.538, -136.6121
80.713665, 80.557, -136.9387
81.298549, 80.574, -137.2622
81.887672, 80.588, -137.5800
82.481064, 80.601, -137.8871
83.078756, 80.611, -138.1790
83.680778, 80.621, -138.4548
84.287164, 80.631, -138.7181
84.897943, 80.640, -138.9725
85.513149, 80.649, -139.2197
86.132812, 80.656, -139.4597
86.756966, 80.663, -139.6940
87.385643, 80.669, -139.9268
88.018875, 80.675, -140.1627
88.656696, 80.680, -140.4039
89.299139, 80.685, -140.6502
89.946238, 80.689, -140.9006
90.598025, 80.694, -141.1541
91.254536, 80.699, -141.4088
91.915804, 80.704, -141.6621
92.581864, 80.712, -141.9132
93.252750, 80.720, -142.1627
93.928498, 80.730, -142.4105
94.609143, 80.740, -142.6548
95.294719, 80.749, -142.8937
95.985264, 80.758, -143.1274
96.680813, 80.764, -143.3560
97.381402, 80.768, -143.5771
98.087068, 80.770, -143.7877
98.797847, 80.771, -143.9874
99.513777, 80.770, -144.1812
100.234895, 80.769, -144.3740
100.961238, 80.768, -144.5674
101.692845, 80.767, -144.7598
102.429753, 80.766, -144.9502
103.172002, 80.765, -145.1384
103.919628, 80.764, -145.3228
104.672673, 80.763, -145.4990
105.431174, 80.762, -145.6623
106.195172, 80.762, -145.8123
106.964706, 80.763, -145.9542
107.739816, 80.764, -146.0939
108.520543, 80.765, -146.2321
109.306928, 80.765, -146.3644
110.099011, 80.766, -146.4868
110.896834, 80.767, -146.5975
111.700438, 80.767, -146.6948
112.509866, 80.768, -146.7740
113.325158, 80.768, -146.8287
114.146359, 80.768, -146.8555
114.973511, 80.767, -146.8544
115.806656, 80.766, -146.8289
116.645839, 80.766, -146.7843
117.491103, 80.767, -146.7291
118.342492, 80.771, -146.6757
119.200050, 80.780, -146.6425
120.063823, 80.792, -146.6490
120.933855, 80.807, -146.7026
121.810191, 80.821, -146.7905
122.692878, 80.836, -146.8910
123.581962, 80.851, -146.9868
124.477487, 80.868, -147.0690
125.379503, 80.888, -147.1343
126.288054, 80.910, -147.1821
127.203189, 80.933, -147.2131
128.124956, 80.959, -147.2291
129.053402, 80.986, -147.2353
129.988577, 81.016, -147.2401
130.930527, 81.049, -147.2521
131.879304, 81.082, -147.2758
132.834956, 81.117, -147.3127
133.797533, 81.152, -147.3618
134.767085, 81.187, -147.4193
135.743663, 81.222, -147.4808
136.727317, 81.256, -147.5441
137.718100, 81.291, -147.6087
138.716062, 81.327, -147.6777
139.721255, 81.365, -147.7568
140.733733, 81.404, -147.8525
141.753548, 81.445, -147.9679
142.780753, 81.487, -148.1021
143.815401, 81.530, -148.2506
144.857546, 81.572, -148.4083
145.907244, 81.613, -148.5698
146.964548, 81.653, -148.7299
148.029514, 81.692, -148.8857
149.102197, 81.730, -149.0391
150.182652, 81.767, -149.1978
151.270938, 81.804, -149.3704
152.367109, 81.840, -149.5624
153.471224, 81.875, -149.7753
154.583340, 81.910, -150.0077
155.703515, 81.943, -150.2556
156.831807, 81.974, -150.5127
157.968274, 82.005, -150.7734
159.112978, 82.034, -151.0344
160.265976, 82.062, -151.2939
161.427329, 82.088, -151.5504
162.597098, 82.114, -151.8038
163.775344, 82.140, -152.0547
164.962128, 82.166, -152.3051
166.157511, 82.193, -152.5564
167.361557, 82.219, -152.8079
168.574328, 82.245, -153.0575
169.795887, 82.271, -153.3046
171.026298, 82.295, -153.5505
172.265625, 82.318, -153.7969
173.513933, 82.340, -154.0447
174.771286, 82.362, -154.2964
176.037751, 82.384, -154.5553
177.313393, 82.405, -154.8232
178.598279, 82.426, -155.0986
179.892476, 82.446, -155.3784
181.196051, 82.466, -155.6609
182.509072, 82.485, -155.9467
183.831608, 82.505, -156.2371
185.163728, 82.526, -156.5314
186.505500, 82.546, -156.8265
187.856996, 82.566, -157.1191
189.218285, 82.586, -157.4081
190.589439, 82.605, -157.6954
191.970529, 82.622, -157.9846
193.361626, 82.637, -158.2792
194.762804, 82.650, -158.5815
196.174136, 82.661, -158.8928
197.595694, 82.670, -159.2135
199.027554, 82.677, -159.5414
200.469790, 82.682, -159.8720
201.922477, 82.685, -160.1992
203.385690, 82.686, -160.5179
204.859507, 82.685, -160.8254
206.344003, 82.682, -161.1196
207.839257, 82.677, -161.3989
209.345346, 82.671, -161.6619
210.862348, 82.662, -161.9073
212.390344, 82.653, -162.1346
213.929412, 82.643, -162.3445
215.479633, 82.634, -162.5389
217.041087, 82.626, -162.7202
218.613856, 82.620, -162.8898
220.198022, 82.617, -163.0482
221.793668, 82.616, -163.1967
223.400876, 82.618, -163.3386
225.019731, 82.623, -163.4794
226.650317, 82.630, -163.6243
228.292718, 82.640, -163.7770
229.947022, 82.652, -163.9390
231.613312, 82.665, -164.1112
233.291678, 82.678, -164.2946
234.982206, 82.691, -164.4912
236.684984, 82.703, -164.7028
238.400101, 82.715, -164.9305
240.127646, 82.727, -165.1738
241.867710, 82.738, -165.4301
243.620383, 82.749, -165.6964
245.385757, 82.758, -165.9700
247.163923, 82.766, -166.2484
248.954975, 82.772, -166.5300
250.759005, 82.778, -166.8154
252.576108, 82.781, -167.1057
254.406379, 82.784, -167.4016
256.249912, 82.786, -167.7008
258.106805, 82.787, -168.0001
259.977153, 82.786, -168.2966
261.861055, 82.784, -168.5900
263.758608, 82.780, -168.8824
265.669911, 82.775, -169.1766
267.595065, 82.768, -169.4731
269.534169, 82.759, -169.7704
271.487325, 82.750, -170.0666
273.454634, 82.740, -170.3598
275.436199, 82.729, -170.6497
277.432123, 82.717, -170.9369
279.442511, 82.704, -171.2217
281.467467, 82.689, -171.5038
283.507096, 82.673, -171.7826
285.561505, 82.655, -172.0570
287.630801, 82.636, -172.3269
289.715093, 82.615, -172.5929
291.814488, 82.594, -172.8552
293.929096, 82.571, -173.1139
296.059027, 82.548, -173.3683
298.204393, 82.524, -173.6174
300.365305, 82.499, -173.8597
302.541876, 82.474, -174.0938
304.734219, 82.448, -174.3192
306.942449, 82.422, -174.5371
309.166680, 82.395, -174.7497
311.407029, 82.367, -174.9596
313.663613, 82.338, -175.1683
315.936549, 82.308, -175.3759
318.225955, 82.278, -175.5813
320.531952, 82.247, -175.7838
322.854659, 82.215, -175.9818
325.194197, 82.184, -176.1730
327.550688, 82.152, -176.3549
329.924255, 82.120, -176.5273
332.315022, 82.088, -176.6927
334.723114, 82.057, -176.8541
337.148655, 82.025, -177.0125
339.591774, 81.992, -177.1662
342.052596, 81.959, -177.3128
344.531250, 81.924, -177.4504
347.027865, 81.888, -177.5786
349.542572, 81.851, -177.6971
352.075502, 81.813, -177.8068
354.626786, 81.774, -177.9083
357.196558, 81.735, -178.0034
359.784951, 81.694, -178.0932
362.392101, 81.653, -178.1773
365.018144, 81.612, -178.2539
367.663216, 81.570, -178.3217
370.327455, 81.528, -178.3810
373.011000, 81.486, -178.4330
375.713992, 81.444, -178.4785
378.436570, 81.402, -178.5173
381.178878, 81.360, -178.5487
383.941057, 81.317, -178.5714
386.723252, 81.274, -178.5837
389.525608, 81.232, -178.5843
392.348271, 81.189, -178.5724
395.191389, 81.147, -178.5486
398.055108, 81.106, -178.5143
400.939580, 81.065, -178.4719
403.844953, 81.024, -178.4220
406.771380, 80.983, -178.3643
409.719013, 80.943, -178.2975
412.688006, 80.902, -178.2209
415.678514, 80.862, -178.1338
418.690692, 80.822, -178.0357
421.724697, 80.783, -177.9265
424.780688, 80.744, -177.8067
427.858824, 80.706, -177.6772
430.959265, 80.669, -177.5396
434.082174, 80.633, -177.3954
437.227712, 80.599, -177.2457
440.396044, 80.565, -177.0904
443.587336, 80.532, -176.9290
446.801752, 80.500, -176.7607
450.039462, 80.469, -176.5858
453.300634, 80.439, -176.4044
456.585437, 80.409, -176.2168
459.894043, 80.381, -176.0228
463.226625, 80.353, -175.8223
466.583356, 80.326, -175.6151
469.964411, 80.300, -175.4015
473.369967, 80.275, -175.1818
476.800201, 80.251, -174.9561
480.255292, 80.228, -174.7249
483.735420, 80.207, -174.4879
487.240766, 80.187, -174.2443
490.771513, 80.168, -173.9937
494.327846, 80.151, -173.7363
497.909949, 80.136, -173.4739
501.518010, 80.122, -173.2086
505.152216, 80.110, -172.9423
508.812758, 80.099, -172.6750
512.499825, 80.090, -172.4066
516.213610, 80.082, -172.1370
519.954306, 80.076, -171.8674
523.722109, 80.072, -171.5992
527.517216, 80.069, -171.3336
531.339823, 80.068, -171.0712
535.190130, 80.068, -170.8119
539.068339, 80.069, -170.5550
542.974650, 80.071, -170.2994
546.909268, 80.074, -170.0438
550.872398, 80.077, -169.7875
554.864247, 80.082, -169.5309
558.885022, 80.089, -169.2752
562.934933, 80.097, -169.0215
567.014192, 80.106, -168.7709
571.123010, 80.116, -168.5247
575.261603, 80.127, -168.2834
579.430186, 80.138, -168.0472
583.628976, 80.151, -167.8154
587.858192, 80.164, -167.5870
592.118055, 80.178, -167.3617
596.408786, 80.194, -167.1388
600.730610, 80.210, -166.9186
605.083752, 80.228, -166.7019
609.468438, 80.246, -166.4902
613.884897, 80.266, -166.2852
618.333360, 80.285, -166.0880
622.814059, 80.306, -165.8984
627.327226, 80.326, -165.7158
631.873098, 80.348, -165.5394
636.451911, 80.369, -165.3691
641.063904, 80.391, -165.2049
645.709317, 80.413, -165.0466
650.388393, 80.435, -164.8937
655.101375, 80.457, -164.7451
659.848510, 80.479, -164.6003
664.630044, 80.501, -164.4587
669.446228, 80.524, -164.3201
674.297311, 80.546, -164.1843
679.183547, 80.568, -164.0510
684.105191, 80.590, -163.9194
689.062499, 80.612, -163.7888
694.055730, 80.635, -163.6584
699.085144, 80.659, -163.5284
704.151003, 80.683, -163.3999
709.253572, 80.708, -163.2750
714.393116, 80.734, -163.1558
719.569903, 80.761, -163.0438
724.784203, 80.787, -162.9400
730.036288, 80.814, -162.8445
735.326432, 80.841, -162.7563
740.654910, 80.867, -162.6747
746.022001, 80.893, -162.5986
751.427984, 80.918, -162.5270
756.873141, 80.943, -162.4591
762.357756, 80.966, -162.3944
767.882114, 80.989, -162.3323
773.446504, 81.010, -162.2714
779.051217, 81.031, -162.2097
784.696543, 81.050, -162.1439
790.382778, 81.069, -162.0706
796.110217, 81.087, -161.9871
801.879160, 81.106, -161.8917
807.689907, 81.125, -161.7836
813.542761, 81.145, -161.6625
819.438027, 81.167, -161.5295
825.376013, 81.191, -161.3871
831.357028, 81.218, -161.2392
837.381383, 81.248, -161.0909
843.449394, 81.283, -160.9482
849.561376, 81.321, -160.8176
855.717648, 81.362, -160.7048
861.918531, 81.406, -160.6149
868.164348, 81.452, -160.5519
874.455424, 81.500, -160.5181
880.792089, 81.548, -160.5144
887.174671, 81.596, -160.5396
893.603505, 81.643, -160.5912
900.078924, 81.687, -160.6659
906.601267, 81.730, -160.7595
913.170874, 81.769, -160.8679
919.788086, 81.806, -160.9879
926.453250, 81.840, -161.1170
933.166712, 81.871, -161.2533
939.928823, 81.900, -161.3953
946.739934, 81.925, -161.5419
953.600402, 81.948, -161.6917
960.510584, 81.968, -161.8428
967.470839, 81.987, -161.9926
974.481532, 82.003, -162.1389
981.543027, 82.016, -162.2798
988.655692, 82.028, -162.4138
995.819899, 82.038, -162.5395
1003.036020, 82.047, -162.6561
1010.304433, 82.054, -162.7628
1017.625515, 82.060, -162.8585
1024.999649, 82.066, -162.9423
1032.427219, 82.072, -163.0140
1039.908612, 82.078, -163.0734
1047.444219, 82.085, -163.1216
1055.034432, 82.092, -163.1601
1062.679646, 82.101, -163.1909
1070.380261, 82.111, -163.2172
1078.136677, 82.124, -163.2424
1085.949300, 82.138, -163.2708
1093.818536, 82.153, -163.3063
1101.744796, 82.171, -163.3525
1109.728493, 82.189, -163.4127
1117.770043, 82.208, -163.4896
1125.869866, 82.227, -163.5850
1134.028383, 82.246, -163.6996
1142.246020, 82.264, -163.8329
1150.523206, 82.280, -163.9835
1158.860371, 82.293, -164.1486
1167.257951, 82.303, -164.3246
1175.716383, 82.309, -164.5072
1184.236109, 82.312, -164.6912
1192.817572, 82.311, -164.8715
1201.461220, 82.307, -165.0432
1210.167503, 82.299, -165.2020
1218.936876, 82.288, -165.3442
1227.769795, 82.276, -165.4676
1236.666721, 82.262, -165.5709
1245.628118, 82.248, -165.6547
1254.654453, 82.235, -165.7209
1263.746196, 82.222, -165.7722
1272.903822, 82.210, -165.8118
1282.127808, 82.200, -165.8432
1291.418634, 82.191, -165.8694
1300.776786, 82.183, -165.8932
1310.202751, 82.176, -165.9175
1319.697020, 82.170, -165.9445
1329.260089, 82.164, -165.9755
1338.892455, 82.158, -166.0110
1348.594622, 82.152, -166.0500
1358.367094, 82.145, -166.0908
1368.210382, 82.138, -166.1312
1378.124999, 82.130, -166.1702
1388.111461, 82.121, -166.2072
1398.170288, 82.112, -166.2428
1408.302007, 82.102, -166.2781
1418.507144, 82.092, -166.3141
1428.786231, 82.082, -166.3509
1439.139805, 82.072, -166.3884
1449.568405, 82.060, -166.4264
1460.072576, 82.048, -166.4645
1470.652863, 82.035, -166.5017
1481.309820, 82.021, -166.5373
1492.044002, 82.005, -166.5699
1502.855968, 81.988, -166.5986
1513.746282, 81.970, -166.6223
1524.715511, 81.950, -166.6398
1535.764228, 81.930, -166.6500
1546.893009, 81.909, -166.6516
1558.102433, 81.887, -166.6432
1569.393086, 81.864, -166.6233
1580.765555, 81.841, -166.5902
1592.220434, 81.820, -166.5426
1603.758320, 81.801, -166.4796
1615.379813, 81.786, -166.4016
1627.085521, 81.779, -166.3097
1638.876054, 81.781, -166.2063
1650.752025, 81.795, -166.0942
1662.714055, 81.820, -165.9761
1674.762766, 81.854, -165.8543
1686.898788, 81.892, -165.7308
1699.122752, 81.929, -165.6074
1711.435296, 81.960, -165.4854
1723.837061, 81.981, -165.3659
1736.328695, 81.990, -165.2495
1748.910849, 81.985, -165.1359
1761.584178, 81.967, -165.0240
1774.349343, 81.937, -164.9124
1787.207010, 81.897, -164.7992
1800.157848, 81.851, -164.6829
1813.202534, 81.801, -164.5626
1826.341747, 81.750, -164.4385
1839.576172, 81.699, -164.3105
1852.906500, 81.648, -164.1788
1866.333424, 81.598, -164.0428
1879.857645, 81.546, -163.9017
1893.479869, 81.493, -163.7540
1907.200804, 81.438, -163.5985
1921.021168, 81.379, -163.4344
1934.941679, 81.319, -163.2619
1948.963064, 81.256, -163.0818
1963.086054, 81.192, -162.8953
1977.311384, 81.125, -162.7023
1991.639798, 81.057, -162.5018
2006.072041, 80.988, -162.2910
2020.608866, 80.915, -162.0653
2035.251031, 80.840, -161.8177
2049.999299, 80.761, -161.5394
2064.854438, 80.681, -161.2200
2079.817225, 80.601, -160.8508
2094.888438, 80.523, -160.4300
2110.068863, 80.452, -159.9697
2125.359292, 80.390, -159.4994
2140.760521, 80.337, -159.0601
2156.273355, 80.289, -158.6833
2171.898600, 80.239, -158.3730
2187.637073, 80.183, -158.1051
2203.489593, 80.119, -157.8461
2219.456987, 80.047, -157.5684
2235.540087, 79.968, -157.2559
2251.739732, 79.886, -156.9000
2268.056766, 79.803, -156.4964
2284.492041, 79.720, -156.0393
2301.046412, 79.639, -155.5201
2317.720742, 79.563, -154.9263
2334.515902, 79.496, -154.2441
2351.432767, 79.443, -153.4625
2368.472218, 79.409, -152.5790
2385.635144, 79.401, -151.6069
2402.922440, 79.422, -150.5792
2420.335006, 79.477, -149.5483
2437.873752, 79.564, -148.5776
2455.539590, 79.677, -147.7277
2473.333442, 79.810, -147.0427
2491.256235, 79.953, -146.5411
2509.308905, 80.098, -146.2166
2527.492392, 80.241, -146.0461
2545.807644, 80.379, -145.9996
2564.255615, 80.510, -146.0481
2582.837268, 80.637, -146.1687
2601.553572, 80.761, -146.3455
2620.405502, 80.883, -146.5688
2639.394040, 81.006, -146.8333
2658.520177, 81.129, -147.1352
2677.784910, 81.253, -147.4706
2697.189244, 81.379, -147.8342
2716.734189, 81.504, -148.2191
2736.420765, 81.627, -148.6178
2756.249998, 81.749, -149.0223
2776.222921, 81.868, -149.4256
2796.340577, 81.982, -149.8222
2816.604013, 82.090, -150.2077
2837.014287, 82.191, -150.5783
2857.572462, 82.284, -150.9296
2878.279610, 82.367, -151.2557
2899.136811, 82.441, -151.5492
2920.145151, 82.504, -151.8021
2941.305727, 82.558, -152.0076
2962.619641, 82.604, -152.1609
2984.088004, 82.644, -152.2617
3005.711935, 82.681, -152.3140
3027.492563, 82.718, -152.3270
3049.431022, 82.756, -152.3147
3071.528457, 82.799, -152.2948
3093.786018, 82.848, -152.2877
3116.204867, 82.904, -152.3153
3138.786172, 82.968, -152.3988
3161.531110, 83.038, -152.5574
3184.440868, 83.113, -152.8067
3207.516639, 83.191, -153.1584
3230.759627, 83.269, -153.6198
3254.171043, 83.344, -154.1938
3277.752108, 83.415, -154.8792
3301.504051, 83.477, -155.6715
3325.428110, 83.530, -156.5629
3349.525533, 83.569, -157.5431
3373.797576, 83.594, -158.5995
3398.245504, 83.603, -159.7177
3422.870591, 83.595, -160.8809
3447.674123, 83.568, -162.0723
3472.657391, 83.524, -163.2755
3497.821698, 83.464, -164.4771
3523.168356, 83.387, -165.6669
3548.698686, 83.297, -166.8391
3574.414019, 83.193, -167.9915
3600.315697, 83.078, -169.1252
3626.405068, 82.953, -170.2448
3652.683494, 82.818, -171.3567
3679.152345, 82.675, -172.4694
3705.812999, 82.523, -173.5920
3732.666848, 82.365, -174.7340
3759.715291, 82.199, -175.9054
3786.959737, 82.028, -177.1179
3814.401609, 81.853, -178.3881
3842.042335, 81.676, -179.7406
3869.883358, 81.497, 178.7917
3897.926128, 81.315, 177.1738
3926.172107, 81.125, 175.3757
3954.622769, 80.921, 173.3737
3983.279596, 80.698, 171.1457
4012.144082, 80.447, 168.6705
4041.217732, 80.158, 165.9297
4070.502061, 79.819, 162.9113
4099.998597, 79.417, 159.6118
4129.708877, 78.935, 156.0366
4159.634450, 78.357, 152.1969
4189.776876, 77.668, 148.1031
4220.137726, 76.853, 143.7495
4250.718584, 75.909, 139.0807
4281.521043, 74.848, 133.9153
4312.546709, 73.730, 127.7285
4343.797200, 72.701, 118.8398
4375.274146, 72.032, 99.4828
4406.979186, 72.032, 24.5278
4438.913974, 72.778, -28.4927
4471.080174, 74.035, -42.9993
4503.479464, 75.503, -50.7473
4536.113533, 76.993, -56.5291
4568.984081, 78.417, -61.5968
4602.092823, 79.746, -66.4326
4635.441485, 80.970, -71.2679
4669.031805, 82.089, -76.2252
4702.865534, 83.102, -81.3660
4736.944436, 84.009, -86.7097
4771.270288, 84.810, -92.2440
4805.844880, 85.505, -97.9311
4840.670013, 86.095, -103.7141
4875.747503, 86.584, -109.5244
4911.079179, 86.978, -115.2891
4946.666884, 87.284, -120.9389
4982.512471, 87.514, -126.4150
5018.617810, 87.678, -131.6737
5054.984784, 87.787, -136.6895
5091.615287, 87.854, -141.4554
5128.511230, 87.888, -145.9829
5165.674537, 87.898, -150.2975
5203.107144, 87.888, -154.4357
5240.811003, 87.862, -158.4387
5278.788080, 87.818, -162.3477
5317.040355, 87.755, -166.1974
5355.569821, 87.668, -170.0149
5394.378487, 87.553, -173.8169
5433.468378, 87.406, -177.6116
5472.841529, 87.223, 178.5985
5512.499995, 87.001, 174.8132
5552.445842, 86.740, 171.0315
5592.681154, 86.439, 167.2491
5633.208027, 86.097, 163.4592
5674.028574, 85.712, 159.6530
5715.144924, 85.284, 155.8220
5756.559221, 84.807, 151.9611
5798.273622, 84.279, 148.0695
5840.290302, 83.693, 144.1526
5882.611454, 83.044, 140.2228
5925.239281, 82.323, 136.2994
5968.176007, 81.523, 132.4099
6011.423871, 80.637, 128.5891
6054.985126, 79.654, 124.8804
6098.862045, 78.566, 121.3345
6143.056913, 77.364, 118.0122
6187.572036, 76.039, 114.9882
6232.409733, 74.586, 112.3652
6277.572344, 73.007, 110.3182
6323.062220, 71.330, 109.2358
6368.881736, 69.639, 110.3365
6415.033278, 68.138, 120.5601
6461.519254, 67.163, -137.6759
6508.342086, 66.990, -101.1857
6555.504216, 67.541, -96.7328
6603.008102, 68.480, -96.0415
6650.856220, 69.524, -96.4631
6699.051066, 70.532, -97.3702
6747.595151, 71.452, -98.5500
6796.491007, 72.270, -99.9131
6845.741183, 72.988, -101.4116
6895.348246, 73.614, -103.0126
6945.314781, 74.153, -104.6866
6995.643395, 74.611, -106.4013
7046.336711, 74.993, -108.1165
7097.397372, 75.303, -109.7807
7148.828039, 75.549, -111.3303
7200.631394, 75.739, -112.6923
7252.810137, 75.887, -113.7932
7305.366989, 76.013, -114.5739
7358.304690, 76.139, -115.0101
7411.625999, 76.292, -115.1328
7465.333696, 76.495, -115.0396
7519.430581, 76.761, -114.8868
7573.919475, 77.092, -114.8585
7628.803218, 77.476, -115.1254
7684.084670, 77.894, -115.8091
7739.766716, 78.320, -116.9685
7795.852256, 78.732, -118.6041
7852.344215, 79.113, -120.6744
7909.245538, 79.448, -123.1129
7966.559191, 79.728, -125.8413
8024.288163, 79.947, -128.7764
8082.435463, 80.102, -131.8333
8141.004122, 80.194, -134.9292
8199.997194, 80.228, -137.9877
8259.417754, 80.209, -140.9435
8319.268900, 80.147, -143.7480
8379.553752, 80.052, -146.3735
8440.275452, 79.936, -148.8145
8501.437168, 79.807, -151.0837
8563.042086, 79.671, -153.2032
8625.093419, 79.530, -155.1946
8687.594401, 79.386, -157.0693
8750.548291, 79.236, -158.8251
8813.958371, 79.081, -160.4441
8877.827947, 78.921, -161.8979
8942.160348, 78.759, -163.1539
9006.958928, 78.602, -164.1851
9072.227065, 78.459, -164.9797
9137.968162, 78.342, -165.5480
9204.185647, 78.261, -165.9229
9270.882970, 78.227, -166.1562
9338.063610, 78.246, -166.3116
9405.731068, 78.325, -166.4573
9473.888873, 78.468, -166.6611
9542.540577, 78.678, -166.9919
9611.689759, 78.960, -167.5223
9681.340025, 79.313, -168.3369
9751.495006, 79.739, -169.5366
9822.158359, 80.230, -171.2378
9893.333767, 80.772, -173.5637
9965.024942, 81.342, -176.6255
10037.235620, 81.912, 179.4998
10109.969567, 82.448, 174.7886
10183.230574, 82.918, 169.2800
10257.022461, 83.296, 163.0710
10331.349074, 83.564, 156.2981
10406.214288, 83.709, 149.1178
10481.622007, 83.729, 141.6897
10557.576160, 83.623, 134.1653
10634.080709, 83.399, 126.6797
10711.139642, 83.066, 119.3462
10788.756975, 82.639, 112.2477
10866.936755, 82.133, 105.4316
10945.683059, 81.567, 98.9064
11024.999990, 80.956, 92.6437
11104.891685, 80.310, 86.5892
11185.362308, 79.632, 80.6812
11266.416054, 78.918, 74.8782
11348.057149, 78.152, 69.1877
11430.289849, 77.315, 63.6887
11513.118441, 76.391, 58.5332
11596.547243, 75.371, 53.9199
11680.580605, 74.262, 50.0365
11765.222907, 73.091, 46.9800
11850.478562, 71.900, 44.6830
11936.352015, 70.740, 42.8856
12022.847742, 69.656, 41.1858
12109.970253, 68.674, 39.1539
12197.724089, 67.791, 36.4441
12286.113826, 66.976, 32.8364
12375.144072, 66.191, 28.2037
12464.819467, 65.405, 22.4302
12555.144687, 64.611, 15.2955
12646.124441, 63.850, 6.2926
12737.763472, 63.231, -5.7477
12830.066557, 62.938, -23.5232
12923.038508, 63.167, -52.3713
13016.684172, 63.969, -93.1086
13111.008431, 65.200, -128.3641
13206.016203, 66.638, -151.6963
13301.712440, 68.101, -168.6759
13398.102132, 69.474, 177.0070
13495.190303, 70.693, 163.7264
13592.982015, 71.723, 150.8014
13691.482366, 72.546, 137.9906
13790.696491, 73.162, 125.2684
13890.629563, 73.580, 112.7014
13991.286791, 73.822, 100.3726
14092.673422, 73.912, 88.3395
14194.794743, 73.871, 76.6261
14297.656077, 73.718, 65.2302
14401.262787, 73.469, 54.1354
14505.620274, 73.138, 43.3148
14610.733978, 72.739, 32.7274
14716.609379, 72.291, 22.3069
14823.251997, 71.815, 11.9507
14930.667392, 71.332, 1.5135
15038.861162, 70.856, -9.1858
15147.838950, 70.391, -20.3453
15257.606435, 69.928, -32.1534
15368.169341, 69.444, -44.7709
15479.533431, 68.916, -58.3344
15591.704511, 68.320, -72.9847
15704.688430, 67.642, -88.9294
15818.491076, 66.878, -106.5797
15933.118383, 66.042, -126.9053
16048.576327, 65.164, -152.5179
16164.870926, 64.292, 169.1440
16282.008245, 63.486, 110.3352
16399.994388, 62.801, 60.3217
16518.835508, 62.265, 29.0748
16638.537799, 61.860, 5.7998
16759.107503, 61.524, -14.2579
16880.550905, 61.175, -32.7969
17002.874335, 60.740, -50.4286
17126.084171, 60.169, -67.2705
17250.186837, 59.443, -83.1108
17375.188802, 58.577, -97.3770
17501.096582, 57.641, -108.9814
17627.916743, 56.773, -116.2969
17755.655894, 56.167, -118.4448
17884.320696, 55.959, -118.7725
18013.917856, 56.102, -123.4548
18144.454131, 56.397, -134.5227
18275.936325, 56.635, -150.5022
18408.371293, 56.684, -169.6370
18541.765940, 56.476, 169.3049
18676.127219, 55.989, 147.1704
18811.462136, 55.226, 124.6304
18947.777745, 54.209, 102.2524
19085.081153, 52.980, 80.4514
19223.379519, 51.611, 59.3342
19362.680051, 50.196, 38.5569
19502.990012, 48.851, 17.8799
19644.316718, 47.709, -1.1294
19786.667534, 46.903, -15.4333
19930.049884, 46.499, -23.0266
