* Measurement data measured by REW V5.40 beta 55
* Source: EXCL: Headset (USB-C to 3.5mm Headphone Jack Adapter), MICROPHONE (Master Volume), 0, volume: 0.260
* Format: 256k Log Swept Sine, 1 sweep at -6.0 dBFS with no timing reference
* Dated: Jan 12, 2025 9:43:22 PM
* REW Settings:
*  C-weighting compensation: Off
*  Target level: 75.0 dB
* Note: ; 
* Measurement: L10
* Smoothing: 1/12 octave
* Frequency Step: 96 ppo
* Start Frequency: 20.0 Hz
*
* Freq(Hz), SPL(dB), Phase(degrees)
20.033247, 71.603, -41.4978
20.178416, 71.652, -42.4641
20.324637, 71.694, -43.3993
20.471918, 71.730, -44.2935
20.620266, 71.762, -45.1381
20.769689, 71.791, -45.9276
20.920195, 71.820, -46.6607
21.071791, 71.851, -47.3404
21.224486, 71.885, -47.9742
21.378287, 71.925, -48.5726
21.533203, 71.969, -49.1474
21.689242, 72.018, -49.7094
21.846411, 72.071, -50.2666
22.004719, 72.125, -50.8225
22.164174, 72.180, -51.3759
22.324785, 72.235, -51.9212
22.486559, 72.289, -52.4503
22.649506, 72.343, -52.9543
22.813634, 72.398, -53.4272
22.978951, 72.457, -53.8671
23.145466, 72.522, -54.2787
23.313188, 72.596, -54.6741
23.482124, 72.679, -55.0708
23.652286, 72.771, -55.4902
23.823680, 72.871, -55.9531
23.996316, 72.976, -56.4769
24.170203, 73.082, -57.0710
24.345351, 73.185, -57.7358
24.521767, 73.279, -58.4612
24.699462, 73.363, -59.2286
24.878444, 73.434, -60.0128
25.058724, 73.492, -60.7856
25.240310, 73.538, -61.5198
25.423211, 73.575, -62.1924
25.607438, 73.607, -62.7886
25.793000, 73.639, -63.3035
25.979907, 73.674, -63.7423
26.168168, 73.717, -64.1199
26.357794, 73.769, -64.4573
26.548793, 73.832, -64.7775
26.741176, 73.903, -65.1016
26.934954, 73.982, -65.4458
27.130136, 74.067, -65.8212
27.326732, 74.156, -66.2334
27.524753, 74.246, -66.6847
27.724208, 74.338, -67.1764
27.925110, 74.431, -67.7106
28.127466, 74.523, -68.2911
28.331290, 74.613, -68.9227
28.536590, 74.700, -69.6090
28.743378, 74.780, -70.3491
28.951664, 74.850, -71.1350
29.161460, 74.907, -71.9493
29.372776, 74.949, -72.7653
29.585623, 74.975, -73.5488
29.800013, 74.987, -74.2622
30.015956, 74.990, -74.8710
30.233464, 74.989, -75.3506
30.452548, 74.993, -75.6927
30.673220, 75.011, -75.9110
30.895490, 75.049, -76.0405
31.119372, 75.113, -76.1339
31.344876, 75.202, -76.2513
31.572014, 75.313, -76.4487
31.800797, 75.440, -76.7672
32.031239, 75.573, -77.2269
32.263351, 75.704, -77.8259
32.497144, 75.828, -78.5443
32.732632, 75.938, -79.3505
32.969826, 76.034, -80.2084
33.208739, 76.116, -81.0839
33.449383, 76.184, -81.9489
33.691771, 76.242, -82.7837
33.935916, 76.292, -83.5769
34.181829, 76.336, -84.3238
34.429525, 76.377, -85.0240
34.679015, 76.415, -85.6794
34.930314, 76.452, -86.2920
35.183433, 76.487, -86.8643
35.438387, 76.523, -87.3994
35.695188, 76.559, -87.9017
35.953850, 76.597, -88.3779
36.214387, 76.637, -88.8362
36.476811, 76.679, -89.2853
36.741137, 76.721, -89.7334
37.007378, 76.763, -90.1854
37.275549, 76.804, -90.6429
37.545663, 76.842, -91.1029
37.817734, 76.877, -91.5594
38.091777, 76.910, -92.0050
38.367806, 76.940, -92.4333
38.645835, 76.970, -92.8411
38.925879, 77.000, -93.2296
39.207952, 77.034, -93.6042
39.492069, 77.070, -93.9738
39.778244, 77.110, -94.3469
40.066494, 77.153, -94.7308
40.356832, 77.199, -95.1287
40.649275, 77.245, -95.5405
40.943836, 77.293, -95.9639
41.240532, 77.343, -96.3966
41.539378, 77.394, -96.8383
41.840389, 77.447, -97.2905
42.143582, 77.502, -97.7563
42.448972, 77.557, -98.2375
42.756574, 77.613, -98.7335
43.066406, 77.667, -99.2402
43.378483, 77.720, -99.7526
43.692822, 77.772, -100.2659
44.009438, 77.823, -100.7783
44.328348, 77.872, -101.2911
44.649570, 77.920, -101.8071
44.973119, 77.965, -102.3268
45.299013, 78.006, -102.8461
45.627268, 78.041, -103.3551
45.957902, 78.070, -103.8406
46.290932, 78.096, -104.2900
46.626375, 78.119, -104.6959
46.964249, 78.142, -105.0590
47.304571, 78.168, -105.3876
47.647360, 78.197, -105.6940
47.992632, 78.229, -105.9905
48.340407, 78.265, -106.2870
48.690701, 78.303, -106.5912
49.043534, 78.344, -106.9108
49.398924, 78.387, -107.2545
49.756889, 78.430, -107.6309
50.117447, 78.472, -108.0440
50.480619, 78.510, -108.4896
50.846423, 78.542, -108.9542
51.214877, 78.568, -109.4195
51.586001, 78.590, -109.8688
51.959814, 78.610, -110.2938
52.336336, 78.630, -110.6967
52.715587, 78.654, -111.0878
53.097586, 78.681, -111.4813
53.482353, 78.710, -111.8897
53.869908, 78.742, -112.3201
54.260272, 78.772, -112.7719
54.653464, 78.801, -113.2365
55.049506, 78.828, -113.6993
55.448417, 78.854, -114.1469
55.850219, 78.882, -114.5731
56.254933, 78.914, -114.9830
56.662579, 78.950, -115.3890
57.073180, 78.991, -115.8025
57.486755, 79.034, -116.2289
57.903328, 79.079, -116.6697
58.322919, 79.125, -117.1288
58.745551, 79.170, -117.6147
59.171246, 79.211, -118.1318
59.600025, 79.243, -118.6682
60.031911, 79.262, -119.1922
60.466927, 79.271, -119.6644
60.905096, 79.274, -120.0591
61.346439, 79.277, -120.3793
61.790981, 79.284, -120.6522
62.238744, 79.295, -120.9113
62.689751, 79.309, -121.1776
63.144027, 79.322, -121.4563
63.601595, 79.334, -121.7429
64.062478, 79.345, -122.0337
64.526701, 79.356, -122.3278
64.994288, 79.368, -122.6268
65.465264, 79.382, -122.9326
65.939652, 79.397, -123.2482
66.417478, 79.414, -123.5769
66.898766, 79.433, -123.9210
67.383542, 79.453, -124.2787
67.871831, 79.472, -124.6440
68.363659, 79.493, -125.0095
68.859050, 79.513, -125.3690
69.358031, 79.534, -125.7213
69.860628, 79.557, -126.0696
70.366867, 79.579, -126.4178
70.876774, 79.601, -126.7665
71.390376, 79.621, -127.1131
71.907700, 79.639, -127.4539
72.428773, 79.656, -127.7880
72.953622, 79.671, -128.1165
73.482274, 79.684, -128.4398
74.014757, 79.696, -128.7574
74.551098, 79.707, -129.0688
75.091326, 79.718, -129.3768
75.635469, 79.729, -129.6853
76.183555, 79.741, -129.9973
76.735612, 79.752, -130.3130
77.291670, 79.762, -130.6305
77.851757, 79.771, -130.9465
78.415903, 79.780, -131.2573
78.984137, 79.788, -131.5600
79.556489, 79.796, -131.8534
80.132988, 79.803, -132.1376
80.713665, 79.810, -132.4126
81.298549, 79.817, -132.6774
81.887672, 79.823, -132.9319
82.481064, 79.830, -133.1783
83.078756, 79.838, -133.4209
83.680778, 79.846, -133.6644
84.287164, 79.854, -133.9108
84.897943, 79.861, -134.1589
85.513149, 79.868, -134.4058
86.132812, 79.876, -134.6499
86.756966, 79.883, -134.8934
87.385643, 79.892, -135.1395
88.018875, 79.901, -135.3907
88.656696, 79.911, -135.6473
89.299139, 79.921, -135.9076
89.946238, 79.930, -136.1678
90.598025, 79.938, -136.4226
91.254536, 79.946, -136.6675
91.915804, 79.952, -136.8972
92.581864, 79.958, -137.1042
93.252750, 79.965, -137.2829
93.928498, 79.975, -137.4375
94.609143, 79.987, -137.5819
95.294719, 80.002, -137.7286
95.985264, 80.017, -137.8803
96.680813, 80.031, -138.0329
97.381402, 80.046, -138.1835
98.087068, 80.060, -138.3330
98.797847, 80.074, -138.4827
99.513777, 80.088, -138.6331
100.234895, 80.103, -138.7847
100.961238, 80.119, -138.9387
101.692845, 80.137, -139.0961
102.429753, 80.157, -139.2584
103.172002, 80.179, -139.4292
103.919628, 80.205, -139.6122
104.672673, 80.232, -139.8070
105.431174, 80.261, -140.0086
106.195172, 80.289, -140.2112
106.964706, 80.317, -140.4084
107.739816, 80.343, -140.5941
108.520543, 80.366, -140.7638
109.306928, 80.387, -140.9176
110.099011, 80.405, -141.0591
110.896834, 80.421, -141.1957
111.700438, 80.436, -141.3397
112.509866, 80.453, -141.5057
113.325158, 80.473, -141.7052
114.146359, 80.497, -141.9431
114.973511, 80.527, -142.2184
115.806656, 80.563, -142.5264
116.645839, 80.603, -142.8615
117.491103, 80.647, -143.2165
118.342492, 80.687, -143.5790
119.200050, 80.718, -143.9213
120.063823, 80.735, -144.1958
120.933855, 80.742, -144.3615
121.810191, 80.745, -144.4216
122.692878, 80.747, -144.4202
123.581962, 80.753, -144.4074
124.477487, 80.761, -144.4197
125.379503, 80.772, -144.4753
126.288054, 80.785, -144.5766
127.203189, 80.801, -144.7150
128.124956, 80.818, -144.8772
129.053402, 80.837, -145.0496
129.988577, 80.858, -145.2220
130.930527, 80.878, -145.3882
131.879304, 80.898, -145.5460
132.834956, 80.918, -145.6972
133.797533, 80.938, -145.8461
134.767085, 80.958, -145.9972
135.743663, 80.980, -146.1542
136.727317, 81.004, -146.3185
137.718100, 81.030, -146.4901
138.716062, 81.058, -146.6685
139.721255, 81.086, -146.8531
140.733733, 81.115, -147.0435
141.753548, 81.143, -147.2382
142.780753, 81.171, -147.4365
143.815401, 81.199, -147.6387
144.857546, 81.228, -147.8454
145.907244, 81.258, -148.0552
146.964548, 81.289, -148.2662
148.029514, 81.320, -148.4757
149.102197, 81.352, -148.6826
150.182652, 81.383, -148.8885
151.270938, 81.415, -149.0986
152.367109, 81.445, -149.3196
153.471224, 81.475, -149.5560
154.583340, 81.504, -149.8081
155.703515, 81.533, -150.0744
156.831807, 81.561, -150.3531
157.968274, 81.590, -150.6433
159.112978, 81.619, -150.9429
160.265976, 81.647, -151.2480
161.427329, 81.673, -151.5544
162.597098, 81.698, -151.8594
163.775344, 81.719, -152.1633
164.962128, 81.737, -152.4675
166.157511, 81.752, -152.7732
167.361557, 81.765, -153.0812
168.574328, 81.776, -153.3920
169.795887, 81.786, -153.7042
171.026298, 81.796, -154.0144
172.265625, 81.805, -154.3172
173.513933, 81.814, -154.6082
174.771286, 81.824, -154.8861
176.037751, 81.833, -155.1521
177.313393, 81.840, -155.4071
178.598279, 81.847, -155.6498
179.892476, 81.852, -155.8777
181.196051, 81.857, -156.0908
182.509072, 81.863, -156.2921
183.831608, 81.869, -156.4865
185.163728, 81.877, -156.6780
186.505500, 81.885, -156.8705
187.856996, 81.894, -157.0673
189.218285, 81.904, -157.2706
190.589439, 81.915, -157.4819
191.970529, 81.927, -157.7013
193.361626, 81.939, -157.9271
194.762804, 81.953, -158.1556
196.174136, 81.969, -158.3823
197.595694, 81.986, -158.6055
199.027554, 82.004, -158.8264
200.469790, 82.023, -159.0496
201.922477, 82.042, -159.2778
203.385690, 82.059, -159.5116
204.859507, 82.076, -159.7500
206.344003, 82.092, -159.9927
207.839257, 82.107, -160.2393
209.345346, 82.122, -160.4879
210.862348, 82.136, -160.7371
212.390344, 82.150, -160.9857
213.929412, 82.163, -161.2328
215.479633, 82.175, -161.4785
217.041087, 82.187, -161.7245
218.613856, 82.199, -161.9728
220.198022, 82.210, -162.2236
221.793668, 82.222, -162.4762
223.400876, 82.234, -162.7300
225.019731, 82.247, -162.9856
226.650317, 82.260, -163.2448
228.292718, 82.274, -163.5099
229.947022, 82.288, -163.7829
231.613312, 82.302, -164.0649
233.291678, 82.316, -164.3552
234.982206, 82.329, -164.6528
236.684984, 82.342, -164.9581
238.400101, 82.354, -165.2734
240.127646, 82.365, -165.6023
241.867710, 82.374, -165.9453
243.620383, 82.381, -166.2983
245.385757, 82.388, -166.6549
247.163923, 82.393, -167.0098
248.954975, 82.397, -167.3596
250.759005, 82.399, -167.7029
252.576108, 82.398, -168.0395
254.406379, 82.395, -168.3711
256.249912, 82.390, -168.7012
258.106805, 82.384, -169.0321
259.977153, 82.378, -169.3643
261.861055, 82.372, -169.6980
263.758608, 82.366, -170.0342
265.669911, 82.360, -170.3738
267.595065, 82.353, -170.7153
269.534169, 82.344, -171.0545
271.487325, 82.335, -171.3871
273.454634, 82.325, -171.7111
275.436199, 82.314, -172.0276
277.432123, 82.301, -172.3388
279.442511, 82.287, -172.6467
281.467467, 82.271, -172.9521
283.507096, 82.253, -173.2553
285.561505, 82.235, -173.5564
287.630801, 82.215, -173.8575
289.715093, 82.194, -174.1619
291.814488, 82.173, -174.4710
293.929096, 82.150, -174.7830
296.059027, 82.128, -175.0941
298.204393, 82.105, -175.4008
300.365305, 82.082, -175.7003
302.541876, 82.058, -175.9916
304.734219, 82.032, -176.2747
306.942449, 82.006, -176.5499
309.166680, 81.978, -176.8182
311.407029, 81.950, -177.0808
313.663613, 81.921, -177.3389
315.936549, 81.892, -177.5934
318.225955, 81.862, -177.8447
320.531952, 81.832, -178.0917
322.854659, 81.801, -178.3329
325.194197, 81.770, -178.5688
327.550688, 81.737, -178.8007
329.924255, 81.703, -179.0291
332.315022, 81.668, -179.2521
334.723114, 81.632, -179.4679
337.148655, 81.595, -179.6775
339.591774, 81.557, -179.8846
342.052596, 81.519, 179.9087
344.531250, 81.480, 179.7036
347.027865, 81.441, 179.5039
349.542572, 81.401, 179.3117
352.075502, 81.360, 179.1262
354.626786, 81.318, 178.9464
357.196558, 81.276, 178.7732
359.784951, 81.232, 178.6099
362.392101, 81.189, 178.4601
365.018144, 81.145, 178.3239
367.663216, 81.101, 178.1987
370.327455, 81.057, 178.0822
373.011000, 81.012, 177.9738
375.713992, 80.968, 177.8745
378.436570, 80.923, 177.7854
381.178878, 80.878, 177.7077
383.941057, 80.832, 177.6419
386.723252, 80.785, 177.5870
389.525608, 80.738, 177.5407
392.348271, 80.691, 177.5012
395.191389, 80.643, 177.4681
398.055108, 80.595, 177.4413
400.939580, 80.547, 177.4200
403.844953, 80.499, 177.4039
406.771380, 80.452, 177.3947
409.719013, 80.406, 177.3953
412.688006, 80.361, 177.4084
415.678514, 80.316, 177.4364
418.690692, 80.272, 177.4792
421.724697, 80.229, 177.5342
424.780688, 80.185, 177.5980
427.858824, 80.142, 177.6683
430.959265, 80.099, 177.7458
434.082174, 80.057, 177.8314
437.227712, 80.015, 177.9241
440.396044, 79.973, 178.0210
443.587336, 79.931, 178.1199
446.801752, 79.890, 178.2211
450.039462, 79.849, 178.3274
453.300634, 79.808, 178.4427
456.585437, 79.769, 178.5701
459.894043, 79.730, 178.7100
463.226625, 79.693, 178.8608
466.583356, 79.656, 179.0196
469.964411, 79.621, 179.1844
473.369967, 79.587, 179.3550
476.800201, 79.554, 179.5320
480.255292, 79.522, 179.7159
483.735420, 79.492, 179.9058
487.240766, 79.462, -179.8995
490.771513, 79.433, -179.7016
494.327846, 79.405, -179.5006
497.909949, 79.378, -179.2952
501.518010, 79.350, -179.0830
505.152216, 79.323, -178.8627
508.812758, 79.297, -178.6334
512.499825, 79.271, -178.3950
516.213610, 79.247, -178.1472
519.954306, 79.225, -177.8902
523.722109, 79.206, -177.6255
527.517216, 79.188, -177.3562
531.339823, 79.173, -177.0865
535.190130, 79.161, -176.8199
539.068339, 79.152, -176.5584
542.974650, 79.144, -176.3028
546.909268, 79.138, -176.0528
550.872398, 79.133, -175.8081
554.864247, 79.130, -175.5687
558.885022, 79.127, -175.3350
562.934933, 79.125, -175.1068
567.014192, 79.124, -174.8832
571.123010, 79.123, -174.6627
575.261603, 79.123, -174.4430
579.430186, 79.124, -174.2211
583.628976, 79.125, -173.9955
587.858192, 79.128, -173.7670
592.118055, 79.131, -173.5376
596.408786, 79.135, -173.3087
600.730610, 79.140, -173.0812
605.083752, 79.146, -172.8555
609.468438, 79.153, -172.6322
613.884897, 79.161, -172.4130
618.333360, 79.170, -172.1997
622.814059, 79.181, -171.9935
627.327226, 79.192, -171.7946
631.873098, 79.205, -171.6016
636.451911, 79.219, -171.4127
641.063904, 79.233, -171.2267
645.709317, 79.248, -171.0436
650.388393, 79.264, -170.8637
655.101375, 79.279, -170.6878
659.848510, 79.296, -170.5167
664.630044, 79.312, -170.3505
669.446228, 79.329, -170.1888
674.297311, 79.347, -170.0312
679.183547, 79.365, -169.8776
684.105191, 79.384, -169.7287
689.062499, 79.403, -169.5853
694.055730, 79.423, -169.4479
699.085144, 79.443, -169.3162
704.151003, 79.464, -169.1900
709.253572, 79.484, -169.0682
714.393116, 79.504, -168.9502
719.569903, 79.523, -168.8362
724.784203, 79.543, -168.7256
730.036288, 79.563, -168.6175
735.326432, 79.582, -168.5111
740.654910, 79.603, -168.4065
746.022001, 79.624, -168.3041
751.427984, 79.646, -168.2043
756.873141, 79.668, -168.1079
762.357756, 79.692, -168.0155
767.882114, 79.715, -167.9278
773.446504, 79.739, -167.8450
779.051217, 79.763, -167.7668
784.696543, 79.788, -167.6935
790.382778, 79.812, -167.6260
796.110217, 79.837, -167.5652
801.879160, 79.862, -167.5117
807.689907, 79.887, -167.4655
813.542761, 79.911, -167.4263
819.438027, 79.936, -167.3938
825.376013, 79.960, -167.3673
831.357028, 79.983, -167.3467
837.381383, 80.007, -167.3321
843.449394, 80.030, -167.3231
849.561376, 80.053, -167.3191
855.717648, 80.075, -167.3196
861.918531, 80.097, -167.3240
868.164348, 80.119, -167.3320
874.455424, 80.140, -167.3433
880.792089, 80.162, -167.3583
887.174671, 80.182, -167.3771
893.603505, 80.203, -167.4000
900.078924, 80.223, -167.4271
906.601267, 80.243, -167.4583
913.170874, 80.263, -167.4926
919.788086, 80.283, -167.5298
926.453250, 80.302, -167.5703
933.166712, 80.321, -167.6151
939.928823, 80.340, -167.6650
946.739934, 80.357, -167.7204
953.600402, 80.375, -167.7816
960.510584, 80.392, -167.8489
967.470839, 80.408, -167.9222
974.481532, 80.424, -168.0008
981.543027, 80.439, -168.0841
988.655692, 80.454, -168.1724
995.819899, 80.467, -168.2664
1003.036020, 80.479, -168.3666
1010.304433, 80.490, -168.4731
1017.625515, 80.500, -168.5854
1024.999649, 80.508, -168.7026
1032.427219, 80.514, -168.8239
1039.908612, 80.519, -168.9486
1047.444219, 80.522, -169.0760
1055.034432, 80.523, -169.2051
1062.679646, 80.521, -169.3347
1070.380261, 80.517, -169.4628
1078.136677, 80.509, -169.5864
1085.949300, 80.499, -169.7015
1093.818536, 80.486, -169.8035
1101.744796, 80.470, -169.8876
1109.728493, 80.452, -169.9495
1117.770043, 80.432, -169.9853
1125.869866, 80.412, -169.9922
1134.028383, 80.392, -169.9689
1142.246020, 80.373, -169.9160
1150.523206, 80.357, -169.8362
1158.860371, 80.343, -169.7343
1167.257951, 80.333, -169.6160
1175.716383, 80.326, -169.4872
1184.236109, 80.324, -169.3535
1192.817572, 80.326, -169.2197
1201.461220, 80.332, -169.0900
1210.167503, 80.342, -168.9681
1218.936876, 80.355, -168.8577
1227.769795, 80.370, -168.7620
1236.666721, 80.389, -168.6840
1245.628118, 80.409, -168.6263
1254.654453, 80.431, -168.5910
1263.746196, 80.454, -168.5800
1272.903822, 80.478, -168.5947
1282.127808, 80.502, -168.6362
1291.418634, 80.526, -168.7043
1300.776786, 80.548, -168.7977
1310.202751, 80.568, -168.9138
1319.697020, 80.585, -169.0499
1329.260089, 80.600, -169.2026
1338.892455, 80.611, -169.3682
1348.594622, 80.619, -169.5425
1358.367094, 80.623, -169.7226
1368.210382, 80.624, -169.9062
1378.124999, 80.622, -170.0918
1388.111461, 80.616, -170.2774
1398.170288, 80.607, -170.4607
1408.302007, 80.594, -170.6390
1418.507144, 80.579, -170.8097
1428.786231, 80.561, -170.9698
1439.139805, 80.541, -171.1168
1449.568405, 80.519, -171.2480
1460.072576, 80.496, -171.3618
1470.652863, 80.472, -171.4574
1481.309820, 80.448, -171.5358
1492.044002, 80.424, -171.6004
1502.855968, 80.402, -171.6563
1513.746282, 80.380, -171.7101
1524.715511, 80.360, -171.7685
1535.764228, 80.340, -171.8368
1546.893009, 80.320, -171.9186
1558.102433, 80.298, -172.0150
1569.393086, 80.274, -172.1237
1580.765555, 80.247, -172.2397
1592.220434, 80.218, -172.3563
1603.758320, 80.187, -172.4661
1615.379813, 80.155, -172.5615
1627.085521, 80.125, -172.6357
1638.876054, 80.099, -172.6826
1650.752025, 80.081, -172.6975
1662.714055, 80.070, -172.6772
1674.762766, 80.066, -172.6204
1686.898788, 80.066, -172.5275
1699.122752, 80.065, -172.4015
1711.435296, 80.060, -172.2465
1723.837061, 80.048, -172.0673
1736.328695, 80.025, -171.8683
1748.910849, 79.991, -171.6536
1761.584178, 79.947, -171.4262
1774.349343, 79.894, -171.1887
1787.207010, 79.833, -170.9438
1800.157848, 79.769, -170.6938
1813.202534, 79.704, -170.4409
1826.341747, 79.640, -170.1868
1839.576172, 79.578, -169.9328
1852.906500, 79.517, -169.6798
1866.333424, 79.459, -169.4281
1879.857645, 79.401, -169.1772
1893.479869, 79.343, -168.9270
1907.200804, 79.283, -168.6768
1921.021168, 79.222, -168.4265
1934.941679, 79.158, -168.1758
1948.963064, 79.093, -167.9249
1963.086054, 79.026, -167.6735
1977.311384, 78.957, -167.4210
1991.639798, 78.887, -167.1663
2006.072041, 78.816, -166.9076
2020.608866, 78.743, -166.6425
2035.251031, 78.667, -166.3676
2049.999299, 78.589, -166.0788
2064.854438, 78.509, -165.7720
2079.817225, 78.426, -165.4432
2094.888438, 78.341, -165.0885
2110.068863, 78.256, -164.7039
2125.359292, 78.170, -164.2863
2140.760521, 78.086, -163.8346
2156.273355, 78.006, -163.3543
2171.898600, 77.931, -162.8601
2187.637073, 77.861, -162.3748
2203.489593, 77.793, -161.9178
2219.456987, 77.723, -161.4901
2235.540087, 77.650, -161.0731
2251.739732, 77.572, -160.6433
2268.056766, 77.492, -160.1843
2284.492041, 77.414, -159.6906
2301.046412, 77.340, -159.1660
2317.720742, 77.271, -158.6152
2334.515902, 77.208, -158.0326
2351.432767, 77.150, -157.3990
2368.472218, 77.101, -156.6892
2385.635144, 77.064, -155.8827
2402.922440, 77.043, -154.9713
2420.335006, 77.045, -153.9644
2437.873752, 77.073, -152.8920
2455.539590, 77.133, -151.8041
2473.333442, 77.223, -150.7650
2491.256235, 77.340, -149.8403
2509.308905, 77.480, -149.0833
2527.492392, 77.632, -148.5229
2545.807644, 77.790, -148.1618
2564.255615, 77.947, -147.9804
2582.837268, 78.100, -147.9478
2601.553572, 78.248, -148.0309
2620.405502, 78.390, -148.2012
2639.394040, 78.529, -148.4360
2658.520177, 78.664, -148.7182
2677.784910, 78.797, -149.0353
2697.189244, 78.928, -149.3783
2716.734189, 79.059, -149.7400
2736.420765, 79.187, -150.1149
2756.249998, 79.313, -150.4980
2776.222921, 79.436, -150.8851
2796.340577, 79.553, -151.2715
2816.604013, 79.665, -151.6533
2837.014287, 79.768, -152.0259
2857.572462, 79.862, -152.3853
2878.279610, 79.946, -152.7278
2899.136811, 80.018, -153.0500
2920.145151, 80.080, -153.3480
2941.305727, 80.129, -153.6169
2962.619641, 80.166, -153.8506
2984.088004, 80.192, -154.0431
3005.711935, 80.207, -154.1884
3027.492563, 80.214, -154.2815
3049.431022, 80.214, -154.3192
3071.528457, 80.211, -154.3007
3093.786018, 80.209, -154.2288
3116.204867, 80.210, -154.1101
3138.786172, 80.219, -153.9573
3161.531110, 80.239, -153.7889
3184.440868, 80.273, -153.6296
3207.516639, 80.320, -153.5085
3230.759627, 80.382, -153.4567
3254.171043, 80.457, -153.5038
3277.752108, 80.541, -153.6758
3301.504051, 80.631, -153.9908
3325.428110, 80.722, -154.4590
3349.525533, 80.808, -155.0812
3373.797576, 80.885, -155.8497
3398.245504, 80.948, -156.7501
3422.870591, 80.995, -157.7622
3447.674123, 81.022, -158.8633
3472.657391, 81.028, -160.0295
3497.821698, 81.013, -161.2379
3523.168356, 80.977, -162.4681
3548.698686, 80.922, -163.7034
3574.414019, 80.848, -164.9321
3600.315697, 80.758, -166.1481
3626.405068, 80.653, -167.3497
3652.683494, 80.535, -168.5400
3679.152345, 80.405, -169.7244
3705.812999, 80.263, -170.9105
3732.666848, 80.111, -172.1064
3759.715291, 79.950, -173.3210
3786.959737, 79.780, -174.5636
3814.401609, 79.602, -175.8442
3842.042335, 79.417, -177.1743
3869.883358, 79.225, -178.5660
3897.926128, 79.024, 179.9687
3926.172107, 78.813, 178.4191
3954.622769, 78.590, 176.7775
3983.279596, 78.352, 175.0388
4012.144082, 78.095, 173.2004
4041.217732, 77.816, 171.2601
4070.502061, 77.511, 169.2126
4099.998597, 77.177, 167.0445
4129.708877, 76.809, 164.7290
4159.634450, 76.402, 162.2255
4189.776876, 75.945, 159.4846
4220.137726, 75.424, 156.4579
4250.718584, 74.822, 153.1072
4281.521043, 74.121, 149.4033
4312.546709, 73.305, 145.3046
4343.797200, 72.374, 140.7031
4375.274146, 71.351, 135.3076
4406.979186, 70.308, 128.3356
4438.913974, 69.414, 117.2098
4471.080174, 68.948, 88.5081
4503.479464, 69.166, 6.2736
4536.113533, 70.051, -28.9749
4568.984081, 71.328, -41.4313
4602.092823, 72.726, -49.0845
4635.441485, 74.092, -55.1708
4669.031805, 75.361, -60.6214
4702.865534, 76.512, -65.7924
4736.944436, 77.545, -70.8441
4771.270288, 78.460, -75.8513
4805.844880, 79.264, -80.8421
4840.670013, 79.959, -85.8134
4875.747503, 80.552, -90.7398
4911.079179, 81.047, -95.5813
4946.666884, 81.451, -100.2896
4982.512471, 81.773, -104.8149
5018.617810, 82.021, -109.1123
5054.984784, 82.204, -113.1450
5091.615287, 82.333, -116.8873
5128.511230, 82.417, -120.3243
5165.674537, 82.465, -123.4507
5203.107144, 82.483, -126.2690
5240.811003, 82.480, -128.7883
5278.788080, 82.460, -131.0223
5317.040355, 82.427, -132.9895
5355.569821, 82.387, -134.7119
5394.378487, 82.343, -136.2158
5433.468378, 82.296, -137.5295
5472.841529, 82.248, -138.6829
5512.499995, 82.201, -139.7053
5552.445842, 82.157, -140.6250
5592.681154, 82.115, -141.4678
5633.208027, 82.079, -142.2589
5674.028574, 82.050, -143.0232
5715.144924, 82.028, -143.7870
5756.559221, 82.015, -144.5795
5798.273622, 82.011, -145.4331
5840.290302, 82.016, -146.3833
5882.611454, 82.026, -147.4653
5925.239281, 82.036, -148.7117
5968.176007, 82.041, -150.1464
6011.423871, 82.031, -151.7805
6054.985126, 81.996, -153.6086
6098.862045, 81.927, -155.6071
6143.056913, 81.816, -157.7349
6187.572036, 81.656, -159.9358
6232.409733, 81.440, -162.1428
6277.572344, 81.167, -164.2809
6323.062220, 80.837, -166.2714
6368.881736, 80.453, -168.0366
6415.033278, 80.021, -169.5055
6461.519254, 79.548, -170.6179
6508.342086, 79.046, -171.3303
6555.504216, 78.526, -171.6182
6603.008102, 78.001, -171.4763
6650.856220, 77.482, -170.9170
6699.051066, 76.981, -169.9656
6747.595151, 76.506, -168.6544
6796.491007, 76.065, -167.0182
6845.741183, 75.664, -165.0928
6895.348246, 75.309, -162.9185
6945.314781, 75.005, -160.5457
6995.643395, 74.757, -158.0383
7046.336711, 74.565, -155.4695
7097.397372, 74.428, -152.9093
7148.828039, 74.341, -150.4094
7200.631394, 74.299, -147.9927
7252.810137, 74.297, -145.6542
7305.366989, 74.336, -143.3750
7358.304690, 74.419, -141.1415
7411.625999, 74.552, -138.9647
7465.333696, 74.744, -136.8893
7519.430581, 74.996, -134.9897
7573.919475, 75.307, -133.3566
7628.803218, 75.671, -132.0774
7684.084670, 76.076, -131.2217
7739.766716, 76.506, -130.8333
7795.852256, 76.948, -130.9304
7852.344215, 77.387, -131.5098
7909.245538, 77.809, -132.5497
7966.559191, 78.203, -134.0138
8024.288163, 78.558, -135.8521
8082.435463, 78.867, -138.0045
8141.004122, 79.125, -140.4043
8199.997194, 79.330, -142.9829
8259.417754, 79.482, -145.6744
8319.268900, 79.584, -148.4186
8379.553752, 79.641, -151.1663
8440.275452, 79.659, -153.8816
8501.437168, 79.642, -156.5398
8563.042086, 79.596, -159.1233
8625.093419, 79.523, -161.6169
8687.594401, 79.429, -164.0063
8750.548291, 79.314, -166.2751
8813.958371, 79.183, -168.4048
8877.827947, 79.039, -170.3763
8942.160348, 78.887, -172.1750
9006.958928, 78.733, -173.7944
9072.227065, 78.584, -175.2385
9137.968162, 78.444, -176.5220
9204.185647, 78.322, -177.6698
9270.882970, 78.220, -178.7156
9338.063610, 78.145, -179.7002
9405.731068, 78.099, 179.3296
9473.888873, 78.085, 178.3230
9542.540577, 78.102, 177.2280
9611.689759, 78.150, 175.9934
9681.340025, 78.225, 174.5701
9751.495006, 78.323, 172.9133
9822.158359, 78.438, 170.9836
9893.333767, 78.561, 168.7490
9965.024942, 78.684, 166.1873
10037.235620, 78.795, 163.2893
10109.969567, 78.881, 160.0648
10183.230574, 78.931, 156.5479
10257.022461, 78.935, 152.7974
10331.349074, 78.885, 148.8894
10406.214288, 78.782, 144.9028
10481.622007, 78.629, 140.9048
10557.576160, 78.430, 136.9447
10634.080709, 78.192, 133.0564
10711.139642, 77.919, 129.2629
10788.756975, 77.617, 125.5800
10866.936755, 77.292, 122.0149
10945.683059, 76.952, 118.5608
11024.999990, 76.604, 115.1882
11104.891685, 76.257, 111.8363
11185.362308, 75.915, 108.4150
11266.416054, 75.574, 104.8191
11348.057149, 75.221, 100.9565
11430.289849, 74.833, 96.7806
11513.118441, 74.382, 92.3130
11596.547243, 73.839, 87.6505
11680.580605, 73.180, 82.9580
11765.222907, 72.387, 78.4573
11850.478562, 71.454, 74.4364
11936.352015, 70.385, 71.3076
12022.847742, 69.202, 69.7656
12109.970253, 67.974, 71.1320
12197.724089, 66.858, 77.9121
12286.113826, 66.127, 93.1589
12375.144072, 66.044, 113.4990
12464.819467, 66.604, 127.6465
12555.144687, 67.527, 132.7671
12646.124441, 68.518, 132.1365
12737.763472, 69.411, 128.4110
12830.066557, 70.139, 123.0787
12923.038508, 70.697, 116.9758
13016.684172, 71.103, 110.5947
13111.008431, 71.391, 104.2292
13206.016203, 71.597, 98.0437
13301.712440, 71.761, 92.1058
13398.102132, 71.919, 86.4021
13495.190303, 72.103, 80.8499
13592.982015, 72.333, 75.3152
13691.482366, 72.612, 69.6392
13790.696491, 72.934, 63.6697
13890.629563, 73.280, 57.2861
13991.286791, 73.632, 50.4113
14092.673422, 73.973, 43.0060
14194.794743, 74.288, 35.0558
14297.656077, 74.568, 26.5551
14401.262787, 74.804, 17.4963
14505.620274, 74.985, 7.8706
14610.733978, 75.097, -2.3237
14716.609379, 75.121, -13.0695
14823.251997, 75.038, -24.3193
14930.667392, 74.830, -35.9935
15038.861162, 74.487, -47.9874
15147.838950, 74.006, -60.1921
15257.606435, 73.392, -72.5200
15368.169341, 72.660, -84.9229
15479.533431, 71.827, -97.3983
15591.704511, 70.906, -109.9811
15704.688430, 69.910, -122.7313
15818.491076, 68.849, -135.7261
15933.118383, 67.728, -149.0576
16048.576327, 66.550, -162.8319
16164.870926, 65.314, -177.1672
16282.008245, 64.016, 167.8002
16399.994388, 62.652, 151.9008
16518.835508, 61.219, 134.9071
16638.537799, 59.727, 116.5112
16759.107503, 58.210, 96.3505
16880.550905, 56.761, 74.2050
17002.874335, 55.562, 50.4261
17126.084171, 54.857, 26.1891
17250.186837, 54.785, 2.7865
17375.188802, 55.233, -19.3284
17501.096582, 55.936, -40.4819
17627.916743, 56.676, -61.1890
17755.655894, 57.332, -81.8292
17884.320696, 57.857, -102.6185
18013.917856, 58.243, -123.6863
18144.454131, 58.503, -145.1426
18275.936325, 58.654, -167.1057
18408.371293, 58.712, 170.3118
18541.765940, 58.690, 147.0284
18676.127219, 58.596, 122.9871
18811.462136, 58.432, 98.1367
18947.777745, 58.191, 72.3873
19085.081153, 57.863, 45.4991
19223.379519, 57.432, 16.8180
19362.680051, 56.887, -15.2582
19502.990012, 56.229, -53.4420
19644.316718, 55.505, -96.5190
19786.667534, 54.834, -131.2222
19930.049884, 54.412, -148.3379
