* Measurement data measured by REW V5.40 beta 55
* Source: EXCL: Headset (USB-C to 3.5mm Headphone Jack Adapter), MICROPHONE (Master Volume), 0, volume: 0.260
* Format: 256k Log Swept Sine, 1 sweep at -6.0 dBFS with no timing reference
* Dated: Jan 12, 2025 10:58:13 PM
* REW Settings:
*  C-weighting compensation: Off
*  Target level: 75.0 dB
* Note: ; 
* Measurement: L5
* Smoothing: 1/12 octave
* Frequency Step: 96 ppo
* Start Frequency: 20.0 Hz
*
* Freq(Hz), SPL(dB), Phase(degrees)
20.033247, 90.893, -104.5106
20.178416, 90.821, -105.6907
20.324637, 90.739, -106.7176
20.471918, 90.653, -107.5873
20.620266, 90.570, -108.3069
20.769689, 90.496, -108.8938
20.920195, 90.433, -109.3740
21.071791, 90.385, -109.7785
21.224486, 90.353, -110.1393
21.378287, 90.333, -110.4850
21.533203, 90.324, -110.8364
21.689242, 90.321, -111.2045
21.846411, 90.321, -111.5885
22.004719, 90.321, -111.9771
22.164174, 90.318, -112.3505
22.324785, 90.312, -112.6847
22.486559, 90.306, -112.9556
22.649506, 90.304, -113.1444
22.813634, 90.310, -113.2438
22.978951, 90.332, -113.2612
23.145466, 90.375, -113.2219
23.313188, 90.443, -113.1676
23.482124, 90.539, -113.1518
23.652286, 90.660, -113.2319
23.823680, 90.801, -113.4595
23.996316, 90.953, -113.8719
24.170203, 91.106, -114.4866
24.345351, 91.251, -115.2988
24.521767, 91.377, -116.2832
24.699462, 91.479, -117.3981
24.878444, 91.550, -118.5900
25.058724, 91.590, -119.8003
25.240310, 91.601, -120.9716
25.423211, 91.587, -122.0536
25.607438, 91.555, -123.0101
25.793000, 91.516, -123.8236
25.979907, 91.476, -124.4990
26.168168, 91.445, -125.0629
26.357794, 91.427, -125.5585
26.548793, 91.423, -126.0367
26.741176, 91.431, -126.5452
26.934954, 91.444, -127.1172
27.130136, 91.455, -127.7651
27.326732, 91.456, -128.4785
27.524753, 91.442, -129.2266
27.724208, 91.408, -129.9645
27.925110, 91.357, -130.6425
28.127466, 91.291, -131.2144
28.331290, 91.217, -131.6474
28.536590, 91.145, -131.9289
28.743378, 91.084, -132.0704
28.951664, 91.041, -132.1067
29.161460, 91.020, -132.0890
29.372776, 91.022, -132.0751
29.585623, 91.044, -132.1174
29.800013, 91.080, -132.2537
30.015956, 91.122, -132.5026
30.233464, 91.164, -132.8634
30.452548, 91.199, -133.3203
30.673220, 91.222, -133.8476
30.895490, 91.233, -134.4150
31.119372, 91.229, -134.9923
31.344876, 91.213, -135.5518
31.572014, 91.184, -136.0699
31.800797, 91.146, -136.5277
32.031239, 91.102, -136.9111
32.263351, 91.055, -137.2114
32.497144, 91.009, -137.4265
32.732632, 90.968, -137.5616
32.969826, 90.935, -137.6308
33.208739, 90.913, -137.6558
33.449383, 90.905, -137.6649
33.691771, 90.911, -137.6892
33.935916, 90.928, -137.7585
34.181829, 90.955, -137.8973
34.429525, 90.988, -138.1218
34.679015, 91.022, -138.4391
34.930314, 91.054, -138.8478
35.183433, 91.080, -139.3393
35.438387, 91.097, -139.9002
35.695188, 91.103, -140.5134
35.953850, 91.097, -141.1589
36.214387, 91.079, -141.8141
36.476811, 91.047, -142.4545
36.741137, 91.004, -143.0552
37.007378, 90.952, -143.5934
37.275549, 90.895, -144.0518
37.545663, 90.836, -144.4225
37.817734, 90.781, -144.7092
38.091777, 90.734, -144.9259
38.367806, 90.696, -145.0939
38.645835, 90.668, -145.2345
38.925879, 90.648, -145.3640
39.207952, 90.634, -145.4888
39.492069, 90.624, -145.6075
39.778244, 90.619, -145.7144
40.066494, 90.617, -145.8057
40.356832, 90.621, -145.8838
40.649275, 90.631, -145.9582
40.943836, 90.646, -146.0417
41.240532, 90.665, -146.1448
41.539378, 90.684, -146.2709
41.840389, 90.703, -146.4153
42.143582, 90.718, -146.5686
42.448972, 90.732, -146.7212
42.756574, 90.744, -146.8685
43.066406, 90.755, -147.0122
43.378483, 90.766, -147.1578
43.692822, 90.777, -147.3104
44.009438, 90.785, -147.4709
44.328348, 90.791, -147.6356
44.649570, 90.795, -147.7979
44.973119, 90.797, -147.9531
45.299013, 90.799, -148.0997
45.627268, 90.801, -148.2404
45.957902, 90.803, -148.3784
46.290932, 90.806, -148.5153
46.626375, 90.808, -148.6488
46.964249, 90.811, -148.7734
47.304571, 90.814, -148.8823
47.647360, 90.818, -148.9695
47.992632, 90.825, -149.0323
48.340407, 90.836, -149.0728
48.690701, 90.853, -149.0989
49.043534, 90.877, -149.1234
49.398924, 90.906, -149.1608
49.756889, 90.938, -149.2221
50.117447, 90.972, -149.3096
50.480619, 91.004, -149.4144
50.846423, 91.033, -149.5206
51.214877, 91.060, -149.6115
51.586001, 91.088, -149.6785
51.959814, 91.118, -149.7241
52.336336, 91.151, -149.7591
52.715587, 91.189, -149.7957
53.097586, 91.230, -149.8420
53.482353, 91.273, -149.9012
53.869908, 91.319, -149.9756
54.260272, 91.367, -150.0695
54.653464, 91.416, -150.1886
55.049506, 91.465, -150.3360
55.448417, 91.512, -150.5069
55.850219, 91.558, -150.6896
56.254933, 91.601, -150.8704
56.662579, 91.643, -151.0411
57.073180, 91.688, -151.2016
57.486755, 91.736, -151.3585
57.903328, 91.789, -151.5215
58.322919, 91.846, -151.7007
58.745551, 91.907, -151.9069
59.171246, 91.972, -152.1518
59.600025, 92.039, -152.4454
60.031911, 92.107, -152.7919
60.466927, 92.172, -153.1869
60.905096, 92.233, -153.6194
61.346439, 92.291, -154.0771
61.790981, 92.345, -154.5508
62.238744, 92.398, -155.0347
62.689751, 92.448, -155.5250
63.144027, 92.497, -156.0171
63.601595, 92.545, -156.5078
64.062478, 92.594, -156.9970
64.526701, 92.644, -157.4901
64.994288, 92.695, -157.9940
65.465264, 92.745, -158.5131
65.939652, 92.794, -159.0461
66.417478, 92.840, -159.5883
66.898766, 92.884, -160.1354
67.383542, 92.925, -160.6873
67.871831, 92.964, -161.2458
68.363659, 92.999, -161.8123
68.859050, 93.030, -162.3848
69.358031, 93.058, -162.9596
69.860628, 93.082, -163.5339
70.366867, 93.104, -164.1072
70.876774, 93.123, -164.6807
71.390376, 93.142, -165.2565
71.907700, 93.160, -165.8381
72.428773, 93.177, -166.4290
72.953622, 93.193, -167.0310
73.482274, 93.208, -167.6431
74.014757, 93.222, -168.2620
74.551098, 93.234, -168.8846
75.091326, 93.245, -169.5111
75.635469, 93.256, -170.1442
76.183555, 93.265, -170.7863
76.735612, 93.271, -171.4350
77.291670, 93.274, -172.0828
77.851757, 93.273, -172.7212
78.415903, 93.271, -173.3473
78.984137, 93.268, -173.9653
79.556489, 93.264, -174.5828
80.132988, 93.258, -175.2048
80.713665, 93.249, -175.8309
81.298549, 93.238, -176.4554
81.887672, 93.222, -177.0692
82.481064, 93.204, -177.6643
83.078756, 93.186, -178.2390
83.680778, 93.168, -178.7996
84.287164, 93.153, -179.3560
84.897943, 93.138, -179.9159
85.513149, 93.125, 179.5157
86.132812, 93.112, 178.9348
86.756966, 93.099, 178.3375
87.385643, 93.084, 177.7223
88.018875, 93.067, 177.0934
88.656696, 93.046, 176.4595
89.299139, 93.021, 175.8302
89.946238, 92.994, 175.2125
90.598025, 92.964, 174.6078
91.254536, 92.933, 174.0120
91.915804, 92.902, 173.4178
92.581864, 92.870, 172.8175
93.252750, 92.836, 172.2051
93.928498, 92.800, 171.5776
94.609143, 92.760, 170.9343
95.294719, 92.718, 170.2767
95.985264, 92.672, 169.6070
96.680813, 92.621, 168.9283
97.381402, 92.566, 168.2461
98.087068, 92.507, 167.5679
98.797847, 92.444, 166.9016
99.513777, 92.378, 166.2517
100.234895, 92.310, 165.6198
100.961238, 92.239, 165.0054
101.692845, 92.167, 164.4081
102.429753, 92.093, 163.8276
103.172002, 92.017, 163.2640
103.919628, 91.938, 162.7170
104.672673, 91.858, 162.1870
105.431174, 91.775, 161.6739
106.195172, 91.689, 161.1762
106.964706, 91.600, 160.6914
107.739816, 91.508, 160.2183
108.520543, 91.413, 159.7586
109.306928, 91.315, 159.3150
110.099011, 91.215, 158.8882
110.896834, 91.114, 158.4765
111.700438, 91.014, 158.0775
112.509866, 90.915, 157.6907
113.325158, 90.816, 157.3196
114.146359, 90.717, 156.9713
114.973511, 90.617, 156.6526
115.806656, 90.516, 156.3682
116.645839, 90.414, 156.1174
117.491103, 90.311, 155.8911
118.342492, 90.207, 155.6689
119.200050, 90.099, 155.4221
120.063823, 89.987, 155.1295
120.933855, 89.866, 154.7960
121.810191, 89.737, 154.4500
122.692878, 89.603, 154.1198
123.581962, 89.469, 153.8215
124.477487, 89.337, 153.5638
125.379503, 89.209, 153.3532
126.288054, 89.086, 153.1971
127.203189, 88.965, 153.1028
128.124956, 88.844, 153.0730
129.053402, 88.722, 153.1043
129.988577, 88.597, 153.1901
130.930527, 88.467, 153.3231
131.879304, 88.333, 153.4973
132.834956, 88.195, 153.7070
133.797533, 88.056, 153.9474
134.767085, 87.917, 154.2148
135.743663, 87.779, 154.5073
136.727317, 87.643, 154.8248
137.718100, 87.509, 155.1696
138.716062, 87.380, 155.5436
139.721255, 87.255, 155.9462
140.733733, 87.134, 156.3765
141.753548, 87.017, 156.8376
142.780753, 86.905, 157.3365
143.815401, 86.797, 157.8814
144.857546, 86.693, 158.4767
145.907244, 86.595, 159.1201
146.964548, 86.503, 159.8032
148.029514, 86.416, 160.5150
149.102197, 86.336, 161.2454
150.182652, 86.261, 161.9858
151.270938, 86.192, 162.7307
152.367109, 86.129, 163.4784
153.471224, 86.072, 164.2307
154.583340, 86.021, 164.9903
155.703515, 85.975, 165.7592
156.831807, 85.935, 166.5388
157.968274, 85.901, 167.3287
159.112978, 85.874, 168.1260
160.265976, 85.854, 168.9248
161.427329, 85.842, 169.7178
162.597098, 85.837, 170.4985
163.775344, 85.838, 171.2627
164.962128, 85.846, 172.0072
166.157511, 85.859, 172.7300
167.361557, 85.877, 173.4288
168.574328, 85.901, 174.1010
169.795887, 85.929, 174.7441
171.026298, 85.961, 175.3572
172.265625, 85.996, 175.9395
173.513933, 86.036, 176.4896
174.771286, 86.080, 177.0062
176.037751, 86.128, 177.4887
177.313393, 86.178, 177.9396
178.598279, 86.230, 178.3636
179.892476, 86.284, 178.7672
181.196051, 86.338, 179.1543
182.509072, 86.392, 179.5251
183.831608, 86.446, 179.8768
185.163728, 86.500, -179.7944
186.505500, 86.553, -179.4913
187.856996, 86.605, -179.2150
189.218285, 86.657, -178.9656
190.589439, 86.710, -178.7421
191.970529, 86.763, -178.5441
193.361626, 86.818, -178.3714
194.762804, 86.873, -178.2229
196.174136, 86.929, -178.0971
197.595694, 86.984, -177.9929
199.027554, 87.038, -177.9100
200.469790, 87.091, -177.8478
201.922477, 87.141, -177.8055
203.385690, 87.190, -177.7819
204.859507, 87.236, -177.7752
206.344003, 87.281, -177.7834
207.839257, 87.323, -177.8046
209.345346, 87.364, -177.8378
210.862348, 87.404, -177.8821
212.390344, 87.442, -177.9365
213.929412, 87.479, -177.9988
215.479633, 87.515, -178.0665
217.041087, 87.549, -178.1365
218.613856, 87.581, -178.2059
220.198022, 87.611, -178.2736
221.793668, 87.638, -178.3398
223.400876, 87.663, -178.4068
225.019731, 87.686, -178.4764
226.650317, 87.707, -178.5497
228.292718, 87.727, -178.6257
229.947022, 87.745, -178.7026
231.613312, 87.763, -178.7791
233.291678, 87.780, -178.8553
234.982206, 87.796, -178.9322
236.684984, 87.811, -179.0109
238.400101, 87.826, -179.0917
240.127646, 87.840, -179.1736
241.867710, 87.853, -179.2552
243.620383, 87.866, -179.3352
245.385757, 87.879, -179.4136
247.163923, 87.891, -179.4917
248.954975, 87.904, -179.5708
250.759005, 87.916, -179.6516
252.576108, 87.928, -179.7340
254.406379, 87.940, -179.8177
256.249912, 87.951, -179.9026
258.106805, 87.961, -179.9894
259.977153, 87.971, 179.9209
261.861055, 87.980, 179.8270
263.758608, 87.989, 179.7280
265.669911, 87.998, 179.6242
267.595065, 88.006, 179.5173
269.534169, 88.013, 179.4099
271.487325, 88.021, 179.3033
273.454634, 88.028, 179.1975
275.436199, 88.034, 179.0913
277.432123, 88.040, 178.9832
279.442511, 88.045, 178.8716
281.467467, 88.049, 178.7558
283.507096, 88.052, 178.6362
285.561505, 88.054, 178.5142
287.630801, 88.056, 178.3916
289.715093, 88.057, 178.2706
291.814488, 88.057, 178.1523
293.929096, 88.056, 178.0370
296.059027, 88.055, 177.9237
298.204393, 88.053, 177.8109
300.365305, 88.051, 177.6974
302.541876, 88.048, 177.5826
304.734219, 88.044, 177.4664
306.942449, 88.040, 177.3497
309.166680, 88.035, 177.2332
311.407029, 88.030, 177.1171
313.663613, 88.023, 177.0007
315.936549, 88.017, 176.8835
318.225955, 88.010, 176.7652
320.531952, 88.003, 176.6459
322.854659, 87.995, 176.5259
325.194197, 87.986, 176.4060
327.550688, 87.977, 176.2865
329.924255, 87.966, 176.1683
332.315022, 87.955, 176.0524
334.723114, 87.943, 175.9402
337.148655, 87.929, 175.8330
339.591774, 87.915, 175.7310
342.052596, 87.900, 175.6332
344.531250, 87.885, 175.5383
347.027865, 87.869, 175.4445
349.542572, 87.852, 175.3508
352.075502, 87.835, 175.2559
354.626786, 87.817, 175.1591
357.196558, 87.798, 175.0597
359.784951, 87.779, 174.9577
362.392101, 87.759, 174.8547
365.018144, 87.737, 174.7543
367.663216, 87.714, 174.6609
370.327455, 87.689, 174.5787
373.011000, 87.664, 174.5107
375.713992, 87.637, 174.4578
378.436570, 87.611, 174.4180
381.178878, 87.584, 174.3874
383.941057, 87.558, 174.3605
386.723252, 87.532, 174.3322
389.525608, 87.507, 174.2988
392.348271, 87.482, 174.2595
395.191389, 87.456, 174.2157
398.055108, 87.430, 174.1699
400.939580, 87.404, 174.1251
403.844953, 87.376, 174.0847
406.771380, 87.347, 174.0521
409.719013, 87.317, 174.0313
412.688006, 87.286, 174.0259
415.678514, 87.253, 174.0380
418.690692, 87.219, 174.0670
421.724697, 87.184, 174.1102
424.780688, 87.147, 174.1624
427.858824, 87.110, 174.2167
430.959265, 87.073, 174.2676
434.082174, 87.037, 174.3123
437.227712, 87.002, 174.3511
440.396044, 86.969, 174.3868
443.587336, 86.937, 174.4233
446.801752, 86.907, 174.4644
450.039462, 86.877, 174.5133
453.300634, 86.848, 174.5731
456.585437, 86.819, 174.6458
459.894043, 86.790, 174.7327
463.226625, 86.760, 174.8340
466.583356, 86.730, 174.9487
469.964411, 86.699, 175.0757
473.369967, 86.667, 175.2136
476.800201, 86.635, 175.3616
480.255292, 86.603, 175.5193
483.735420, 86.570, 175.6859
487.240766, 86.538, 175.8608
490.771513, 86.506, 176.0440
494.327846, 86.474, 176.2359
497.909949, 86.444, 176.4364
501.518010, 86.414, 176.6447
505.152216, 86.387, 176.8591
508.812758, 86.362, 177.0779
512.499825, 86.339, 177.2991
516.213610, 86.318, 177.5211
519.954306, 86.299, 177.7438
523.722109, 86.282, 177.9679
527.517216, 86.267, 178.1949
531.339823, 86.253, 178.4258
535.190130, 86.240, 178.6605
539.068339, 86.229, 178.8987
542.974650, 86.219, 179.1401
546.909268, 86.210, 179.3849
550.872398, 86.203, 179.6329
554.864247, 86.196, 179.8831
558.885022, 86.191, -179.8662
562.934933, 86.187, -179.6167
567.014192, 86.184, -179.3700
571.123010, 86.183, -179.1276
575.261603, 86.183, -178.8909
579.430186, 86.184, -178.6613
583.628976, 86.186, -178.4401
587.858192, 86.189, -178.2285
592.118055, 86.192, -178.0271
596.408786, 86.196, -177.8362
600.730610, 86.199, -177.6549
605.083752, 86.203, -177.4817
609.468438, 86.205, -177.3132
613.884897, 86.207, -177.1448
618.333360, 86.208, -176.9702
622.814059, 86.208, -176.7819
627.327226, 86.209, -176.5740
631.873098, 86.211, -176.3447
636.451911, 86.216, -176.0989
641.063904, 86.226, -175.8472
645.709317, 86.241, -175.6028
650.388393, 86.261, -175.3777
655.101375, 86.283, -175.1793
659.848510, 86.308, -175.0099
664.630044, 86.334, -174.8675
669.446228, 86.359, -174.7480
674.297311, 86.384, -174.6467
679.183547, 86.408, -174.5595
684.105191, 86.430, -174.4832
689.062499, 86.451, -174.4164
694.055730, 86.470, -174.3590
699.085144, 86.486, -174.3116
704.151003, 86.502, -174.2751
709.253572, 86.515, -174.2501
714.393116, 86.527, -174.2358
719.569903, 86.537, -174.2313
724.784203, 86.546, -174.2355
730.036288, 86.553, -174.2474
735.326432, 86.560, -174.2658
740.654910, 86.565, -174.2891
746.022001, 86.569, -174.3153
751.427984, 86.572, -174.3422
756.873141, 86.574, -174.3679
762.357756, 86.575, -174.3915
767.882114, 86.574, -174.4129
773.446504, 86.571, -174.4326
779.051217, 86.568, -174.4510
784.696543, 86.563, -174.4688
790.382778, 86.556, -174.4856
796.110217, 86.548, -174.5006
801.879160, 86.538, -174.5118
807.689907, 86.525, -174.5168
813.542761, 86.510, -174.5135
819.438027, 86.493, -174.5003
825.376013, 86.475, -174.4770
831.357028, 86.454, -174.4440
837.381383, 86.432, -174.4023
843.449394, 86.409, -174.3528
849.561376, 86.384, -174.2951
855.717648, 86.359, -174.2275
861.918531, 86.333, -174.1478
868.164348, 86.306, -174.0541
874.455424, 86.279, -173.9460
880.792089, 86.251, -173.8234
887.174671, 86.223, -173.6859
893.603505, 86.195, -173.5322
900.078924, 86.167, -173.3604
906.601267, 86.140, -173.1689
913.170874, 86.114, -172.9567
919.788086, 86.089, -172.7242
926.453250, 86.066, -172.4736
933.166712, 86.045, -172.2090
939.928823, 86.028, -171.9358
946.739934, 86.014, -171.6593
953.600402, 86.004, -171.3856
960.510584, 85.998, -171.1215
967.470839, 85.995, -170.8749
974.481532, 85.994, -170.6547
981.543027, 85.993, -170.4672
988.655692, 85.990, -170.3140
995.819899, 85.982, -170.1886
1003.036020, 85.967, -170.0758
1010.304433, 85.944, -169.9537
1017.625515, 85.914, -169.7994
1024.999649, 85.878, -169.5950
1032.427219, 85.839, -169.3308
1039.908612, 85.801, -169.0068
1047.444219, 85.766, -168.6299
1055.034432, 85.735, -168.2111
1062.679646, 85.710, -167.7622
1070.380261, 85.691, -167.2939
1078.136677, 85.677, -166.8146
1085.949300, 85.668, -166.3302
1093.818536, 85.663, -165.8438
1101.744796, 85.661, -165.3568
1109.728493, 85.662, -164.8697
1117.770043, 85.666, -164.3823
1125.869866, 85.672, -163.8939
1134.028383, 85.680, -163.4039
1142.246020, 85.691, -162.9111
1150.523206, 85.704, -162.4139
1158.860371, 85.719, -161.9104
1167.257951, 85.736, -161.3978
1175.716383, 85.755, -160.8726
1184.236109, 85.777, -160.3298
1192.817572, 85.801, -159.7641
1201.461220, 85.829, -159.1694
1210.167503, 85.863, -158.5413
1218.936876, 85.906, -157.8785
1227.769795, 85.961, -157.1860
1236.666721, 86.031, -156.4788
1245.628118, 86.119, -155.7863
1254.654453, 86.228, -155.1539
1263.746196, 86.354, -154.6374
1272.903822, 86.491, -154.2898
1282.127808, 86.630, -154.1427
1291.418634, 86.759, -154.1913
1300.776786, 86.867, -154.3917
1310.202751, 86.950, -154.6740
1319.697020, 87.006, -154.9630
1329.260089, 87.042, -155.1986
1338.892455, 87.062, -155.3452
1348.594622, 87.075, -155.3909
1358.367094, 87.086, -155.3411
1368.210382, 87.099, -155.2104
1378.124999, 87.118, -155.0168
1388.111461, 87.143, -154.7785
1398.170288, 87.176, -154.5113
1408.302007, 87.217, -154.2291
1418.507144, 87.265, -153.9436
1428.786231, 87.321, -153.6644
1439.139805, 87.383, -153.3997
1449.568405, 87.450, -153.1561
1460.072576, 87.523, -152.9397
1470.652863, 87.599, -152.7558
1481.309820, 87.679, -152.6084
1492.044002, 87.761, -152.5003
1502.855968, 87.844, -152.4330
1513.746282, 87.927, -152.4065
1524.715511, 88.010, -152.4197
1535.764228, 88.092, -152.4706
1546.893009, 88.173, -152.5573
1558.102433, 88.253, -152.6780
1569.393086, 88.331, -152.8319
1580.765555, 88.409, -153.0181
1592.220434, 88.486, -153.2345
1603.758320, 88.562, -153.4771
1615.379813, 88.639, -153.7397
1627.085521, 88.717, -154.0155
1638.876054, 88.797, -154.2983
1650.752025, 88.881, -154.5837
1662.714055, 88.968, -154.8693
1674.762766, 89.056, -155.1538
1686.898788, 89.142, -155.4370
1699.122752, 89.221, -155.7188
1711.435296, 89.291, -155.9995
1723.837061, 89.349, -156.2792
1736.328695, 89.393, -156.5582
1748.910849, 89.424, -156.8362
1761.584178, 89.442, -157.1125
1774.349343, 89.450, -157.3863
1787.207010, 89.450, -157.6565
1800.157848, 89.444, -157.9226
1813.202534, 89.435, -158.1844
1826.341747, 89.424, -158.4421
1839.576172, 89.413, -158.6959
1852.906500, 89.401, -158.9460
1866.333424, 89.386, -159.1927
1879.857645, 89.368, -159.4360
1893.479869, 89.345, -159.6755
1907.200804, 89.317, -159.9100
1921.021168, 89.284, -160.1382
1934.941679, 89.245, -160.3585
1948.963064, 89.202, -160.5701
1963.086054, 89.156, -160.7723
1977.311384, 89.108, -160.9657
1991.639798, 89.058, -161.1512
2006.072041, 89.007, -161.3302
2020.608866, 88.956, -161.5045
2035.251031, 88.904, -161.6755
2049.999299, 88.851, -161.8453
2064.854438, 88.797, -162.0151
2079.817225, 88.741, -162.1863
2094.888438, 88.685, -162.3593
2110.068863, 88.627, -162.5341
2125.359292, 88.567, -162.7108
2140.760521, 88.506, -162.8890
2156.273355, 88.444, -163.0684
2171.898600, 88.380, -163.2489
2187.637073, 88.315, -163.4313
2203.489593, 88.248, -163.6164
2219.456987, 88.178, -163.8054
2235.540087, 88.107, -163.9989
2251.739732, 88.034, -164.1970
2268.056766, 87.959, -164.3997
2284.492041, 87.884, -164.6068
2301.046412, 87.808, -164.8181
2317.720742, 87.734, -165.0329
2334.515902, 87.661, -165.2499
2351.432767, 87.592, -165.4667
2368.472218, 87.526, -165.6810
2385.635144, 87.463, -165.8901
2402.922440, 87.402, -166.0919
2420.335006, 87.344, -166.2848
2437.873752, 87.286, -166.4684
2455.539590, 87.228, -166.6421
2473.333442, 87.169, -166.8054
2491.256235, 87.108, -166.9579
2509.308905, 87.046, -167.0986
2527.492392, 86.983, -167.2261
2545.807644, 86.919, -167.3384
2564.255615, 86.856, -167.4333
2582.837268, 86.796, -167.5094
2601.553572, 86.739, -167.5663
2620.405502, 86.689, -167.6047
2639.394040, 86.645, -167.6250
2658.520177, 86.610, -167.6267
2677.784910, 86.584, -167.6086
2697.189244, 86.565, -167.5688
2716.734189, 86.554, -167.5057
2736.420765, 86.549, -167.4185
2756.249998, 86.549, -167.3065
2776.222921, 86.554, -167.1699
2796.340577, 86.562, -167.0090
2816.604013, 86.571, -166.8253
2837.014287, 86.581, -166.6217
2857.572462, 86.589, -166.4025
2878.279610, 86.595, -166.1720
2899.136811, 86.596, -165.9329
2920.145151, 86.593, -165.6852
2941.305727, 86.585, -165.4271
2962.619641, 86.570, -165.1552
2984.088004, 86.549, -164.8668
3005.711935, 86.523, -164.5601
3027.492563, 86.491, -164.2358
3049.431022, 86.455, -163.8964
3071.528457, 86.415, -163.5457
3093.786018, 86.372, -163.1882
3116.204867, 86.326, -162.8281
3138.786172, 86.278, -162.4690
3161.531110, 86.228, -162.1133
3184.440868, 86.176, -161.7628
3207.516639, 86.121, -161.4177
3230.759627, 86.065, -161.0768
3254.171043, 86.006, -160.7377
3277.752108, 85.946, -160.3969
3301.504051, 85.883, -160.0505
3325.428110, 85.819, -159.6951
3349.525533, 85.753, -159.3275
3373.797576, 85.687, -158.9456
3398.245504, 85.619, -158.5483
3422.870591, 85.550, -158.1347
3447.674123, 85.480, -157.7043
3472.657391, 85.408, -157.2571
3497.821698, 85.336, -156.7933
3523.168356, 85.263, -156.3141
3548.698686, 85.188, -155.8206
3574.414019, 85.112, -155.3137
3600.315697, 85.034, -154.7940
3626.405068, 84.954, -154.2606
3652.683494, 84.871, -153.7113
3679.152345, 84.785, -153.1424
3705.812999, 84.696, -152.5487
3732.666848, 84.603, -151.9238
3759.715291, 84.508, -151.2601
3786.959737, 84.413, -150.5490
3814.401609, 84.319, -149.7806
3842.042335, 84.230, -148.9451
3869.883358, 84.150, -148.0331
3897.926128, 84.083, -147.0381
3926.172107, 84.033, -145.9598
3954.622769, 84.005, -144.8052
3983.279596, 84.004, -143.5901
4012.144082, 84.032, -142.3376
4041.217732, 84.091, -141.0759
4070.502061, 84.180, -139.8347
4099.998597, 84.298, -138.6419
4129.708877, 84.440, -137.5206
4159.634450, 84.602, -136.4866
4189.776876, 84.780, -135.5480
4220.137726, 84.968, -134.7059
4250.718584, 85.164, -133.9559
4281.521043, 85.365, -133.2906
4312.546709, 85.569, -132.7020
4343.797200, 85.776, -132.1835
4375.274146, 85.985, -131.7319
4406.979186, 86.199, -131.3486
4438.913974, 86.419, -131.0392
4471.080174, 86.645, -130.8120
4503.479464, 86.879, -130.6763
4536.113533, 87.122, -130.6412
4568.984081, 87.376, -130.7163
4602.092823, 87.641, -130.9135
4635.441485, 87.920, -131.2493
4669.031805, 88.211, -131.7449
4702.865534, 88.515, -132.4243
4736.944436, 88.827, -133.3118
4771.270288, 89.145, -134.4271
4805.844880, 89.462, -135.7831
4840.670013, 89.772, -137.3843
4875.747503, 90.069, -139.2260
4911.079179, 90.346, -141.2943
4946.666884, 90.597, -143.5667
4982.512471, 90.814, -146.0121
5018.617810, 90.993, -148.5919
5054.984784, 91.130, -151.2612
5091.615287, 91.221, -153.9708
5128.511230, 91.267, -156.6704
5165.674537, 91.267, -159.3107
5203.107144, 91.225, -161.8464
5240.811003, 91.143, -164.2380
5278.788080, 91.025, -166.4533
5317.040355, 90.877, -168.4691
5355.569821, 90.704, -170.2711
5394.378487, 90.510, -171.8544
5433.468378, 90.300, -173.2222
5472.841529, 90.078, -174.3845
5512.499995, 89.848, -175.3555
5552.445842, 89.612, -176.1517
5592.681154, 89.373, -176.7907
5633.208027, 89.135, -177.2899
5674.028574, 88.901, -177.6676
5715.144924, 88.674, -177.9431
5756.559221, 88.457, -178.1377
5798.273622, 88.251, -178.2746
5840.290302, 88.060, -178.3784
5882.611454, 87.882, -178.4738
5925.239281, 87.719, -178.5845
5968.176007, 87.568, -178.7315
6011.423871, 87.428, -178.9325
6054.985126, 87.297, -179.2015
6098.862045, 87.174, -179.5496
6143.056913, 87.056, -179.9869
6187.572036, 86.942, 179.4766
6232.409733, 86.831, 178.8302
6277.572344, 86.722, 178.0633
6323.062220, 86.612, 177.1656
6368.881736, 86.498, 176.1287
6415.033278, 86.378, 174.9467
6461.519254, 86.247, 173.6160
6508.342086, 86.101, 172.1366
6555.504216, 85.935, 170.5107
6603.008102, 85.744, 168.7442
6650.856220, 85.523, 166.8470
6699.051066, 85.268, 164.8351
6747.595151, 84.975, 162.7314
6796.491007, 84.638, 160.5677
6845.741183, 84.254, 158.3855
6895.348246, 83.819, 156.2367
6945.314781, 83.330, 154.1837
6995.643395, 82.785, 152.2994
7046.336711, 82.184, 150.6652
7097.397372, 81.531, 149.3683
7148.828039, 80.831, 148.4966
7200.631394, 80.092, 148.1311
7252.810137, 79.328, 148.3350
7305.366989, 78.556, 149.1415
7358.304690, 77.794, 150.5438
7411.625999, 77.060, 152.4910
7465.333696, 76.372, 154.8963
7519.430581, 75.741, 157.6543
7573.919475, 75.172, 160.6616
7628.803218, 74.668, 163.8319
7684.084670, 74.224, 167.1055
7739.766716, 73.835, 170.4561
7795.852256, 73.494, 173.8947
7852.344215, 73.198, 177.4669
7909.245538, 72.949, -178.7620
7966.559191, 72.754, -174.7298
8024.288163, 72.629, -170.4077
8082.435463, 72.594, -165.8311
8141.004122, 72.666, -161.1216
8199.997194, 72.858, -156.4838
8259.417754, 73.167, -152.1699
8319.268900, 73.578, -148.4171
8379.553752, 74.065, -145.3895
8440.275452, 74.596, -143.1508
8501.437168, 75.143, -141.6717
8563.042086, 75.684, -140.8570
8625.093419, 76.205, -140.5747
8687.594401, 76.700, -140.6812
8750.548291, 77.174, -141.0444
8813.958371, 77.637, -141.5635
8877.827947, 78.101, -142.1840
8942.160348, 78.582, -142.9040
9006.958928, 79.090, -143.7709
9072.227065, 79.630, -144.8690
9137.968162, 80.202, -146.3013
9204.185647, 80.796, -148.1719
9270.882970, 81.400, -150.5707
9338.063610, 81.993, -153.5629
9405.731068, 82.556, -157.1806
9473.888873, 83.066, -161.4178
9542.540577, 83.501, -166.2276
9611.689759, 83.840, -171.5225
9681.340025, 84.070, -177.1795
9751.495006, 84.179, 176.9512
9822.158359, 84.165, 171.0338
9893.333767, 84.032, 165.2307
9965.024942, 83.792, 159.6883
10037.235620, 83.461, 154.5250
10109.969567, 83.061, 149.8235
10183.230574, 82.617, 145.6260
10257.022461, 82.155, 141.9316
10331.349074, 81.703, 138.6926
10406.214288, 81.286, 135.8140
10481.622007, 80.924, 133.1559
10557.576160, 80.627, 130.5486
10634.080709, 80.391, 127.8184
10711.139642, 80.203, 124.8171
10788.756975, 80.038, 121.4460
10866.936755, 79.873, 117.6607
10945.683059, 79.683, 113.4623
11024.999990, 79.449, 108.8834
11104.891685, 79.154, 103.9761
11185.362308, 78.786, 98.8034
11266.416054, 78.340, 93.4330
11348.057149, 77.810, 87.9308
11430.289849, 77.197, 82.3538
11513.118441, 76.505, 76.7410
11596.547243, 75.743, 71.1051
11680.580605, 74.923, 65.4246
11765.222907, 74.059, 59.6364
11850.478562, 73.171, 53.6306
11936.352015, 72.284, 47.2471
12022.847742, 71.428, 40.2773
12109.970253, 70.640, 32.4775
12197.724089, 69.961, 23.5982
12286.113826, 69.436, 13.4377
12375.144072, 69.097, 1.9142
12464.819467, 68.961, -10.8577
12555.144687, 69.017, -24.5326
12646.124441, 69.228, -38.6003
12737.763472, 69.543, -52.5388
12830.066557, 69.910, -65.9522
12923.038508, 70.286, -78.6162
13016.684172, 70.643, -90.4451
13111.008431, 70.966, -101.4362
13206.016203, 71.253, -111.6290
13301.712440, 71.514, -121.0853
13398.102132, 71.761, -129.8864
13495.190303, 72.011, -138.1340
13592.982015, 72.281, -145.9517
13691.482366, 72.582, -153.4810
13790.696491, 72.922, -160.8752
13890.629563, 73.302, -168.2916
13991.286791, 73.717, -175.8817
14092.673422, 74.157, 176.2147
14194.794743, 74.610, 167.8770
14297.656077, 75.057, 159.0082
14401.262787, 75.480, 149.5398
14505.620274, 75.860, 139.4349
14610.733978, 76.180, 128.6886
14716.609379, 76.426, 117.3254
14823.251997, 76.591, 105.3904
14930.667392, 76.672, 92.9369
15038.861162, 76.673, 80.0145
15147.838950, 76.599, 66.6608
15257.606435, 76.457, 52.8992
15368.169341, 76.251, 38.7472
15479.533431, 75.977, 24.2274
15591.704511, 75.630, 9.3802
15704.688430, 75.199, -5.7272
15818.491076, 74.673, -20.9956
15933.118383, 74.041, -36.2957
16048.576327, 73.294, -51.4739
16164.870926, 72.430, -66.3635
16282.008245, 71.457, -80.8062
16399.994388, 70.392, -94.6854
16518.835508, 69.270, -107.9664
16638.537799, 68.143, -120.7268
16759.107503, 67.067, -133.1543
16880.550905, 66.083, -145.4913
17002.874335, 65.199, -157.9504
17126.084171, 64.380, -170.6310
17250.186837, 63.569, 176.5084
17375.188802, 62.711, 163.6239
17501.096582, 61.775, 150.9274
17627.916743, 60.774, 138.6088
17755.655894, 59.783, 126.7213
17884.320696, 58.940, 115.0399
18013.917856, 58.401, 103.0093
18144.454131, 58.236, 89.9321
18275.936325, 58.370, 75.2980
18408.371293, 58.670, 58.9893
18541.765940, 59.047, 41.3057
18676.127219, 59.494, 22.9648
18811.462136, 60.059, 5.3101
18947.777745, 60.788, -9.1578
19085.081153, 61.673, -17.5651
19223.379519, 62.637, -25.4016
19362.680051, 63.576, -45.2568
19502.990012, 64.398, -73.1053
19644.316718, 65.043, -97.9532
19786.667534, 65.482, -115.2832
19930.049884, 65.703, -124.1882
