* Measurement data measured by REW V5.40 beta 55
* Source: EXCL: Headset (USB-C to 3.5mm Headphone Jack Adapter), MICROPHONE (Master Volume), 0, volume: 0.260
* Format: 256k Log Swept Sine, 1 sweep at -6.0 dBFS with no timing reference
* Dated: Jan 12, 2025 11:08:59 PM
* REW Settings:
*  C-weighting compensation: Off
*  Target level: 75.0 dB
* Note: ; 
* Measurement: R10
* Smoothing: 1/12 octave
* Frequency Step: 96 ppo
* Start Frequency: 20.0 Hz
*
* Freq(Hz), SPL(dB), Phase(degrees)
20.033247, 87.594, -90.9252
20.178416, 87.820, -90.1493
20.324637, 88.074, -89.9061
20.471918, 88.330, -90.1891
20.620266, 88.566, -90.9434
20.769689, 88.767, -92.0869
20.920195, 88.925, -93.5261
21.071791, 89.034, -95.1691
21.224486, 89.097, -96.9302
21.378287, 89.114, -98.7350
21.533203, 89.092, -100.5225
21.689242, 89.038, -102.2462
21.846411, 88.959, -103.8746
22.004719, 88.863, -105.3900
22.164174, 88.756, -106.7866
22.324785, 88.643, -108.0668
22.486559, 88.528, -109.2371
22.649506, 88.414, -110.3036
22.813634, 88.302, -111.2688
22.978951, 88.194, -112.1306
23.145466, 88.092, -112.8832
23.313188, 87.998, -113.5209
23.482124, 87.919, -114.0438
23.652286, 87.858, -114.4625
23.823680, 87.821, -114.8021
23.996316, 87.812, -115.1014
24.170203, 87.831, -115.4084
24.345351, 87.874, -115.7726
24.521767, 87.935, -116.2341
24.699462, 88.002, -116.8129
24.878444, 88.066, -117.5020
25.058724, 88.116, -118.2673
25.240310, 88.145, -119.0525
25.423211, 88.151, -119.7861
25.607438, 88.136, -120.3939
25.793000, 88.109, -120.8122
25.979907, 88.082, -121.0024
26.168168, 88.070, -120.9656
26.357794, 88.089, -120.7493
26.548793, 88.147, -120.4451
26.741176, 88.247, -120.1708
26.934954, 88.382, -120.0437
27.130136, 88.538, -120.1532
27.326732, 88.695, -120.5424
27.524753, 88.834, -121.2032
27.724208, 88.941, -122.0827
27.925110, 89.002, -123.0956
28.127466, 89.015, -124.1391
28.331290, 88.980, -125.1074
28.536590, 88.906, -125.9069
28.743378, 88.805, -126.4696
28.951664, 88.696, -126.7672
29.161460, 88.595, -126.8181
29.372776, 88.516, -126.6866
29.585623, 88.467, -126.4685
29.800013, 88.448, -126.2665
30.015956, 88.452, -126.1635
30.233464, 88.466, -126.2031
30.452548, 88.478, -126.3846
30.673220, 88.479, -126.6692
30.895490, 88.466, -126.9970
31.119372, 88.439, -127.3056
31.344876, 88.406, -127.5501
31.572014, 88.378, -127.7169
31.800797, 88.365, -127.8295
32.031239, 88.371, -127.9415
32.263351, 88.398, -128.1203
32.497144, 88.439, -128.4237
32.732632, 88.483, -128.8796
32.969826, 88.517, -129.4757
33.208739, 88.530, -130.1603
33.449383, 88.519, -130.8540
33.691771, 88.482, -131.4671
33.935916, 88.429, -131.9200
34.181829, 88.371, -132.1630
34.429525, 88.325, -132.1913
34.679015, 88.304, -132.0491
34.930314, 88.316, -131.8196
35.183433, 88.361, -131.6005
35.438387, 88.432, -131.4754
35.695188, 88.517, -131.4929
35.953850, 88.602, -131.6588
36.214387, 88.678, -131.9435
36.476811, 88.738, -132.2969
36.741137, 88.782, -132.6658
37.007378, 88.811, -133.0070
37.275549, 88.832, -133.2954
37.545663, 88.847, -133.5250
37.817734, 88.862, -133.7039
38.091777, 88.877, -133.8474
38.367806, 88.895, -133.9700
38.645835, 88.913, -134.0823
38.925879, 88.932, -134.1902
39.207952, 88.953, -134.2983
39.492069, 88.976, -134.4130
39.778244, 89.001, -134.5441
40.066494, 89.028, -134.7038
40.356832, 89.054, -134.9024
40.649275, 89.078, -135.1433
40.943836, 89.096, -135.4190
41.240532, 89.106, -135.7101
41.539378, 89.106, -135.9882
41.840389, 89.098, -136.2227
42.143582, 89.085, -136.3881
42.448972, 89.074, -136.4731
42.756574, 89.070, -136.4854
43.066406, 89.078, -136.4508
43.378483, 89.099, -136.4081
43.692822, 89.132, -136.3975
44.009438, 89.173, -136.4489
44.328348, 89.215, -136.5741
44.649570, 89.255, -136.7643
44.973119, 89.286, -136.9940
45.299013, 89.309, -137.2296
45.627268, 89.326, -137.4399
45.957902, 89.340, -137.6064
46.290932, 89.357, -137.7295
46.626375, 89.380, -137.8271
46.964249, 89.410, -137.9271
47.304571, 89.446, -138.0533
47.647360, 89.485, -138.2139
47.992632, 89.521, -138.3967
48.340407, 89.556, -138.5762
48.690701, 89.589, -138.7269
49.043534, 89.626, -138.8380
49.398924, 89.671, -138.9184
49.756889, 89.723, -138.9896
50.117447, 89.783, -139.0715
50.480619, 89.846, -139.1700
50.846423, 89.910, -139.2770
51.214877, 89.976, -139.3799
51.586001, 90.043, -139.4745
51.959814, 90.112, -139.5687
52.336336, 90.183, -139.6743
52.715587, 90.253, -139.7949
53.097586, 90.319, -139.9198
53.482353, 90.382, -140.0325
53.869908, 90.446, -140.1261
54.260272, 90.513, -140.2153
54.653464, 90.585, -140.3326
55.049506, 90.660, -140.5113
55.448417, 90.733, -140.7671
55.850219, 90.800, -141.0921
56.254933, 90.859, -141.4626
56.662579, 90.911, -141.8553
57.073180, 90.960, -142.2593
57.486755, 91.007, -142.6782
57.903328, 91.055, -143.1226
58.322919, 91.102, -143.6000
58.745551, 91.147, -144.1086
59.171246, 91.189, -144.6381
59.600025, 91.228, -145.1746
60.031911, 91.266, -145.7083
60.466927, 91.302, -146.2351
60.905096, 91.339, -146.7556
61.346439, 91.375, -147.2696
61.790981, 91.411, -147.7749
62.238744, 91.447, -148.2692
62.689751, 91.484, -148.7542
63.144027, 91.523, -149.2375
63.601595, 91.563, -149.7292
64.062478, 91.604, -150.2383
64.526701, 91.644, -150.7692
64.994288, 91.682, -151.3232
65.465264, 91.718, -151.8981
65.939652, 91.750, -152.4876
66.417478, 91.779, -153.0831
66.898766, 91.804, -153.6765
67.383542, 91.828, -154.2634
67.871831, 91.851, -154.8429
68.363659, 91.872, -155.4133
68.859050, 91.892, -155.9708
69.358031, 91.912, -156.5110
69.860628, 91.931, -157.0334
70.366867, 91.949, -157.5416
70.876774, 91.968, -158.0400
71.390376, 91.985, -158.5304
71.907700, 92.000, -159.0134
72.428773, 92.013, -159.4919
72.953622, 92.025, -159.9713
73.482274, 92.034, -160.4564
74.014757, 92.040, -160.9474
74.551098, 92.043, -161.4419
75.091326, 92.044, -161.9368
75.635469, 92.045, -162.4322
76.183555, 92.046, -162.9311
76.735612, 92.049, -163.4401
77.291670, 92.054, -163.9683
77.851757, 92.060, -164.5237
78.415903, 92.067, -165.1077
78.984137, 92.071, -165.7109
79.556489, 92.072, -166.3155
80.132988, 92.071, -166.9049
80.713665, 92.069, -167.4726
81.298549, 92.068, -168.0228
81.887672, 92.067, -168.5654
82.481064, 92.065, -169.1074
83.078756, 92.059, -169.6481
83.680778, 92.050, -170.1796
84.287164, 92.037, -170.6926
84.897943, 92.021, -171.1829
85.513149, 92.004, -171.6547
86.132812, 91.988, -172.1209
86.756966, 91.973, -172.5980
87.385643, 91.958, -173.0984
88.018875, 91.941, -173.6251
88.656696, 91.921, -174.1711
89.299139, 91.898, -174.7265
89.946238, 91.873, -175.2837
90.598025, 91.846, -175.8374
91.254536, 91.817, -176.3827
91.915804, 91.789, -176.9155
92.581864, 91.761, -177.4357
93.252750, 91.734, -177.9464
93.928498, 91.707, -178.4507
94.609143, 91.680, -178.9494
95.294719, 91.652, -179.4408
95.985264, 91.622, -179.9218
96.680813, 91.588, 179.6106
97.381402, 91.552, 179.1580
98.087068, 91.511, 178.7225
98.797847, 91.466, 178.3077
99.513777, 91.418, 177.9184
100.234895, 91.368, 177.5547
100.961238, 91.317, 177.2103
101.692845, 91.265, 176.8748
102.429753, 91.214, 176.5396
103.172002, 91.163, 176.1995
103.919628, 91.112, 175.8514
104.672673, 91.062, 175.4939
105.431174, 91.012, 175.1268
106.195172, 90.961, 174.7520
106.964706, 90.911, 174.3728
107.739816, 90.860, 173.9923
108.520543, 90.809, 173.6125
109.306928, 90.757, 173.2369
110.099011, 90.703, 172.8732
110.896834, 90.647, 172.5304
111.700438, 90.588, 172.2161
112.509866, 90.528, 171.9332
113.325158, 90.467, 171.6791
114.146359, 90.404, 171.4492
114.973511, 90.340, 171.2393
115.806656, 90.274, 171.0469
116.645839, 90.207, 170.8702
117.491103, 90.139, 170.7050
118.342492, 90.072, 170.5441
119.200050, 90.006, 170.3791
120.063823, 89.940, 170.2006
120.933855, 89.873, 170.0042
121.810191, 89.802, 169.7982
122.692878, 89.727, 169.6009
123.581962, 89.648, 169.4293
124.477487, 89.567, 169.2897
125.379503, 89.487, 169.1760
126.288054, 89.408, 169.0756
127.203189, 89.332, 168.9770
128.124956, 89.258, 168.8747
129.053402, 89.186, 168.7721
129.988577, 89.116, 168.6813
130.930527, 89.047, 168.6181
131.879304, 88.980, 168.5964
132.834956, 88.916, 168.6248
133.797533, 88.854, 168.7030
134.767085, 88.794, 168.8210
135.743663, 88.736, 168.9620
136.727317, 88.679, 169.1093
137.718100, 88.620, 169.2526
138.716062, 88.560, 169.3878
139.721255, 88.499, 169.5135
140.733733, 88.438, 169.6296
141.753548, 88.377, 169.7390
142.780753, 88.318, 169.8474
143.815401, 88.261, 169.9617
144.857546, 88.207, 170.0876
145.907244, 88.157, 170.2300
146.964548, 88.111, 170.3928
148.029514, 88.070, 170.5782
149.102197, 88.032, 170.7868
150.182652, 87.998, 171.0176
151.270938, 87.967, 171.2666
152.367109, 87.938, 171.5279
153.471224, 87.909, 171.7948
154.583340, 87.880, 172.0614
155.703515, 87.853, 172.3239
156.831807, 87.827, 172.5800
157.968274, 87.804, 172.8284
159.112978, 87.784, 173.0691
160.265976, 87.767, 173.3030
161.427329, 87.753, 173.5311
162.597098, 87.741, 173.7539
163.775344, 87.731, 173.9725
164.962128, 87.721, 174.1898
166.157511, 87.713, 174.4099
167.361557, 87.706, 174.6361
168.574328, 87.701, 174.8688
169.795887, 87.699, 175.1060
171.026298, 87.699, 175.3441
172.265625, 87.701, 175.5792
173.513933, 87.703, 175.8063
174.771286, 87.705, 176.0210
176.037751, 87.708, 176.2199
177.313393, 87.712, 176.4014
178.598279, 87.717, 176.5660
179.892476, 87.725, 176.7170
181.196051, 87.735, 176.8583
182.509072, 87.748, 176.9913
183.831608, 87.761, 177.1149
185.163728, 87.776, 177.2268
186.505500, 87.791, 177.3263
187.856996, 87.806, 177.4150
189.218285, 87.820, 177.4959
190.589439, 87.834, 177.5709
191.970529, 87.849, 177.6389
193.361626, 87.864, 177.6969
194.762804, 87.879, 177.7422
196.174136, 87.895, 177.7731
197.595694, 87.912, 177.7902
199.027554, 87.927, 177.7957
200.469790, 87.943, 177.7920
201.922477, 87.957, 177.7819
203.385690, 87.969, 177.7692
204.859507, 87.981, 177.7580
206.344003, 87.990, 177.7524
207.839257, 87.999, 177.7549
209.345346, 88.007, 177.7654
210.862348, 88.015, 177.7816
212.390344, 88.022, 177.7991
213.929412, 88.030, 177.8130
215.479633, 88.038, 177.8179
217.041087, 88.048, 177.8102
218.613856, 88.057, 177.7889
220.198022, 88.067, 177.7560
221.793668, 88.076, 177.7141
223.400876, 88.084, 177.6650
225.019731, 88.090, 177.6089
226.650317, 88.095, 177.5452
228.292718, 88.100, 177.4733
229.947022, 88.104, 177.3940
231.613312, 88.108, 177.3097
233.291678, 88.113, 177.2242
234.982206, 88.118, 177.1428
236.684984, 88.124, 177.0714
238.400101, 88.129, 177.0142
240.127646, 88.135, 176.9719
241.867710, 88.141, 176.9413
243.620383, 88.145, 176.9160
245.385757, 88.149, 176.8890
247.163923, 88.153, 176.8533
248.954975, 88.155, 176.8043
250.759005, 88.157, 176.7398
252.576108, 88.158, 176.6605
254.406379, 88.159, 176.5682
256.249912, 88.160, 176.4660
258.106805, 88.160, 176.3571
259.977153, 88.160, 176.2442
261.861055, 88.159, 176.1295
263.758608, 88.158, 176.0142
265.669911, 88.156, 175.8995
267.595065, 88.153, 175.7869
269.534169, 88.150, 175.6771
271.487325, 88.145, 175.5703
273.454634, 88.140, 175.4657
275.436199, 88.133, 175.3629
277.432123, 88.125, 175.2625
279.442511, 88.116, 175.1658
281.467467, 88.105, 175.0740
283.507096, 88.093, 174.9874
285.561505, 88.080, 174.9059
287.630801, 88.067, 174.8289
289.715093, 88.054, 174.7549
291.814488, 88.041, 174.6826
293.929096, 88.028, 174.6100
296.059027, 88.014, 174.5356
298.204393, 88.001, 174.4588
300.365305, 87.988, 174.3801
302.541876, 87.976, 174.3008
304.734219, 87.963, 174.2217
306.942449, 87.951, 174.1432
309.166680, 87.938, 174.0653
311.407029, 87.925, 173.9881
313.663613, 87.912, 173.9114
315.936549, 87.898, 173.8350
318.225955, 87.884, 173.7587
320.531952, 87.870, 173.6826
322.854659, 87.855, 173.6064
325.194197, 87.840, 173.5303
327.550688, 87.823, 173.4554
329.924255, 87.807, 173.3832
332.315022, 87.789, 173.3151
334.723114, 87.771, 173.2516
337.148655, 87.753, 173.1932
339.591774, 87.733, 173.1398
342.052596, 87.714, 173.0915
344.531250, 87.694, 173.0469
347.027865, 87.673, 173.0042
349.542572, 87.652, 172.9613
352.075502, 87.631, 172.9167
354.626786, 87.608, 172.8696
357.196558, 87.586, 172.8195
359.784951, 87.562, 172.7672
362.392101, 87.537, 172.7141
365.018144, 87.513, 172.6615
367.663216, 87.487, 172.6110
370.327455, 87.461, 172.5648
373.011000, 87.435, 172.5251
375.713992, 87.407, 172.4941
378.436570, 87.379, 172.4734
381.178878, 87.350, 172.4641
383.941057, 87.321, 172.4668
386.723252, 87.291, 172.4811
389.525608, 87.260, 172.5057
392.348271, 87.229, 172.5385
395.191389, 87.198, 172.5768
398.055108, 87.168, 172.6179
400.939580, 87.137, 172.6599
403.844953, 87.106, 172.7018
406.771380, 87.076, 172.7441
409.719013, 87.047, 172.7891
412.688006, 87.017, 172.8393
415.678514, 86.988, 172.8967
418.690692, 86.959, 172.9628
421.724697, 86.930, 173.0393
424.780688, 86.901, 173.1288
427.858824, 86.872, 173.2333
430.959265, 86.843, 173.3545
434.082174, 86.815, 173.4924
437.227712, 86.786, 173.6460
440.396044, 86.758, 173.8127
443.587336, 86.731, 173.9897
446.801752, 86.705, 174.1737
450.039462, 86.681, 174.3614
453.300634, 86.659, 174.5503
456.585437, 86.639, 174.7389
459.894043, 86.622, 174.9262
463.226625, 86.606, 175.1114
466.583356, 86.593, 175.2939
469.964411, 86.582, 175.4734
473.369967, 86.572, 175.6495
476.800201, 86.564, 175.8208
480.255292, 86.556, 175.9857
483.735420, 86.548, 176.1427
487.240766, 86.539, 176.2922
490.771513, 86.530, 176.4365
494.327846, 86.519, 176.5805
497.909949, 86.507, 176.7303
501.518010, 86.494, 176.8922
505.152216, 86.481, 177.0699
508.812758, 86.469, 177.2637
512.499825, 86.459, 177.4692
516.213610, 86.450, 177.6793
519.954306, 86.445, 177.8842
523.722109, 86.443, 178.0746
527.517216, 86.445, 178.2437
531.339823, 86.451, 178.3884
535.190130, 86.461, 178.5089
539.068339, 86.473, 178.6071
542.974650, 86.488, 178.6865
546.909268, 86.503, 178.7524
550.872398, 86.516, 178.8114
554.864247, 86.527, 178.8714
558.885022, 86.534, 178.9392
562.934933, 86.538, 179.0197
567.014192, 86.537, 179.1147
571.123010, 86.533, 179.2221
575.261603, 86.525, 179.3370
579.430186, 86.517, 179.4539
583.628976, 86.508, 179.5684
587.858192, 86.499, 179.6770
592.118055, 86.493, 179.7775
596.408786, 86.490, 179.8687
600.730610, 86.489, 179.9509
605.083752, 86.491, -179.9746
609.468438, 86.495, -179.9063
613.884897, 86.502, -179.8428
618.333360, 86.509, -179.7839
622.814059, 86.516, -179.7297
627.327226, 86.523, -179.6807
631.873098, 86.530, -179.6366
636.451911, 86.536, -179.5968
641.063904, 86.540, -179.5605
645.709317, 86.543, -179.5272
650.388393, 86.545, -179.4964
655.101375, 86.546, -179.4685
659.848510, 86.545, -179.4448
664.630044, 86.543, -179.4265
669.446228, 86.540, -179.4136
674.297311, 86.536, -179.4053
679.183547, 86.531, -179.3998
684.105191, 86.525, -179.3956
689.062499, 86.518, -179.3916
694.055730, 86.510, -179.3868
699.085144, 86.502, -179.3807
704.151003, 86.492, -179.3729
709.253572, 86.482, -179.3635
714.393116, 86.470, -179.3525
719.569903, 86.457, -179.3392
724.784203, 86.444, -179.3227
730.036288, 86.430, -179.3015
735.326432, 86.415, -179.2743
740.654910, 86.400, -179.2402
746.022001, 86.385, -179.1990
751.427984, 86.370, -179.1507
756.873141, 86.354, -179.0959
762.357756, 86.339, -179.0345
767.882114, 86.323, -178.9650
773.446504, 86.306, -178.8848
779.051217, 86.290, -178.7923
784.696543, 86.274, -178.6880
790.382778, 86.259, -178.5747
796.110217, 86.244, -178.4557
801.879160, 86.230, -178.3335
807.689907, 86.216, -178.2087
813.542761, 86.202, -178.0807
819.438027, 86.188, -177.9484
825.376013, 86.173, -177.8098
831.357028, 86.158, -177.6635
837.381383, 86.143, -177.5085
843.449394, 86.127, -177.3451
849.561376, 86.111, -177.1747
855.717648, 86.097, -176.9993
861.918531, 86.084, -176.8201
868.164348, 86.073, -176.6370
874.455424, 86.065, -176.4485
880.792089, 86.061, -176.2533
887.174671, 86.060, -176.0515
893.603505, 86.063, -175.8456
900.078924, 86.071, -175.6405
906.601267, 86.082, -175.4432
913.170874, 86.096, -175.2629
919.788086, 86.113, -175.1112
926.453250, 86.132, -175.0005
933.166712, 86.150, -174.9421
939.928823, 86.165, -174.9427
946.739934, 86.174, -175.0018
953.600402, 86.174, -175.1100
960.510584, 86.165, -175.2492
967.470839, 86.145, -175.3953
974.481532, 86.114, -175.5228
981.543027, 86.075, -175.6088
988.655692, 86.029, -175.6366
995.819899, 85.979, -175.5978
1003.036020, 85.927, -175.4911
1010.304433, 85.876, -175.3208
1017.625515, 85.825, -175.0948
1024.999649, 85.777, -174.8223
1032.427219, 85.731, -174.5110
1039.908612, 85.686, -174.1663
1047.444219, 85.643, -173.7893
1055.034432, 85.601, -173.3779
1062.679646, 85.559, -172.9267
1070.380261, 85.518, -172.4271
1078.136677, 85.480, -171.8672
1085.949300, 85.445, -171.2316
1093.818536, 85.418, -170.5031
1101.744796, 85.403, -169.6663
1109.728493, 85.407, -168.7166
1117.770043, 85.441, -167.6732
1125.869866, 85.514, -166.5931
1134.028383, 85.628, -165.5764
1142.246020, 85.783, -164.7529
1150.523206, 85.964, -164.2449
1158.860371, 86.150, -164.1192
1167.257951, 86.318, -164.3564
1175.716383, 86.451, -164.8604
1184.236109, 86.541, -165.4989
1192.817572, 86.590, -166.1492
1201.461220, 86.606, -166.7246
1210.167503, 86.600, -167.1799
1218.936876, 86.580, -167.5031
1227.769795, 86.555, -167.7034
1236.666721, 86.529, -167.8004
1245.628118, 86.505, -167.8164
1254.654453, 86.486, -167.7722
1263.746196, 86.470, -167.6848
1272.903822, 86.459, -167.5681
1282.127808, 86.452, -167.4323
1291.418634, 86.449, -167.2842
1300.776786, 86.449, -167.1284
1310.202751, 86.452, -166.9677
1319.697020, 86.458, -166.8040
1329.260089, 86.466, -166.6395
1338.892455, 86.478, -166.4762
1348.594622, 86.491, -166.3159
1358.367094, 86.506, -166.1603
1368.210382, 86.522, -166.0106
1378.124999, 86.541, -165.8678
1388.111461, 86.560, -165.7325
1398.170288, 86.581, -165.6049
1408.302007, 86.603, -165.4853
1418.507144, 86.626, -165.3740
1428.786231, 86.649, -165.2710
1439.139805, 86.673, -165.1763
1449.568405, 86.698, -165.0895
1460.072576, 86.722, -165.0099
1470.652863, 86.747, -164.9369
1481.309820, 86.771, -164.8702
1492.044002, 86.796, -164.8104
1502.855968, 86.821, -164.7582
1513.746282, 86.846, -164.7145
1524.715511, 86.871, -164.6802
1535.764228, 86.896, -164.6555
1546.893009, 86.920, -164.6410
1558.102433, 86.945, -164.6366
1569.393086, 86.971, -164.6424
1580.765555, 86.997, -164.6580
1592.220434, 87.024, -164.6827
1603.758320, 87.054, -164.7159
1615.379813, 87.088, -164.7567
1627.085521, 87.128, -164.8045
1638.876054, 87.175, -164.8582
1650.752025, 87.231, -164.9166
1662.714055, 87.295, -164.9789
1674.762766, 87.365, -165.0445
1686.898788, 87.437, -165.1134
1699.122752, 87.504, -165.1859
1711.435296, 87.563, -165.2626
1723.837061, 87.611, -165.3442
1736.328695, 87.644, -165.4315
1748.910849, 87.662, -165.5249
1761.584178, 87.666, -165.6243
1774.349343, 87.658, -165.7290
1787.207010, 87.640, -165.8378
1800.157848, 87.615, -165.9492
1813.202534, 87.586, -166.0618
1826.341747, 87.555, -166.1741
1839.576172, 87.523, -166.2854
1852.906500, 87.490, -166.3953
1866.333424, 87.455, -166.5033
1879.857645, 87.419, -166.6093
1893.479869, 87.380, -166.7125
1907.200804, 87.338, -166.8126
1921.021168, 87.293, -166.9092
1934.941679, 87.244, -167.0018
1948.963064, 87.191, -167.0902
1963.086054, 87.135, -167.1737
1977.311384, 87.075, -167.2518
1991.639798, 87.011, -167.3237
2006.072041, 86.942, -167.3894
2020.608866, 86.868, -167.4495
2035.251031, 86.791, -167.5054
2049.999299, 86.711, -167.5591
2064.854438, 86.629, -167.6123
2079.817225, 86.547, -167.6656
2094.888438, 86.466, -167.7181
2110.068863, 86.387, -167.7673
2125.359292, 86.310, -167.8088
2140.760521, 86.234, -167.8380
2156.273355, 86.158, -167.8503
2171.898600, 86.081, -167.8427
2187.637073, 86.002, -167.8140
2203.489593, 85.918, -167.7648
2219.456987, 85.830, -167.6967
2235.540087, 85.737, -167.6118
2251.739732, 85.641, -167.5118
2268.056766, 85.542, -167.3984
2284.492041, 85.442, -167.2726
2301.046412, 85.343, -167.1350
2317.720742, 85.249, -166.9861
2334.515902, 85.162, -166.8263
2351.432767, 85.083, -166.6564
2368.472218, 85.014, -166.4772
2385.635144, 84.956, -166.2897
2402.922440, 84.907, -166.0950
2420.335006, 84.866, -165.8943
2437.873752, 84.832, -165.6891
2455.539590, 84.802, -165.4809
2473.333442, 84.775, -165.2717
2491.256235, 84.749, -165.0635
2509.308905, 84.724, -164.8581
2527.492392, 84.700, -164.6570
2545.807644, 84.678, -164.4610
2564.255615, 84.658, -164.2704
2582.837268, 84.643, -164.0853
2601.553572, 84.632, -163.9064
2620.405502, 84.628, -163.7346
2639.394040, 84.632, -163.5708
2658.520177, 84.644, -163.4158
2677.784910, 84.666, -163.2705
2697.189244, 84.696, -163.1357
2716.734189, 84.734, -163.0116
2736.420765, 84.779, -162.8976
2756.249998, 84.829, -162.7924
2776.222921, 84.881, -162.6940
2796.340577, 84.934, -162.5998
2816.604013, 84.985, -162.5062
2837.014287, 85.032, -162.4089
2857.572462, 85.073, -162.3035
2878.279610, 85.107, -162.1851
2899.136811, 85.132, -162.0495
2920.145151, 85.148, -161.8937
2941.305727, 85.156, -161.7156
2962.619641, 85.155, -161.5137
2984.088004, 85.145, -161.2871
3005.711935, 85.127, -161.0355
3027.492563, 85.102, -160.7582
3049.431022, 85.070, -160.4550
3071.528457, 85.033, -160.1252
3093.786018, 84.990, -159.7697
3116.204867, 84.944, -159.3897
3138.786172, 84.897, -158.9882
3161.531110, 84.848, -158.5685
3184.440868, 84.800, -158.1338
3207.516639, 84.751, -157.6863
3230.759627, 84.703, -157.2271
3254.171043, 84.654, -156.7562
3277.752108, 84.603, -156.2742
3301.504051, 84.552, -155.7821
3325.428110, 84.500, -155.2807
3349.525533, 84.447, -154.7695
3373.797576, 84.396, -154.2466
3398.245504, 84.346, -153.7083
3422.870591, 84.297, -153.1497
3447.674123, 84.250, -152.5657
3472.657391, 84.205, -151.9521
3497.821698, 84.161, -151.3055
3523.168356, 84.120, -150.6242
3548.698686, 84.080, -149.9079
3574.414019, 84.042, -149.1573
3600.315697, 84.005, -148.3748
3626.405068, 83.971, -147.5632
3652.683494, 83.940, -146.7263
3679.152345, 83.912, -145.8673
3705.812999, 83.888, -144.9890
3732.666848, 83.869, -144.0934
3759.715291, 83.859, -143.1832
3786.959737, 83.858, -142.2621
3814.401609, 83.871, -141.3354
3842.042335, 83.899, -140.4108
3869.883358, 83.946, -139.4971
3897.926128, 84.014, -138.6036
3926.172107, 84.103, -137.7397
3954.622769, 84.215, -136.9147
3983.279596, 84.350, -136.1374
4012.144082, 84.507, -135.4153
4041.217732, 84.686, -134.7562
4070.502061, 84.885, -134.1694
4099.998597, 85.104, -133.6672
4129.708877, 85.339, -133.2640
4159.634450, 85.588, -132.9720
4189.776876, 85.846, -132.7983
4220.137726, 86.111, -132.7452
4250.718584, 86.379, -132.8136
4281.521043, 86.650, -133.0056
4312.546709, 86.921, -133.3268
4343.797200, 87.191, -133.7858
4375.274146, 87.461, -134.3934
4406.979186, 87.728, -135.1614
4438.913974, 87.990, -136.1003
4471.080174, 88.247, -137.2184
4503.479464, 88.496, -138.5220
4536.113533, 88.735, -140.0143
4568.984081, 88.961, -141.6963
4602.092823, 89.170, -143.5654
4635.441485, 89.360, -145.6152
4669.031805, 89.526, -147.8339
4702.865534, 89.664, -150.2032
4736.944436, 89.770, -152.6975
4771.270288, 89.843, -155.2842
4805.844880, 89.878, -157.9252
4840.670013, 89.877, -160.5780
4875.747503, 89.837, -163.1987
4911.079179, 89.761, -165.7437
4946.666884, 89.651, -168.1717
4982.512471, 89.511, -170.4458
5018.617810, 89.343, -172.5345
5054.984784, 89.153, -174.4125
5091.615287, 88.945, -176.0610
5128.511230, 88.723, -177.4679
5165.674537, 88.493, -178.6268
5203.107144, 88.260, -179.5372
5240.811003, 88.027, 179.7957
5278.788080, 87.800, 179.3619
5317.040355, 87.582, 179.1460
5355.569821, 87.375, 179.1278
5394.378487, 87.183, 179.2820
5433.468378, 87.008, 179.5787
5472.841529, 86.850, 179.9835
5512.499995, 86.711, -179.5407
5552.445842, 86.592, -179.0320
5592.681154, 86.492, -178.5273
5633.208027, 86.411, -178.0601
5674.028574, 86.347, -177.6595
5715.144924, 86.300, -177.3497
5756.559221, 86.269, -177.1504
5798.273622, 86.251, -177.0775
5840.290302, 86.246, -177.1445
5882.611454, 86.251, -177.3634
5925.239281, 86.265, -177.7451
5968.176007, 86.286, -178.3003
6011.423871, 86.313, -179.0400
6054.985126, 86.344, -179.9768
6098.862045, 86.377, 178.8757
6143.056913, 86.410, 177.5025
6187.572036, 86.440, 175.8876
6232.409733, 86.465, 174.0140
6277.572344, 86.481, 171.8640
6323.062220, 86.486, 169.4193
6368.881736, 86.474, 166.6616
6415.033278, 86.441, 163.5726
6461.519254, 86.382, 160.1348
6508.342086, 86.290, 156.3328
6555.504216, 86.155, 152.1558
6603.008102, 85.969, 147.6008
6650.856220, 85.720, 142.6750
6699.051066, 85.397, 137.3979
6747.595151, 84.987, 131.8024
6796.491007, 84.481, 125.9333
6845.741183, 83.868, 119.8422
6895.348246, 83.141, 113.5789
6945.314781, 82.295, 107.1792
6995.643395, 81.328, 100.6501
7046.336711, 80.241, 93.9500
7097.397372, 79.039, 86.9607
7148.828039, 77.729, 79.4432
7200.631394, 76.329, 70.9619
7252.810137, 74.871, 60.7520
7305.366989, 73.415, 47.5479
7358.304690, 72.072, 29.6896
7411.625999, 71.012, 6.7820
7465.333696, 70.416, -17.1903
7519.430581, 70.371, -36.6776
7573.919475, 70.801, -50.4435
7628.803218, 71.535, -59.9888
7684.084670, 72.421, -66.8632
7739.766716, 73.360, -72.1038
7795.852256, 74.302, -76.3630
7852.344215, 75.222, -80.0609
7909.245538, 76.108, -83.4767
7966.559191, 76.951, -86.7990
8024.288163, 77.746, -90.1526
8082.435463, 78.491, -93.6145
8141.004122, 79.179, -97.2239
8199.997194, 79.810, -100.9880
8259.417754, 80.382, -104.8878
8319.268900, 80.896, -108.8851
8379.553752, 81.355, -112.9303
8440.275452, 81.766, -116.9718
8501.437168, 82.136, -120.9655
8563.042086, 82.476, -124.8816
8625.093419, 82.796, -128.7097
8687.594401, 83.107, -132.4614
8750.548291, 83.417, -136.1704
8813.958371, 83.734, -139.8898
8877.827947, 84.060, -143.6875
8942.160348, 84.394, -147.6399
9006.958928, 84.732, -151.8218
9072.227065, 85.064, -156.2986
9137.968162, 85.377, -161.1178
9204.185647, 85.658, -166.3027
9270.882970, 85.890, -171.8484
9338.063610, 86.057, -177.7185
9405.731068, 86.145, 176.1531
9473.888873, 86.145, 169.8579
9542.540577, 86.051, 163.5015
9611.689759, 85.864, 157.1919
9681.340025, 85.589, 151.0261
9751.495006, 85.237, 145.0790
9822.158359, 84.820, 139.3965
9893.333767, 84.354, 133.9915
9965.024942, 83.853, 128.8457
10037.235620, 83.328, 123.9141
10109.969567, 82.789, 119.1328
10183.230574, 82.237, 114.4309
10257.022461, 81.672, 109.7427
10331.349074, 81.084, 105.0237
10406.214288, 80.462, 100.2607
10481.622007, 79.791, 95.4773
10557.576160, 79.061, 90.7280
10634.080709, 78.262, 86.0837
10711.139642, 77.394, 81.6079
10788.756975, 76.463, 77.3326
10866.936755, 75.477, 73.2416
10945.683059, 74.451, 69.2610
11024.999990, 73.397, 65.2599
11104.891685, 72.326, 61.0535
11185.362308, 71.252, 56.4021
11266.416054, 70.188, 51.0033
11348.057149, 69.155, 44.4745
11430.289849, 68.190, 36.3374
11513.118441, 67.355, 26.0499
11596.547243, 66.732, 13.1844
11680.580605, 66.410, -2.1334
11765.222907, 66.443, -18.7699
11850.478562, 66.817, -34.9240
11936.352015, 67.458, -49.2572
12022.847742, 68.271, -61.4441
12109.970253, 69.174, -71.8049
12197.724089, 70.110, -80.8309
12286.113826, 71.047, -88.9628
12375.144072, 71.963, -96.5458
12464.819467, 72.846, -103.8429
12555.144687, 73.686, -111.0538
12646.124441, 74.472, -118.3282
12737.763472, 75.193, -125.7704
12830.066557, 75.836, -133.4420
12923.038508, 76.391, -141.3654
13016.684172, 76.849, -149.5260
13111.008431, 77.205, -157.8804
13206.016203, 77.456, -166.3652
13301.712440, 77.606, -174.9097
13398.102132, 77.661, 176.5542
13495.190303, 77.630, 168.0830
13592.982015, 77.523, 159.7192
13691.482366, 77.351, 151.4904
13790.696491, 77.124, 143.4115
13890.629563, 76.852, 135.4877
13991.286791, 76.547, 127.7157
14092.673422, 76.220, 120.0828
14194.794743, 75.884, 112.5638
14297.656077, 75.554, 105.1173
14401.262787, 75.246, 97.6807
14505.620274, 74.980, 90.1689
14610.733978, 74.768, 82.4757
14716.609379, 74.622, 74.4800
14823.251997, 74.541, 66.0599
14930.667392, 74.516, 57.1104
15038.861162, 74.524, 47.5613
15147.838950, 74.536, 37.3923
15257.606435, 74.520, 26.6414
15368.169341, 74.448, 15.4041
15479.533431, 74.299, 3.8228
15591.704511, 74.066, -7.9355
15704.688430, 73.758, -19.7111
15818.491076, 73.400, -31.3862
15933.118383, 73.031, -42.9146
16048.576327, 72.695, -54.3342
16164.870926, 72.430, -65.7588
16282.008245, 72.253, -77.3467
16399.994388, 72.162, -89.2618
16518.835508, 72.131, -101.6410
16638.537799, 72.126, -114.5731
16759.107503, 72.110, -128.1006
16880.550905, 72.052, -142.2275
17002.874335, 71.929, -156.9399
17126.084171, 71.722, -172.2146
17250.186837, 71.418, 171.9788
17375.188802, 71.000, 155.6860
17501.096582, 70.453, 138.9764
17627.916743, 69.762, 121.9456
17755.655894, 68.914, 104.7091
17884.320696, 67.905, 87.3906
18013.917856, 66.739, 70.1160
18144.454131, 65.425, 53.0289
18275.936325, 63.979, 36.3413
18408.371293, 62.426, 20.4403
18541.765940, 60.815, 6.0824
18676.127219, 59.248, -5.3510
18811.462136, 57.913, -11.9916
18947.777745, 57.056, -14.0975
19085.081153, 56.814, -18.1650
19223.379519, 57.065, -31.0042
19362.680051, 57.536, -53.1268
19502.990012, 58.006, -80.9189
19644.316718, 58.370, -107.6665
19786.667534, 58.605, -127.2346
19930.049884, 58.718, -137.2568
