* Measurement data measured by REW V5.40 beta 55
* Source: EXCL: Headset (USB-C to 3.5mm Headphone Jack Adapter), MICROPHONE (Master Volume), 0, volume: 0.260
* Format: 256k Log Swept Sine, 1 sweep at -6.0 dBFS with no timing reference
* Dated: Jan 12, 2025 11:11:08 PM
* REW Settings:
*  C-weighting compensation: Off
*  Target level: 75.0 dB
* Note: ; 
* Measurement: R14
* Smoothing: 1/12 octave
* Frequency Step: 96 ppo
* Start Frequency: 20.0 Hz
*
* Freq(Hz), SPL(dB), Phase(degrees)
20.033247, 80.599, -50.5227
20.178416, 80.862, -51.8994
20.324637, 81.085, -53.5288
20.471918, 81.259, -55.3433
20.620266, 81.379, -57.2633
20.769689, 81.443, -59.2031
20.920195, 81.452, -61.0738
21.071791, 81.411, -62.7897
21.224486, 81.331, -64.2723
21.378287, 81.225, -65.4602
21.533203, 81.109, -66.3175
21.689242, 81.004, -66.8453
21.846411, 80.929, -67.0893
22.004719, 80.898, -67.1390
22.164174, 80.920, -67.1168
22.324785, 80.995, -67.1560
22.486559, 81.112, -67.3746
22.649506, 81.255, -67.8550
22.813634, 81.406, -68.6329
22.978951, 81.546, -69.6992
23.145466, 81.662, -71.0085
23.313188, 81.741, -72.4904
23.482124, 81.780, -74.0612
23.652286, 81.777, -75.6334
23.823680, 81.737, -77.1254
23.996316, 81.668, -78.4684
24.170203, 81.582, -79.6146
24.345351, 81.491, -80.5427
24.521767, 81.409, -81.2618
24.699462, 81.348, -81.8098
24.878444, 81.315, -82.2457
25.058724, 81.312, -82.6381
25.240310, 81.337, -83.0499
25.423211, 81.382, -83.5266
25.607438, 81.440, -84.0891
25.793000, 81.504, -84.7336
25.979907, 81.566, -85.4372
26.168168, 81.625, -86.1655
26.357794, 81.682, -86.8833
26.548793, 81.740, -87.5629
26.741176, 81.804, -88.1912
26.934954, 81.881, -88.7731
27.130136, 81.974, -89.3312
27.326732, 82.086, -89.9006
27.524753, 82.215, -90.5221
27.724208, 82.358, -91.2330
27.925110, 82.507, -92.0599
28.127466, 82.655, -93.0138
28.331290, 82.795, -94.0886
28.536590, 82.918, -95.2629
28.743378, 83.020, -96.5024
28.951664, 83.097, -97.7647
29.161460, 83.148, -99.0030
29.372776, 83.174, -100.1703
29.585623, 83.178, -101.2240
29.800013, 83.165, -102.1296
30.015956, 83.142, -102.8649
30.233464, 83.116, -103.4230
30.452548, 83.095, -103.8141
30.673220, 83.084, -104.0643
30.895490, 83.088, -104.2123
31.119372, 83.108, -104.3027
31.344876, 83.143, -104.3778
31.572014, 83.189, -104.4711
31.800797, 83.241, -104.6023
32.031239, 83.295, -104.7769
32.263351, 83.348, -104.9882
32.497144, 83.397, -105.2220
32.732632, 83.442, -105.4631
32.969826, 83.485, -105.6997
33.208739, 83.527, -105.9269
33.449383, 83.571, -106.1475
33.691771, 83.617, -106.3704
33.935916, 83.667, -106.6069
34.181829, 83.719, -106.8680
34.429525, 83.774, -107.1609
34.679015, 83.829, -107.4885
34.930314, 83.884, -107.8501
35.183433, 83.939, -108.2437
35.438387, 83.993, -108.6679
35.695188, 84.046, -109.1231
35.953850, 84.098, -109.6113
36.214387, 84.148, -110.1346
36.476811, 84.193, -110.6926
36.741137, 84.233, -111.2805
37.007378, 84.264, -111.8882
37.275549, 84.286, -112.5006
37.545663, 84.299, -113.0996
37.817734, 84.302, -113.6669
38.091777, 84.297, -114.1870
38.367806, 84.287, -114.6502
38.645835, 84.274, -115.0537
38.925879, 84.260, -115.4017
39.207952, 84.246, -115.7042
39.492069, 84.235, -115.9732
39.778244, 84.225, -116.2205
40.066494, 84.215, -116.4539
40.356832, 84.205, -116.6765
40.649275, 84.194, -116.8873
40.943836, 84.184, -117.0843
41.240532, 84.174, -117.2672
41.539378, 84.166, -117.4410
41.840389, 84.161, -117.6151
42.143582, 84.160, -117.8014
42.448972, 84.161, -118.0091
42.756574, 84.162, -118.2401
43.066406, 84.163, -118.4875
43.378483, 84.163, -118.7372
43.692822, 84.162, -118.9731
44.009438, 84.164, -119.1836
44.328348, 84.170, -119.3656
44.649570, 84.184, -119.5250
44.973119, 84.206, -119.6746
45.299013, 84.237, -119.8284
45.627268, 84.275, -119.9987
45.957902, 84.318, -120.1931
46.290932, 84.364, -120.4131
46.626375, 84.408, -120.6531
46.964249, 84.450, -120.9001
47.304571, 84.487, -121.1345
47.647360, 84.519, -121.3348
47.992632, 84.548, -121.4843
48.340407, 84.579, -121.5792
48.690701, 84.614, -121.6317
49.043534, 84.654, -121.6664
49.398924, 84.700, -121.7104
49.756889, 84.747, -121.7825
50.117447, 84.794, -121.8878
50.480619, 84.838, -122.0206
50.846423, 84.879, -122.1719
51.214877, 84.918, -122.3361
51.586001, 84.954, -122.5119
51.959814, 84.988, -122.6984
52.336336, 85.020, -122.8895
52.715587, 85.051, -123.0741
53.097586, 85.082, -123.2411
53.482353, 85.116, -123.3881
53.869908, 85.155, -123.5250
54.260272, 85.201, -123.6699
54.653464, 85.251, -123.8389
55.049506, 85.301, -124.0361
55.448417, 85.350, -124.2505
55.850219, 85.395, -124.4626
56.254933, 85.437, -124.6558
56.662579, 85.479, -124.8254
57.073180, 85.520, -124.9790
57.486755, 85.561, -125.1276
57.903328, 85.601, -125.2751
58.322919, 85.637, -125.4146
58.745551, 85.672, -125.5358
59.171246, 85.708, -125.6387
59.600025, 85.748, -125.7417
60.031911, 85.794, -125.8758
60.466927, 85.841, -126.0670
60.905096, 85.887, -126.3209
61.346439, 85.927, -126.6199
61.790981, 85.961, -126.9360
62.238744, 85.991, -127.2460
62.689751, 86.022, -127.5403
63.144027, 86.054, -127.8192
63.601595, 86.089, -128.0868
64.062478, 86.128, -128.3480
64.526701, 86.171, -128.6096
64.994288, 86.218, -128.8800
65.465264, 86.265, -129.1639
65.939652, 86.311, -129.4571
66.417478, 86.355, -129.7480
66.898766, 86.396, -130.0271
67.383542, 86.437, -130.2939
67.871831, 86.476, -130.5571
68.363659, 86.513, -130.8250
68.859050, 86.548, -131.0984
69.358031, 86.579, -131.3700
69.860628, 86.607, -131.6309
70.366867, 86.635, -131.8788
70.876774, 86.664, -132.1213
71.390376, 86.696, -132.3722
71.907700, 86.730, -132.6437
72.428773, 86.763, -132.9392
72.953622, 86.795, -133.2516
73.482274, 86.825, -133.5687
74.014757, 86.854, -133.8800
74.551098, 86.883, -134.1812
75.091326, 86.913, -134.4730
75.635469, 86.945, -134.7599
76.183555, 86.977, -135.0480
76.735612, 87.010, -135.3434
77.291670, 87.042, -135.6483
77.851757, 87.071, -135.9583
78.415903, 87.098, -136.2655
78.984137, 87.123, -136.5637
79.556489, 87.146, -136.8520
80.132988, 87.170, -137.1355
80.713665, 87.194, -137.4226
81.298549, 87.218, -137.7210
81.887672, 87.240, -138.0338
82.481064, 87.261, -138.3585
83.078756, 87.278, -138.6893
83.680778, 87.293, -139.0190
84.287164, 87.306, -139.3407
84.897943, 87.318, -139.6483
85.513149, 87.330, -139.9395
86.132812, 87.343, -140.2164
86.756966, 87.359, -140.4854
87.385643, 87.378, -140.7548
88.018875, 87.400, -141.0339
88.656696, 87.424, -141.3314
89.299139, 87.448, -141.6503
89.946238, 87.471, -141.9869
90.598025, 87.493, -142.3336
91.254536, 87.513, -142.6854
91.915804, 87.533, -143.0430
92.581864, 87.551, -143.4086
93.252750, 87.567, -143.7819
93.928498, 87.581, -144.1594
94.609143, 87.592, -144.5380
95.294719, 87.599, -144.9172
95.985264, 87.605, -145.2979
96.680813, 87.607, -145.6813
97.381402, 87.607, -146.0676
98.087068, 87.606, -146.4573
98.797847, 87.605, -146.8517
99.513777, 87.604, -147.2524
100.234895, 87.604, -147.6592
100.961238, 87.605, -148.0698
101.692845, 87.610, -148.4830
102.429753, 87.617, -148.8995
103.172002, 87.626, -149.3203
103.919628, 87.635, -149.7435
104.672673, 87.644, -150.1638
105.431174, 87.651, -150.5737
106.195172, 87.656, -150.9667
106.964706, 87.660, -151.3397
107.739816, 87.662, -151.6942
108.520543, 87.662, -152.0331
109.306928, 87.661, -152.3553
110.099011, 87.658, -152.6534
110.896834, 87.654, -152.9205
111.700438, 87.650, -153.1588
112.509866, 87.646, -153.3794
113.325158, 87.642, -153.5949
114.146359, 87.635, -153.8146
114.973511, 87.624, -154.0433
115.806656, 87.608, -154.2817
116.645839, 87.588, -154.5256
117.491103, 87.564, -154.7644
118.342492, 87.539, -154.9812
119.200050, 87.518, -155.1623
120.063823, 87.507, -155.3116
120.933855, 87.506, -155.4526
121.810191, 87.514, -155.6062
122.692878, 87.525, -155.7736
123.581962, 87.536, -155.9432
124.477487, 87.542, -156.1040
125.379503, 87.544, -156.2484
126.288054, 87.541, -156.3729
127.203189, 87.535, -156.4774
128.124956, 87.528, -156.5673
129.053402, 87.522, -156.6521
129.988577, 87.517, -156.7388
130.930527, 87.513, -156.8265
131.879304, 87.510, -156.9086
132.834956, 87.507, -156.9796
133.797533, 87.503, -157.0376
134.767085, 87.499, -157.0842
135.743663, 87.493, -157.1227
136.727317, 87.487, -157.1561
137.718100, 87.481, -157.1859
138.716062, 87.476, -157.2115
139.721255, 87.474, -157.2316
140.733733, 87.475, -157.2443
141.753548, 87.479, -157.2488
142.780753, 87.484, -157.2457
143.815401, 87.491, -157.2362
144.857546, 87.498, -157.2205
145.907244, 87.506, -157.1971
146.964548, 87.513, -157.1638
148.029514, 87.522, -157.1192
149.102197, 87.533, -157.0634
150.182652, 87.547, -156.9985
151.270938, 87.564, -156.9286
152.367109, 87.582, -156.8603
153.471224, 87.603, -156.7996
154.583340, 87.623, -156.7501
155.703515, 87.644, -156.7125
156.831807, 87.665, -156.6852
157.968274, 87.687, -156.6652
159.112978, 87.710, -156.6515
160.265976, 87.736, -156.6455
161.427329, 87.765, -156.6508
162.597098, 87.795, -156.6705
163.775344, 87.827, -156.7054
164.962128, 87.860, -156.7537
166.157511, 87.893, -156.8129
167.361557, 87.926, -156.8804
168.574328, 87.960, -156.9534
169.795887, 87.993, -157.0305
171.026298, 88.027, -157.1108
172.265625, 88.061, -157.1946
173.513933, 88.096, -157.2823
174.771286, 88.131, -157.3754
176.037751, 88.167, -157.4768
177.313393, 88.203, -157.5897
178.598279, 88.239, -157.7151
179.892476, 88.276, -157.8520
181.196051, 88.312, -157.9985
182.509072, 88.349, -158.1538
183.831608, 88.387, -158.3181
185.163728, 88.426, -158.4919
186.505500, 88.465, -158.6757
187.856996, 88.504, -158.8698
189.218285, 88.542, -159.0737
190.589439, 88.579, -159.2867
191.970529, 88.615, -159.5077
193.361626, 88.650, -159.7351
194.762804, 88.683, -159.9678
196.174136, 88.716, -160.2049
197.595694, 88.747, -160.4452
199.027554, 88.777, -160.6882
200.469790, 88.805, -160.9351
201.922477, 88.833, -161.1877
203.385690, 88.860, -161.4471
204.859507, 88.885, -161.7130
206.344003, 88.910, -161.9843
207.839257, 88.935, -162.2607
209.345346, 88.960, -162.5413
210.862348, 88.984, -162.8253
212.390344, 89.007, -163.1113
213.929412, 89.029, -163.3984
215.479633, 89.049, -163.6868
217.041087, 89.068, -163.9775
218.613856, 89.086, -164.2720
220.198022, 89.101, -164.5709
221.793668, 89.116, -164.8739
223.400876, 89.130, -165.1800
225.019731, 89.143, -165.4875
226.650317, 89.155, -165.7946
228.292718, 89.166, -166.1002
229.947022, 89.177, -166.4040
231.613312, 89.186, -166.7067
233.291678, 89.195, -167.0090
234.982206, 89.203, -167.3114
236.684984, 89.211, -167.6143
238.400101, 89.217, -167.9177
240.127646, 89.223, -168.2214
241.867710, 89.228, -168.5257
243.620383, 89.232, -168.8310
245.385757, 89.236, -169.1380
247.163923, 89.239, -169.4468
248.954975, 89.242, -169.7568
250.759005, 89.244, -170.0678
252.576108, 89.246, -170.3793
254.406379, 89.246, -170.6915
256.249912, 89.245, -171.0042
258.106805, 89.244, -171.3173
259.977153, 89.241, -171.6308
261.861055, 89.237, -171.9449
263.758608, 89.232, -172.2601
265.669911, 89.226, -172.5765
267.595065, 89.219, -172.8936
269.534169, 89.210, -173.2104
271.487325, 89.201, -173.5259
273.454634, 89.190, -173.8386
275.436199, 89.178, -174.1475
277.432123, 89.165, -174.4525
279.442511, 89.152, -174.7539
281.467467, 89.138, -175.0521
283.507096, 89.123, -175.3475
285.561505, 89.107, -175.6403
287.630801, 89.090, -175.9299
289.715093, 89.072, -176.2160
291.814488, 89.053, -176.4979
293.929096, 89.033, -176.7750
296.059027, 89.012, -177.0471
298.204393, 88.991, -177.3139
300.365305, 88.968, -177.5753
302.541876, 88.946, -177.8317
304.734219, 88.923, -178.0836
306.942449, 88.900, -178.3320
309.166680, 88.876, -178.5782
311.407029, 88.852, -178.8229
313.663613, 88.826, -179.0663
315.936549, 88.800, -179.3082
318.225955, 88.773, -179.5482
320.531952, 88.744, -179.7860
322.854659, 88.715, 179.9783
325.194197, 88.684, 179.7452
327.550688, 88.652, 179.5159
329.924255, 88.618, 179.2920
332.315022, 88.583, 179.0758
334.723114, 88.548, 178.8688
337.148655, 88.511, 178.6716
339.591774, 88.473, 178.4846
342.052596, 88.435, 178.3069
344.531250, 88.396, 178.1372
347.027865, 88.357, 177.9741
349.542572, 88.317, 177.8171
352.075502, 88.277, 177.6664
354.626786, 88.236, 177.5231
357.196558, 88.195, 177.3888
359.784951, 88.154, 177.2651
362.392101, 88.112, 177.1524
365.018144, 88.071, 177.0497
367.663216, 88.029, 176.9553
370.327455, 87.987, 176.8671
373.011000, 87.945, 176.7841
375.713992, 87.902, 176.7064
378.436570, 87.858, 176.6358
381.178878, 87.814, 176.5747
383.941057, 87.768, 176.5262
386.723252, 87.722, 176.4924
389.525608, 87.675, 176.4746
392.348271, 87.629, 176.4724
395.191389, 87.583, 176.4843
398.055108, 87.537, 176.5081
400.939580, 87.492, 176.5415
403.844953, 87.447, 176.5835
406.771380, 87.402, 176.6340
409.719013, 87.359, 176.6941
412.688006, 87.316, 176.7647
415.678514, 87.274, 176.8463
418.690692, 87.234, 176.9390
421.724697, 87.196, 177.0441
424.780688, 87.158, 177.1644
427.858824, 87.122, 177.3027
430.959265, 87.086, 177.4600
434.082174, 87.052, 177.6337
437.227712, 87.018, 177.8196
440.396044, 86.985, 178.0129
443.587336, 86.954, 178.2089
446.801752, 86.925, 178.4034
450.039462, 86.899, 178.5929
453.300634, 86.876, 178.7750
456.585437, 86.857, 178.9486
459.894043, 86.842, 179.1142
463.226625, 86.832, 179.2728
466.583356, 86.825, 179.4252
469.964411, 86.821, 179.5709
473.369967, 86.821, 179.7090
476.800201, 86.823, 179.8385
480.255292, 86.828, 179.9584
483.735420, 86.834, -179.9327
487.240766, 86.841, -179.8365
490.771513, 86.849, -179.7556
494.327846, 86.857, -179.6924
497.909949, 86.865, -179.6488
501.518010, 86.871, -179.6251
505.152216, 86.876, -179.6204
508.812758, 86.879, -179.6320
512.499825, 86.880, -179.6560
516.213610, 86.878, -179.6877
519.954306, 86.874, -179.7218
523.722109, 86.867, -179.7529
527.517216, 86.859, -179.7772
531.339823, 86.849, -179.7930
535.190130, 86.840, -179.8004
539.068339, 86.830, -179.8019
542.974650, 86.821, -179.8013
546.909268, 86.812, -179.8015
550.872398, 86.803, -179.8047
554.864247, 86.795, -179.8115
558.885022, 86.786, -179.8224
562.934933, 86.776, -179.8367
567.014192, 86.766, -179.8533
571.123010, 86.754, -179.8698
575.261603, 86.742, -179.8842
579.430186, 86.728, -179.8954
583.628976, 86.714, -179.9028
587.858192, 86.699, -179.9064
592.118055, 86.684, -179.9060
596.408786, 86.668, -179.9010
600.730610, 86.652, -179.8909
605.083752, 86.636, -179.8755
609.468438, 86.620, -179.8552
613.884897, 86.605, -179.8307
618.333360, 86.589, -179.8027
622.814059, 86.574, -179.7719
627.327226, 86.559, -179.7390
631.873098, 86.543, -179.7046
636.451911, 86.527, -179.6689
641.063904, 86.510, -179.6313
645.709317, 86.493, -179.5902
650.388393, 86.476, -179.5442
655.101375, 86.459, -179.4933
659.848510, 86.442, -179.4388
664.630044, 86.425, -179.3826
669.446228, 86.408, -179.3264
674.297311, 86.390, -179.2714
679.183547, 86.372, -179.2177
684.105191, 86.355, -179.1650
689.062499, 86.338, -179.1121
694.055730, 86.321, -179.0568
699.085144, 86.304, -178.9971
704.151003, 86.287, -178.9314
709.253572, 86.269, -178.8588
714.393116, 86.251, -178.7791
719.569903, 86.231, -178.6923
724.784203, 86.211, -178.5994
730.036288, 86.191, -178.5016
735.326432, 86.170, -178.4006
740.654910, 86.150, -178.2970
746.022001, 86.129, -178.1905
751.427984, 86.109, -178.0798
756.873141, 86.088, -177.9628
762.357756, 86.068, -177.8373
767.882114, 86.049, -177.7017
773.446504, 86.029, -177.5546
779.051217, 86.011, -177.3959
784.696543, 85.993, -177.2266
790.382778, 85.977, -177.0477
796.110217, 85.962, -176.8604
801.879160, 85.949, -176.6656
807.689907, 85.936, -176.4644
813.542761, 85.926, -176.2573
819.438027, 85.917, -176.0453
825.376013, 85.910, -175.8292
831.357028, 85.904, -175.6100
837.381383, 85.900, -175.3884
843.449394, 85.898, -175.1658
849.561376, 85.897, -174.9432
855.717648, 85.898, -174.7223
861.918531, 85.901, -174.5047
868.164348, 85.906, -174.2914
874.455424, 85.913, -174.0828
880.792089, 85.922, -173.8790
887.174671, 85.935, -173.6817
893.603505, 85.951, -173.4944
900.078924, 85.970, -173.3230
906.601267, 85.993, -173.1748
913.170874, 86.019, -173.0582
919.788086, 86.047, -172.9816
926.453250, 86.076, -172.9521
933.166712, 86.103, -172.9753
939.928823, 86.127, -173.0521
946.739934, 86.145, -173.1785
953.600402, 86.154, -173.3456
960.510584, 86.152, -173.5394
967.470839, 86.139, -173.7414
974.481532, 86.113, -173.9299
981.543027, 86.077, -174.0831
988.655692, 86.031, -174.1819
995.819899, 85.978, -174.2131
1003.036020, 85.920, -174.1710
1010.304433, 85.862, -174.0566
1017.625515, 85.804, -173.8763
1024.999649, 85.749, -173.6393
1032.427219, 85.697, -173.3553
1039.908612, 85.649, -173.0323
1047.444219, 85.604, -172.6749
1055.034432, 85.561, -172.2839
1062.679646, 85.520, -171.8560
1070.380261, 85.481, -171.3838
1078.136677, 85.444, -170.8552
1085.949300, 85.411, -170.2542
1093.818536, 85.383, -169.5622
1101.744796, 85.366, -168.7620
1109.728493, 85.369, -167.8465
1117.770043, 85.399, -166.8312
1125.869866, 85.466, -165.7690
1134.028383, 85.577, -164.7576
1142.246020, 85.728, -163.9270
1150.523206, 85.908, -163.4034
1158.860371, 86.094, -163.2590
1167.257951, 86.264, -163.4797
1175.716383, 86.400, -163.9720
1184.236109, 86.494, -164.6061
1192.817572, 86.548, -165.2605
1201.461220, 86.570, -165.8494
1210.167503, 86.568, -166.3269
1218.936876, 86.553, -166.6803
1227.769795, 86.531, -166.9173
1236.666721, 86.508, -167.0562
1245.628118, 86.486, -167.1179
1254.654453, 86.468, -167.1219
1263.746196, 86.453, -167.0845
1272.903822, 86.443, -167.0178
1282.127808, 86.436, -166.9305
1291.418634, 86.433, -166.8282
1300.776786, 86.432, -166.7150
1310.202751, 86.435, -166.5938
1319.697020, 86.439, -166.4666
1329.260089, 86.446, -166.3348
1338.892455, 86.455, -166.1996
1348.594622, 86.465, -166.0616
1358.367094, 86.478, -165.9225
1368.210382, 86.493, -165.7845
1378.124999, 86.509, -165.6502
1388.111461, 86.528, -165.5222
1398.170288, 86.549, -165.4027
1408.302007, 86.571, -165.2933
1418.507144, 86.595, -165.1954
1428.786231, 86.620, -165.1099
1439.139805, 86.646, -165.0364
1449.568405, 86.672, -164.9742
1460.072576, 86.699, -164.9218
1470.652863, 86.725, -164.8781
1481.309820, 86.752, -164.8427
1492.044002, 86.778, -164.8158
1502.855968, 86.804, -164.7975
1513.746282, 86.830, -164.7877
1524.715511, 86.856, -164.7864
1535.764228, 86.881, -164.7935
1546.893009, 86.907, -164.8087
1558.102433, 86.932, -164.8326
1569.393086, 86.957, -164.8657
1580.765555, 86.983, -164.9084
1592.220434, 87.010, -164.9616
1603.758320, 87.039, -165.0256
1615.379813, 87.071, -165.1006
1627.085521, 87.109, -165.1861
1638.876054, 87.153, -165.2810
1650.752025, 87.205, -165.3831
1662.714055, 87.265, -165.4897
1674.762766, 87.329, -165.5992
1686.898788, 87.394, -165.7107
1699.122752, 87.456, -165.8245
1711.435296, 87.509, -165.9418
1723.837061, 87.552, -166.0633
1736.328695, 87.582, -166.1892
1748.910849, 87.598, -166.3184
1761.584178, 87.601, -166.4489
1774.349343, 87.591, -166.5784
1787.207010, 87.571, -166.7050
1800.157848, 87.544, -166.8270
1813.202534, 87.511, -166.9441
1826.341747, 87.474, -167.0559
1839.576172, 87.436, -167.1625
1852.906500, 87.397, -167.2641
1866.333424, 87.356, -167.3616
1879.857645, 87.313, -167.4559
1893.479869, 87.267, -167.5483
1907.200804, 87.219, -167.6392
1921.021168, 87.167, -167.7285
1934.941679, 87.114, -167.8156
1948.963064, 87.059, -167.8992
1963.086054, 87.002, -167.9788
1977.311384, 86.944, -168.0536
1991.639798, 86.886, -168.1232
2006.072041, 86.826, -168.1874
2020.608866, 86.765, -168.2465
2035.251031, 86.703, -168.3006
2049.999299, 86.638, -168.3499
2064.854438, 86.571, -168.3942
2079.817225, 86.502, -168.4335
2094.888438, 86.429, -168.4674
2110.068863, 86.354, -168.4961
2125.359292, 86.277, -168.5197
2140.760521, 86.197, -168.5384
2156.273355, 86.116, -168.5522
2171.898600, 86.033, -168.5616
2187.637073, 85.949, -168.5668
2203.489593, 85.864, -168.5682
2219.456987, 85.778, -168.5659
2235.540087, 85.690, -168.5596
2251.739732, 85.602, -168.5488
2268.056766, 85.513, -168.5327
2284.492041, 85.425, -168.5103
2301.046412, 85.340, -168.4808
2317.720742, 85.258, -168.4438
2334.515902, 85.181, -168.3989
2351.432767, 85.110, -168.3461
2368.472218, 85.045, -168.2859
2385.635144, 84.988, -168.2198
2402.922440, 84.936, -168.1496
2420.335006, 84.889, -168.0767
2437.873752, 84.845, -168.0023
2455.539590, 84.803, -167.9271
2473.333442, 84.762, -167.8519
2491.256235, 84.721, -167.7772
2509.308905, 84.680, -167.7034
2527.492392, 84.640, -167.6304
2545.807644, 84.601, -167.5580
2564.255615, 84.565, -167.4850
2582.837268, 84.532, -167.4105
2601.553572, 84.503, -167.3338
2620.405502, 84.481, -167.2549
2639.394040, 84.466, -167.1738
2658.520177, 84.459, -167.0908
2677.784910, 84.459, -167.0062
2697.189244, 84.468, -166.9205
2716.734189, 84.485, -166.8342
2736.420765, 84.507, -166.7473
2756.249998, 84.533, -166.6589
2776.222921, 84.562, -166.5682
2796.340577, 84.592, -166.4741
2816.604013, 84.619, -166.3748
2837.014287, 84.644, -166.2680
2857.572462, 84.663, -166.1501
2878.279610, 84.676, -166.0164
2899.136811, 84.680, -165.8613
2920.145151, 84.677, -165.6793
2941.305727, 84.664, -165.4653
2962.619641, 84.642, -165.2157
2984.088004, 84.611, -164.9280
3005.711935, 84.571, -164.6010
3027.492563, 84.523, -164.2346
3049.431022, 84.468, -163.8303
3071.528457, 84.409, -163.3905
3093.786018, 84.347, -162.9189
3116.204867, 84.283, -162.4194
3138.786172, 84.219, -161.8959
3161.531110, 84.155, -161.3519
3184.440868, 84.094, -160.7905
3207.516639, 84.034, -160.2142
3230.759627, 83.978, -159.6255
3254.171043, 83.925, -159.0264
3277.752108, 83.875, -158.4193
3301.504051, 83.828, -157.8063
3325.428110, 83.785, -157.1890
3349.525533, 83.743, -156.5682
3373.797576, 83.704, -155.9440
3398.245504, 83.666, -155.3148
3422.870591, 83.629, -154.6786
3447.674123, 83.593, -154.0334
3472.657391, 83.559, -153.3779
3497.821698, 83.525, -152.7114
3523.168356, 83.492, -152.0339
3548.698686, 83.460, -151.3455
3574.414019, 83.428, -150.6460
3600.315697, 83.397, -149.9355
3626.405068, 83.368, -149.2137
3652.683494, 83.339, -148.4801
3679.152345, 83.312, -147.7341
3705.812999, 83.288, -146.9747
3732.666848, 83.267, -146.2010
3759.715291, 83.250, -145.4131
3786.959737, 83.241, -144.6122
3814.401609, 83.242, -143.8009
3842.042335, 83.254, -142.9841
3869.883358, 83.281, -142.1682
3897.926128, 83.324, -141.3616
3926.172107, 83.385, -140.5732
3954.622769, 83.465, -139.8115
3983.279596, 83.564, -139.0840
4012.144082, 83.683, -138.3964
4041.217732, 83.821, -137.7537
4070.502061, 83.979, -137.1615
4099.998597, 84.155, -136.6292
4129.708877, 84.347, -136.1689
4159.634450, 84.554, -135.7924
4189.776876, 84.771, -135.5067
4220.137726, 84.996, -135.3148
4250.718584, 85.225, -135.2175
4281.521043, 85.458, -135.2167
4312.546709, 85.693, -135.3173
4343.797200, 85.928, -135.5268
4375.274146, 86.162, -135.8547
4406.979186, 86.396, -136.3107
4438.913974, 86.627, -136.9037
4471.080174, 86.855, -137.6412
4503.479464, 87.078, -138.5289
4536.113533, 87.296, -139.5707
4568.984081, 87.508, -140.7698
4602.092823, 87.711, -142.1283
4635.441485, 87.905, -143.6468
4669.031805, 88.086, -145.3237
4702.865534, 88.251, -147.1534
4736.944436, 88.397, -149.1245
4771.270288, 88.521, -151.2192
4805.844880, 88.619, -153.4130
4840.670013, 88.689, -155.6759
4875.747503, 88.729, -157.9734
4911.079179, 88.738, -160.2688
4946.666884, 88.717, -162.5248
4982.512471, 88.665, -164.7061
5018.617810, 88.586, -166.7792
5054.984784, 88.482, -168.7145
5091.615287, 88.355, -170.4863
5128.511230, 88.210, -172.0741
5165.674537, 88.050, -173.4633
5203.107144, 87.881, -174.6460
5240.811003, 87.706, -175.6213
5278.788080, 87.529, -176.3951
5317.040355, 87.353, -176.9803
5355.569821, 87.183, -177.3951
5394.378487, 87.019, -177.6629
5433.468378, 86.864, -177.8105
5472.841529, 86.718, -177.8672
5512.499995, 86.583, -177.8629
5552.445842, 86.459, -177.8270
5592.681154, 86.344, -177.7873
5633.208027, 86.240, -177.7682
5674.028574, 86.144, -177.7902
5715.144924, 86.057, -177.8694
5756.559221, 85.977, -178.0179
5798.273622, 85.903, -178.2449
5840.290302, 85.835, -178.5576
5882.611454, 85.771, -178.9630
5925.239281, 85.712, -179.4683
5968.176007, 85.655, 179.9187
6011.423871, 85.600, 179.1900
6054.985126, 85.547, 178.3367
6098.862045, 85.494, 177.3489
6143.056913, 85.440, 176.2156
6187.572036, 85.384, 174.9243
6232.409733, 85.324, 173.4606
6277.572344, 85.259, 171.8093
6323.062220, 85.185, 169.9540
6368.881736, 85.100, 167.8778
6415.033278, 85.001, 165.5634
6461.519254, 84.883, 162.9937
6508.342086, 84.743, 160.1525
6555.504216, 84.574, 157.0257
6603.008102, 84.371, 153.6023
6650.856220, 84.124, 149.8770
6699.051066, 83.826, 145.8524
6747.595151, 83.465, 141.5409
6796.491007, 83.031, 136.9658
6845.741183, 82.514, 132.1608
6895.348246, 81.902, 127.1669
6945.314781, 81.187, 122.0288
6995.643395, 80.362, 116.7883
7046.336711, 79.419, 111.4748
7097.397372, 78.354, 106.0928
7148.828039, 77.163, 100.6025
7200.631394, 75.847, 94.8862
7252.810137, 74.409, 88.6787
7305.366989, 72.866, 81.4012
7358.304690, 71.264, 71.6981
7411.625999, 69.711, 55.9893
7465.333696, 68.413, 25.1061
7519.430581, 67.653, -21.3318
7573.919475, 67.609, -51.5386
7628.803218, 68.182, -66.1111
7684.084670, 69.108, -74.2180
7739.766716, 70.169, -79.4791
7795.852256, 71.247, -83.3287
7852.344215, 72.295, -86.4504
7909.245538, 73.294, -89.2278
7966.559191, 74.239, -91.9016
8024.288163, 75.128, -94.6290
8082.435463, 75.957, -97.5109
8141.004122, 76.723, -100.6031
8199.997194, 77.422, -103.9241
8259.417754, 78.050, -107.4600
8319.268900, 78.605, -111.1711
8379.553752, 79.087, -115.0013
8440.275452, 79.502, -118.8865
8501.437168, 79.856, -122.7641
8563.042086, 80.158, -126.5806
8625.093419, 80.419, -130.2971
8687.594401, 80.651, -133.8926
8750.548291, 80.865, -137.3643
8813.958371, 81.073, -140.7283
8877.827947, 81.281, -144.0178
8942.160348, 81.498, -147.2808
9006.958928, 81.726, -150.5762
9072.227065, 81.964, -153.9678
9137.968162, 82.209, -157.5176
9204.185647, 82.454, -161.2812
9270.882970, 82.690, -165.3018
9338.063610, 82.905, -169.6060
9405.731068, 83.087, -174.1995
9473.888873, 83.222, -179.0634
9542.540577, 83.299, 175.8447
9611.689759, 83.310, 170.5880
9681.340025, 83.247, 165.2439
9751.495006, 83.111, 159.8960
9822.158359, 82.903, 154.6245
9893.333767, 82.630, 149.4973
9965.024942, 82.303, 144.5638
10037.235620, 81.931, 139.8499
10109.969567, 81.529, 135.3567
10183.230574, 81.107, 131.0618
10257.022461, 80.678, 126.9222
10331.349074, 80.246, 122.8796
10406.214288, 79.818, 118.8661
10481.622007, 79.393, 114.8114
10557.576160, 78.967, 110.6488
10634.080709, 78.534, 106.3212
10711.139642, 78.081, 101.7864
10788.756975, 77.597, 97.0198
10866.936755, 77.068, 92.0156
10945.683059, 76.481, 86.7839
11024.999990, 75.826, 81.3440
11104.891685, 75.096, 75.7124
11185.362308, 74.287, 69.8899
11266.416054, 73.400, 63.8472
11348.057149, 72.438, 57.5111
11430.289849, 71.413, 50.7511
11513.118441, 70.340, 43.3638
11596.547243, 69.247, 35.0649
11680.580605, 68.176, 25.5052
11765.222907, 67.190, 14.3507
11850.478562, 66.378, 1.4835
11936.352015, 65.840, -12.7062
12022.847742, 65.657, -27.2285
12109.970253, 65.855, -40.9147
12197.724089, 66.386, -53.0369
12286.113826, 67.165, -63.4955
12375.144072, 68.101, -72.5868
12464.819467, 69.124, -80.7321
12555.144687, 70.183, -88.3300
12646.124441, 71.243, -95.7078
12737.763472, 72.276, -103.1171
12830.066557, 73.260, -110.7401
12923.038508, 74.174, -118.6986
13016.684172, 74.996, -127.0585
13111.008431, 75.709, -135.8342
13206.016203, 76.293, -144.9918
13301.712440, 76.737, -154.4530
13398.102132, 77.030, -164.1040
13495.190303, 77.172, -173.8085
13592.982015, 77.167, 176.5747
13691.482366, 77.029, 167.1731
13790.696491, 76.778, 158.0844
13890.629563, 76.436, 149.3662
13991.286791, 76.031, 141.0345
14092.673422, 75.586, 133.0660
14194.794743, 75.127, 125.4048
14297.656077, 74.674, 117.9689
14401.262787, 74.243, 110.6575
14505.620274, 73.850, 103.3564
14610.733978, 73.503, 95.9441
14716.609379, 73.208, 88.2964
14823.251997, 72.965, 80.2948
14930.667392, 72.767, 71.8344
15038.861162, 72.600, 62.8330
15147.838950, 72.441, 53.2466
15257.606435, 72.260, 43.0870
15368.169341, 72.022, 32.4432
15479.533431, 71.700, 21.4906
15591.704511, 71.281, 10.4795
15704.688430, 70.788, -0.3185
15818.491076, 70.290, -10.7137
15933.118383, 69.902, -20.7252
16048.576327, 69.743, -30.6451
16164.870926, 69.862, -40.9512
16282.008245, 70.207, -52.0944
16399.994388, 70.665, -64.3257
16518.835508, 71.130, -77.6743
16638.537799, 71.535, -92.0293
16759.107503, 71.845, -107.2356
16880.550905, 72.048, -123.1493
17002.874335, 72.140, -139.6615
17126.084171, 72.117, -156.6917
17250.186837, 71.973, -174.1769
17375.188802, 71.696, 167.9490
17501.096582, 71.268, 149.7777
17627.916743, 70.667, 131.4489
17755.655894, 69.872, 113.1569
17884.320696, 68.869, 95.1316
18013.917856, 67.657, 77.5844
18144.454131, 66.251, 60.6458
18275.936325, 64.683, 44.3160
18408.371293, 62.999, 28.4551
18541.765940, 61.252, 12.8214
18676.127219, 59.495, -2.8660
18811.462136, 57.790, -18.8700
18947.777745, 56.217, -35.4305
19085.081153, 54.894, -52.8418
19223.379519, 53.966, -71.5659
19362.680051, 53.506, -92.1050
19502.990012, 53.434, -114.1365
19644.316718, 53.586, -135.1877
19786.667534, 53.802, -151.3926
19930.049884, 53.950, -160.0598
