* Measurement data measured by REW V5.40 beta 55
* Source: Headset (USB-C to 3.5mm Headphone Jack Adapter), MICROPHONE (Master Volume), L, volume: 0.250
* Format: 256k Log Swept Sine, 1 sweep at -6.0 dBFS with no timing reference
* Dated: Jan 16, 2025 11:28:20 PM
* REW Settings:
*  C-weighting compensation: Off
*  Target level: 75.0 dB
* Note: ; 
* Measurement: Yaxi Left 59
* Smoothing: 1/12 octave
* Frequency Step: 96 ppo
* Start Frequency: 20.0 Hz
*
* Freq(Hz), SPL(dB), Phase(degrees)
19.995176, 69.951, -9.6253
20.140070, 70.087, -9.9821
20.286013, 70.232, -10.3595
20.433014, 70.385, -10.7734
20.581080, 70.544, -11.2379
20.730219, 70.706, -11.7635
20.880438, 70.869, -12.3557
21.031747, 71.029, -13.0144
21.184151, 71.183, -13.7335
21.337660, 71.329, -14.5018
21.492282, 71.464, -15.3032
21.648024, 71.588, -16.1189
21.804894, 71.701, -16.9288
21.962902, 71.803, -17.7131
22.122054, 71.897, -18.4545
22.282359, 71.985, -19.1398
22.443827, 72.070, -19.7614
22.606464, 72.155, -20.3181
22.770280, 72.244, -20.8156
22.935282, 72.339, -21.2651
23.101481, 72.442, -21.6827
23.268884, 72.553, -22.0866
23.437500, 72.672, -22.4948
23.607337, 72.798, -22.9230
23.778406, 72.928, -23.3827
23.950714, 73.060, -23.8804
24.124271, 73.191, -24.4171
24.299085, 73.321, -24.9895
24.475166, 73.448, -25.5912
24.652524, 73.569, -26.2136
24.831166, 73.687, -26.8484
25.011103, 73.800, -27.4876
25.192344, 73.908, -28.1251
25.374898, 74.014, -28.7562
25.558775, 74.116, -29.3781
25.743984, 74.216, -29.9882
25.930536, 74.314, -30.5847
26.118439, 74.409, -31.1654
26.307704, 74.504, -31.7275
26.498340, 74.597, -32.2684
26.690358, 74.690, -32.7861
26.883768, 74.785, -33.2807
27.078578, 74.883, -33.7548
27.274801, 74.984, -34.2145
27.472445, 75.091, -34.6697
27.671522, 75.202, -35.1322
27.872041, 75.318, -35.6147
28.074014, 75.438, -36.1283
28.277450, 75.559, -36.6802
28.482360, 75.678, -37.2722
28.688755, 75.794, -37.9000
28.896645, 75.905, -38.5537
29.106042, 76.009, -39.2197
29.316956, 76.107, -39.8833
29.529399, 76.201, -40.5313
29.743381, 76.291, -41.1550
29.958914, 76.381, -41.7518
30.176009, 76.472, -42.3257
30.394677, 76.567, -42.8859
30.614929, 76.664, -43.4446
30.836777, 76.764, -44.0135
31.060233, 76.865, -44.6010
31.285309, 76.966, -45.2091
31.512015, 77.063, -45.8342
31.740364, 77.157, -46.4670
31.970368, 77.247, -47.0958
32.202038, 77.334, -47.7095
32.435387, 77.419, -48.3007
32.670428, 77.506, -48.8677
32.907171, 77.595, -49.4156
33.145630, 77.687, -49.9550
33.385817, 77.784, -50.4985
33.627744, 77.884, -51.0590
33.871425, 77.986, -51.6450
34.116871, 78.087, -52.2596
34.364096, 78.186, -52.8995
34.613112, 78.280, -53.5565
34.863933, 78.370, -54.2189
35.116572, 78.455, -54.8747
35.371041, 78.536, -55.5139
35.627354, 78.615, -56.1300
35.885524, 78.694, -56.7213
36.145566, 78.774, -57.2902
36.407491, 78.856, -57.8428
36.671315, 78.940, -58.3871
36.937051, 79.027, -58.9314
37.204712, 79.116, -59.4831
37.474312, 79.206, -60.0471
37.745867, 79.296, -60.6260
38.019389, 79.386, -61.2194
38.294893, 79.474, -61.8253
38.572393, 79.560, -62.4404
38.851905, 79.644, -63.0613
39.133442, 79.725, -63.6844
39.417019, 79.806, -64.3074
39.702651, 79.884, -64.9277
39.990353, 79.961, -65.5440
40.280139, 80.038, -66.1553
40.572026, 80.115, -66.7620
40.866027, 80.192, -67.3656
41.162159, 80.271, -67.9698
41.460437, 80.350, -68.5790
41.760877, 80.430, -69.1971
42.063493, 80.510, -69.8265
42.368303, 80.589, -70.4656
42.675321, 80.667, -71.1091
42.984564, 80.742, -71.7497
43.296048, 80.817, -72.3803
43.609789, 80.891, -72.9969
43.925803, 80.967, -73.6006
44.244108, 81.044, -74.1963
44.564719, 81.124, -74.7914
44.887653, 81.204, -75.3914
45.212928, 81.285, -75.9980
45.540559, 81.365, -76.6088
45.870565, 81.443, -77.2186
46.202962, 81.520, -77.8237
46.537767, 81.598, -78.4236
46.874999, 81.675, -79.0226
47.214675, 81.752, -79.6281
47.556812, 81.829, -80.2466
47.901428, 81.903, -80.8812
48.248542, 81.973, -81.5283
48.598170, 82.037, -82.1789
48.950333, 82.097, -82.8206
49.305047, 82.153, -83.4422
49.662332, 82.208, -84.0378
50.022206, 82.264, -84.6096
50.384687, 82.323, -85.1680
50.749795, 82.386, -85.7286
51.117549, 82.453, -86.3071
51.487968, 82.522, -86.9141
51.861071, 82.590, -87.5511
52.236878, 82.657, -88.2111
52.615408, 82.720, -88.8822
52.996681, 82.781, -89.5520
53.380716, 82.840, -90.2129
53.767535, 82.899, -90.8632
54.157157, 82.958, -91.5059
54.549602, 83.018, -92.1446
54.944891, 83.076, -92.7802
55.343044, 83.133, -93.4093
55.744083, 83.188, -94.0266
56.148027, 83.241, -94.6288
56.554899, 83.293, -95.2161
56.964719, 83.344, -95.7913
57.377509, 83.394, -96.3546
57.793290, 83.442, -96.9022
58.212084, 83.490, -97.4294
58.633913, 83.540, -97.9391
59.058798, 83.595, -98.4489
59.486763, 83.655, -98.9874
59.917828, 83.718, -99.5812
60.352018, 83.778, -100.2394
60.789353, 83.831, -100.9476
61.229858, 83.876, -101.6774
61.673555, 83.915, -102.4020
62.120467, 83.950, -103.1079
62.570617, 83.985, -103.7965
63.024030, 84.021, -104.4747
63.480728, 84.058, -105.1477
63.940735, 84.096, -105.8162
64.404076, 84.135, -106.4793
64.870775, 84.175, -107.1373
65.340855, 84.216, -107.7910
65.814342, 84.257, -108.4401
66.291260, 84.297, -109.0824
66.771634, 84.337, -109.7155
67.255488, 84.377, -110.3387
67.742849, 84.415, -110.9534
68.233742, 84.454, -111.5621
68.728192, 84.492, -112.1675
69.226225, 84.528, -112.7717
69.727866, 84.564, -113.3752
70.233143, 84.599, -113.9779
70.742082, 84.632, -114.5791
71.254708, 84.664, -115.1783
71.771049, 84.696, -115.7755
72.291131, 84.728, -116.3710
72.814983, 84.759, -116.9659
73.342630, 84.790, -117.5618
73.874101, 84.821, -118.1590
74.409423, 84.851, -118.7565
74.948625, 84.880, -119.3518
75.491733, 84.908, -119.9420
76.038777, 84.935, -120.5254
76.589786, 84.962, -121.1024
77.144787, 84.988, -121.6755
77.703810, 85.014, -122.2475
78.266884, 85.040, -122.8209
78.834038, 85.066, -123.3971
79.405302, 85.091, -123.9770
79.980705, 85.115, -124.5604
80.560278, 85.137, -125.1469
81.144051, 85.159, -125.7350
81.732055, 85.180, -126.3235
82.324319, 85.201, -126.9113
82.920875, 85.221, -127.4974
83.521754, 85.240, -128.0814
84.126987, 85.259, -128.6625
84.736605, 85.278, -129.2404
85.350642, 85.297, -129.8151
85.969128, 85.316, -130.3861
86.592096, 85.333, -130.9528
87.219578, 85.351, -131.5148
87.851607, 85.367, -132.0722
88.488216, 85.383, -132.6258
89.129438, 85.399, -133.1767
89.775306, 85.413, -133.7261
90.425855, 85.427, -134.2748
91.081118, 85.439, -134.8231
91.741129, 85.450, -135.3705
92.405924, 85.461, -135.9160
93.075535, 85.471, -136.4583
93.749999, 85.480, -136.9968
94.429350, 85.490, -137.5320
95.113624, 85.499, -138.0657
95.802856, 85.509, -138.5992
96.497083, 85.519, -139.1320
97.196341, 85.527, -139.6620
97.900666, 85.535, -140.1859
98.610094, 85.542, -140.7016
99.324664, 85.548, -141.2087
100.044411, 85.554, -141.7092
100.769374, 85.560, -142.2065
101.499591, 85.567, -142.7051
102.235098, 85.573, -143.2084
102.975936, 85.580, -143.7185
103.722142, 85.585, -144.2357
104.473756, 85.590, -144.7577
105.230815, 85.593, -145.2803
105.993361, 85.595, -145.8000
106.761433, 85.597, -146.3169
107.535070, 85.598, -146.8334
108.314314, 85.598, -147.3508
109.099204, 85.598, -147.8685
109.889782, 85.596, -148.3851
110.686088, 85.594, -148.8995
111.488165, 85.592, -149.4117
112.296055, 85.589, -149.9215
113.109798, 85.586, -150.4274
113.929438, 85.581, -150.9266
114.755018, 85.575, -151.4156
115.586580, 85.567, -151.8903
116.424168, 85.558, -152.3486
117.267826, 85.547, -152.7917
118.117597, 85.537, -153.2240
118.973525, 85.528, -153.6531
119.835657, 85.519, -154.0896
120.704035, 85.512, -154.5435
121.578706, 85.505, -155.0178
122.459716, 85.497, -155.5070
123.347109, 85.488, -156.0023
124.240933, 85.478, -156.4977
125.141234, 85.467, -156.9900
126.048059, 85.455, -157.4760
126.961456, 85.440, -157.9507
127.881471, 85.424, -158.4088
128.808153, 85.405, -158.8478
129.741550, 85.387, -159.2700
130.681710, 85.368, -159.6802
131.628684, 85.351, -160.0841
132.582520, 85.336, -160.4869
133.543267, 85.321, -160.8918
134.510977, 85.307, -161.2982
135.485699, 85.294, -161.7041
136.467484, 85.280, -162.1082
137.456384, 85.266, -162.5104
138.452449, 85.250, -162.9109
139.455733, 85.234, -163.3098
140.466286, 85.215, -163.7063
141.484163, 85.194, -164.0984
142.509416, 85.173, -164.4846
143.542098, 85.151, -164.8652
144.582263, 85.128, -165.2412
145.629965, 85.106, -165.6117
146.685260, 85.084, -165.9739
147.748202, 85.061, -166.3258
148.818846, 85.039, -166.6675
149.897249, 85.017, -167.0009
150.983466, 84.995, -167.3292
152.077555, 84.972, -167.6573
153.179572, 84.950, -167.9873
154.289574, 84.926, -168.3187
155.407620, 84.903, -168.6505
156.533767, 84.879, -168.9825
157.668076, 84.855, -169.3148
158.810603, 84.831, -169.6459
159.961411, 84.807, -169.9735
161.120557, 84.781, -170.2956
162.288103, 84.755, -170.6100
163.464109, 84.728, -170.9146
164.648638, 84.701, -171.2081
165.841750, 84.673, -171.4907
167.043507, 84.645, -171.7627
168.253973, 84.617, -172.0242
169.473211, 84.587, -172.2751
170.701284, 84.557, -172.5154
171.938256, 84.527, -172.7462
173.184191, 84.495, -172.9688
174.439155, 84.464, -173.1824
175.703213, 84.432, -173.3851
176.976431, 84.402, -173.5747
178.258875, 84.372, -173.7507
179.550613, 84.345, -173.9152
180.851710, 84.320, -174.0709
182.162236, 84.298, -174.2201
183.482259, 84.278, -174.3634
184.811847, 84.260, -174.5010
186.151070, 84.244, -174.6337
187.499997, 84.232, -174.7637
188.858700, 84.222, -174.8947
190.227248, 84.214, -175.0305
191.605713, 84.209, -175.1754
192.994167, 84.206, -175.3333
194.392682, 84.205, -175.5073
195.801331, 84.205, -175.6987
197.220189, 84.207, -175.9074
198.649327, 84.209, -176.1324
200.088822, 84.212, -176.3734
201.538748, 84.215, -176.6301
202.999181, 84.217, -176.9009
204.470197, 84.217, -177.1847
205.951872, 84.214, -177.4818
207.444284, 84.209, -177.7937
208.947511, 84.200, -178.1206
210.461631, 84.188, -178.4601
211.986723, 84.173, -178.8069
213.522866, 84.155, -179.1549
215.070141, 84.135, -179.4987
216.628627, 84.113, -179.8354
218.198408, 84.088, 179.8364
219.779563, 84.062, 179.5180
221.372177, 84.035, 179.2102
222.976331, 84.006, 178.9137
224.592109, 83.977, 178.6284
226.219596, 83.947, 178.3533
227.858877, 83.918, 178.0871
229.510036, 83.888, 177.8294
231.173160, 83.858, 177.5806
232.848336, 83.828, 177.3414
234.535651, 83.797, 177.1126
236.235193, 83.766, 176.8938
237.947051, 83.735, 176.6834
239.671313, 83.703, 176.4787
241.408071, 83.673, 176.2765
243.157413, 83.643, 176.0747
244.919432, 83.612, 175.8730
246.694219, 83.581, 175.6730
248.481867, 83.549, 175.4767
250.282469, 83.516, 175.2865
252.096119, 83.483, 175.1035
253.922911, 83.450, 174.9268
255.762941, 83.417, 174.7544
257.616305, 83.385, 174.5851
259.483099, 83.354, 174.4192
261.363421, 83.323, 174.2579
263.257368, 83.292, 174.1016
265.165039, 83.261, 173.9491
267.086534, 83.230, 173.7990
269.021953, 83.200, 173.6505
270.971397, 83.169, 173.5032
272.934968, 83.139, 173.3578
274.912767, 83.110, 173.2152
276.904898, 83.081, 173.0754
278.911465, 83.053, 172.9377
280.932573, 83.024, 172.7998
282.968326, 82.994, 172.6594
285.018831, 82.964, 172.5157
287.084195, 82.932, 172.3705
289.164526, 82.901, 172.2274
291.259931, 82.870, 172.0901
293.370520, 82.838, 171.9608
295.496404, 82.806, 171.8394
297.637693, 82.774, 171.7250
299.794498, 82.741, 171.6161
301.966933, 82.708, 171.5101
304.155110, 82.675, 171.4039
306.359143, 82.643, 171.2947
308.579148, 82.611, 171.1812
310.815239, 82.580, 171.0648
313.067535, 82.549, 170.9490
315.336151, 82.518, 170.8373
317.621207, 82.486, 170.7308
319.922821, 82.453, 170.6289
322.241114, 82.419, 170.5330
324.576206, 82.385, 170.4451
326.928219, 82.350, 170.3652
329.297275, 82.316, 170.2896
331.683499, 82.281, 170.2142
334.087014, 82.245, 170.1374
336.507947, 82.210, 170.0580
338.946422, 82.176, 169.9757
341.402567, 82.143, 169.8915
343.876511, 82.111, 169.8085
346.368382, 82.079, 169.7306
348.878310, 82.047, 169.6607
351.406426, 82.015, 169.6002
353.952862, 81.982, 169.5490
356.517750, 81.949, 169.5056
359.101225, 81.915, 169.4666
361.703421, 81.882, 169.4280
364.324473, 81.848, 169.3880
366.964518, 81.813, 169.3478
369.623694, 81.779, 169.3094
372.302140, 81.745, 169.2747
374.999995, 81.711, 169.2441
377.717399, 81.676, 169.2173
380.454495, 81.642, 169.1931
383.211425, 81.607, 169.1699
385.988333, 81.573, 169.1471
388.785364, 81.539, 169.1258
391.602663, 81.505, 169.1084
394.440377, 81.471, 169.0966
397.298655, 81.436, 169.0914
400.177644, 81.401, 169.0939
403.077497, 81.366, 169.1050
405.998362, 81.330, 169.1246
408.940394, 81.294, 169.1517
411.903744, 81.258, 169.1862
414.888569, 81.223, 169.2285
417.895022, 81.189, 169.2797
420.923262, 81.156, 169.3401
423.973445, 81.125, 169.4081
427.045732, 81.095, 169.4811
430.140281, 81.066, 169.5563
433.257255, 81.040, 169.6319
436.396816, 81.014, 169.7061
439.559127, 80.990, 169.7780
442.744354, 80.967, 169.8477
445.952662, 80.944, 169.9155
449.184218, 80.921, 169.9810
452.439192, 80.899, 170.0428
455.717753, 80.876, 170.1002
459.020072, 80.854, 170.1528
462.346321, 80.832, 170.2020
465.696673, 80.811, 170.2496
469.071303, 80.789, 170.2964
472.470387, 80.767, 170.3409
475.894102, 80.745, 170.3811
479.342627, 80.723, 170.4156
482.816141, 80.702, 170.4456
486.314826, 80.680, 170.4739
489.838864, 80.658, 170.5033
493.388438, 80.636, 170.5356
496.963734, 80.613, 170.5719
500.564938, 80.590, 170.6129
504.192238, 80.566, 170.6578
507.845823, 80.542, 170.7052
511.525883, 80.518, 170.7531
515.232610, 80.494, 170.8004
518.966198, 80.470, 170.8464
522.726841, 80.446, 170.8904
526.514735, 80.421, 170.9326
530.330078, 80.397, 170.9749
534.173068, 80.372, 171.0188
538.043907, 80.347, 171.0654
541.942795, 80.321, 171.1143
545.869936, 80.295, 171.1656
549.825534, 80.269, 171.2203
553.809797, 80.243, 171.2801
557.822931, 80.216, 171.3473
561.865146, 80.190, 171.4243
565.936652, 80.165, 171.5123
570.037662, 80.140, 171.6108
574.168390, 80.115, 171.7166
578.329051, 80.090, 171.8258
582.519862, 80.066, 171.9352
586.741041, 80.041, 172.0426
590.992808, 80.018, 172.1478
595.275386, 79.994, 172.2516
599.588997, 79.971, 172.3555
603.933866, 79.949, 172.4595
608.310219, 79.928, 172.5624
612.718286, 79.907, 172.6628
617.158295, 79.886, 172.7612
621.630479, 79.866, 172.8610
626.135069, 79.845, 172.9658
630.672302, 79.824, 173.0773
635.242414, 79.802, 173.1942
639.845642, 79.781, 173.3131
644.482227, 79.760, 173.4316
649.152411, 79.739, 173.5488
653.856437, 79.718, 173.6643
658.594551, 79.697, 173.7787
663.366998, 79.676, 173.8932
668.174029, 79.656, 174.0087
673.015893, 79.637, 174.1263
677.892844, 79.618, 174.2466
682.805135, 79.600, 174.3701
687.753022, 79.582, 174.4962
692.736764, 79.563, 174.6240
697.756620, 79.545, 174.7524
702.812853, 79.525, 174.8796
707.905724, 79.505, 175.0049
713.035501, 79.485, 175.1289
718.202450, 79.465, 175.2544
723.406841, 79.444, 175.3854
728.648945, 79.424, 175.5252
733.929036, 79.403, 175.6752
739.247388, 79.382, 175.8341
744.604279, 79.362, 175.9998
749.999989, 79.342, 176.1702
755.434798, 79.324, 176.3440
760.908990, 79.306, 176.5200
766.422850, 79.290, 176.6978
771.976666, 79.274, 176.8769
777.570727, 79.259, 177.0565
783.205325, 79.245, 177.2352
788.880754, 79.231, 177.4121
794.597309, 79.217, 177.5864
800.355289, 79.204, 177.7581
806.154993, 79.190, 177.9274
811.996725, 79.177, 178.0960
817.880788, 79.164, 178.2653
823.807489, 79.150, 178.4360
829.777138, 79.138, 178.6075
835.790045, 79.125, 178.7803
841.846524, 79.114, 178.9556
847.946891, 79.102, 179.1351
854.091464, 79.091, 179.3190
860.280562, 79.081, 179.5063
866.514510, 79.071, 179.6956
872.793631, 79.061, 179.8854
879.118254, 79.052, -179.9247
885.488707, 79.042, -179.7348
891.905323, 79.032, -179.5435
898.368437, 79.022, -179.3499
904.878385, 79.012, -179.1548
911.435507, 79.003, -178.9604
918.040144, 78.995, -178.7683
924.692641, 78.988, -178.5777
931.393345, 78.981, -178.3872
938.142606, 78.975, -178.1964
944.940774, 78.969, -178.0061
951.788204, 78.963, -177.8173
958.685254, 78.958, -177.6299
965.632282, 78.952, -177.4430
972.629652, 78.946, -177.2547
979.677727, 78.940, -177.0630
986.776876, 78.933, -176.8666
993.927468, 78.926, -176.6650
1001.129876, 78.919, -176.4587
1008.384476, 78.914, -176.2487
1015.691645, 78.909, -176.0366
1023.051766, 78.906, -175.8241
1030.465221, 78.903, -175.6124
1037.932396, 78.900, -175.4022
1045.453682, 78.897, -175.1927
1053.029471, 78.894, -174.9821
1060.660156, 78.890, -174.7681
1068.346137, 78.887, -174.5487
1076.087813, 78.884, -174.3231
1083.885589, 78.881, -174.0917
1091.739871, 78.880, -173.8568
1099.651068, 78.881, -173.6222
1107.619593, 78.883, -173.3911
1115.645861, 78.885, -173.1654
1123.730291, 78.888, -172.9442
1131.873304, 78.892, -172.7257
1140.075325, 78.895, -172.5078
1148.336780, 78.899, -172.2895
1156.658102, 78.903, -172.0704
1165.039724, 78.906, -171.8499
1173.482082, 78.910, -171.6269
1181.985617, 78.913, -171.4000
1190.550772, 78.916, -171.1671
1199.177993, 78.920, -170.9271
1207.867731, 78.924, -170.6794
1216.620439, 78.929, -170.4241
1225.436572, 78.937, -170.1625
1234.316591, 78.946, -169.8978
1243.260957, 78.957, -169.6330
1252.270139, 78.970, -169.3692
1261.344604, 78.985, -169.1058
1270.484827, 79.001, -168.8425
1279.691284, 79.018, -168.5799
1288.964455, 79.037, -168.3211
1298.304823, 79.058, -168.0709
1307.712874, 79.081, -167.8340
1317.189101, 79.104, -167.6130
1326.733996, 79.130, -167.4080
1336.348058, 79.156, -167.2183
1346.031787, 79.183, -167.0438
1355.785688, 79.209, -166.8848
1365.610270, 79.234, -166.7401
1375.506045, 79.257, -166.6067
1385.473529, 79.278, -166.4790
1395.513241, 79.297, -166.3503
1405.625705, 79.313, -166.2142
1415.811448, 79.329, -166.0670
1426.071002, 79.346, -165.9093
1436.404900, 79.364, -165.7457
1446.813682, 79.384, -165.5829
1457.297890, 79.406, -165.4278
1467.858072, 79.429, -165.2860
1478.494776, 79.451, -165.1595
1489.208559, 79.471, -165.0459
1499.999978, 79.488, -164.9396
1510.869596, 79.503, -164.8332
1521.817980, 79.515, -164.7178
1532.845701, 79.524, -164.5853
1543.953332, 79.534, -164.4315
1555.141455, 79.544, -164.2568
1566.410651, 79.556, -164.0644
1577.761508, 79.571, -163.8582
1589.194618, 79.590, -163.6415
1600.710578, 79.615, -163.4158
1612.309986, 79.646, -163.1824
1623.993449, 79.687, -162.9426
1635.761575, 79.739, -162.7006
1647.614978, 79.806, -162.4640
1659.554275, 79.887, -162.2412
1671.580089, 79.979, -162.0397
1683.693048, 80.078, -161.8668
1695.893782, 80.176, -161.7304
1708.182927, 80.269, -161.6353
1720.561125, 80.349, -161.5781
1733.029020, 80.413, -161.5461
1745.587263, 80.458, -161.5224
1758.236508, 80.487, -161.4918
1770.977414, 80.501, -161.4456
1783.810646, 80.505, -161.3824
1796.736874, 80.503, -161.3052
1809.756770, 80.498, -161.2184
1822.871013, 80.494, -161.1276
1836.080288, 80.491, -161.0377
1849.385283, 80.489, -160.9510
1862.786691, 80.490, -160.8662
1876.285211, 80.491, -160.7805
1889.881547, 80.493, -160.6951
1903.576408, 80.497, -160.6180
1917.370507, 80.500, -160.5597
1931.264564, 80.503, -160.5281
1945.259304, 80.503, -160.5236
1959.355454, 80.500, -160.5372
1973.553752, 80.494, -160.5554
1987.854936, 80.487, -160.5698
2002.259752, 80.479, -160.5840
2016.768952, 80.471, -160.6082
2031.383291, 80.461, -160.6469
2046.103531, 80.448, -160.6940
2060.930441, 80.431, -160.7364
2075.864793, 80.412, -160.7640
2090.907365, 80.393, -160.7761
2106.058941, 80.377, -160.7803
2121.320313, 80.364, -160.7896
2136.692274, 80.357, -160.8213
2152.175627, 80.354, -160.8983
2167.771179, 80.353, -161.0426
2183.479742, 80.350, -161.2637
2199.302137, 80.341, -161.5532
2215.239187, 80.322, -161.8921
2231.291723, 80.293, -162.2589
2247.460582, 80.252, -162.6304
2263.746608, 80.200, -162.9802
2280.150649, 80.141, -163.2800
2296.673561, 80.079, -163.5070
2313.316204, 80.023, -163.6560
2330.079447, 79.981, -163.7484
2346.964163, 79.957, -163.8303
2363.971233, 79.952, -163.9611
2381.101543, 79.961, -164.1925
2398.355986, 79.975, -164.5455
2415.735463, 79.982, -165.0027
2433.240878, 79.977, -165.5208
2450.873144, 79.956, -166.0476
2468.633181, 79.919, -166.5336
2486.521915, 79.871, -166.9408
2504.540278, 79.818, -167.2502
2522.689209, 79.768, -167.4642
2540.969655, 79.730, -167.6091
2559.382568, 79.708, -167.7348
2577.928909, 79.702, -167.9019
2596.609645, 79.709, -168.1601
2615.425749, 79.721, -168.5277
2634.378202, 79.728, -168.9871
2653.467992, 79.728, -169.4941
2672.696115, 79.717, -169.9929
2692.063573, 79.698, -170.4330
2711.571376, 79.678, -170.7831
2731.220539, 79.662, -171.0290
2751.012089, 79.655, -171.1694
2770.947057, 79.662, -171.2259
2791.026482, 79.685, -171.2460
2811.251410, 79.719, -171.2768
2831.622897, 79.759, -171.3337
2852.142003, 79.798, -171.4022
2872.809800, 79.837, -171.4672
2893.627364, 79.878, -171.5379
2914.595781, 79.921, -171.6459
2935.716143, 79.962, -171.8276
2956.989553, 79.994, -172.1021
2978.417118, 80.012, -172.4620
2999.999956, 80.012, -172.8855
3021.739192, 79.990, -173.3486
3043.635960, 79.948, -173.8251
3065.691401, 79.884, -174.2829
3087.906665, 79.803, -174.6914
3110.282909, 79.710, -175.0383
3132.821301, 79.610, -175.3401
3155.523016, 79.504, -175.6210
3178.389237, 79.391, -175.8835
3201.421155, 79.267, -176.1016
3224.619973, 79.136, -176.2358
3247.986898, 79.004, -176.2604
3271.523150, 78.879, -176.1840
3295.229956, 78.768, -176.0448
3319.108550, 78.674, -175.8964
3343.160179, 78.598, -175.7993
3367.386096, 78.535, -175.8088
3391.787563, 78.474, -175.9526
3416.365854, 78.405, -176.2125
3441.122250, 78.321, -176.5296
3466.058040, 78.222, -176.8306
3491.174525, 78.117, -177.0677
3516.473015, 78.016, -177.2438
3541.954828, 77.930, -177.4094
3567.621293, 77.863, -177.6499
3593.473747, 77.814, -178.0627
3619.513539, 77.771, -178.7252
3645.742027, 77.719, -179.6583
3672.160576, 77.642, 179.1860
3698.770566, 77.537, 177.8886
3725.573382, 77.411, 176.5078
3752.570422, 77.277, 175.0364
3779.763094, 77.149, 173.3929
3807.152816, 77.033, 171.4407
3834.741015, 76.918, 169.0281
3862.529129, 76.782, 166.0519
3890.518607, 76.592, 162.5016
3918.710909, 76.323, 158.4451
3947.107503, 75.958, 153.9778
3975.709871, 75.492, 149.1657
4004.519504, 74.931, 144.0037
4033.537903, 74.280, 138.4021
4062.766581, 73.538, 132.1982
4092.207063, 72.696, 125.1727
4121.860882, 71.740, 117.0202
4151.729585, 70.663, 107.1992
4181.814729, 69.483, 94.5253
4212.117883, 68.272, 76.3666
4242.640625, 67.182, 48.7755
4273.384548, 66.452, 15.2773
4304.351254, 66.312, -9.9138
4335.542358, 66.796, -24.3632
4366.959485, 67.715, -32.6049
4398.604273, 68.838, -37.7302
4430.478373, 70.008, -41.2963
4462.583446, 71.150, -44.0601
4494.921165, 72.238, -46.3813
4527.493217, 73.272, -48.4395
4560.301299, 74.259, -50.3439
4593.347122, 75.208, -52.1802
4626.632409, 76.125, -54.0215
4660.158894, 77.015, -55.9293
4693.928327, 77.880, -57.9486
4727.942466, 78.722, -60.1042
4762.203086, 79.546, -62.4072
4796.711973, 80.354, -64.8694
4831.470925, 81.149, -67.5153
4866.481755, 81.932, -70.3843
4901.746288, 82.696, -73.5266
4937.266362, 83.434, -76.9902
4973.043830, 84.132, -80.8044
5009.080555, 84.776, -84.9707
5045.378418, 85.354, -89.4631
5081.939310, 85.854, -94.2294
5118.765137, 86.266, -99.1953
5155.857819, 86.586, -104.2693
5193.219290, 86.811, -109.3496
5230.851498, 86.942, -114.3311
5268.756404, 86.988, -119.1144
5306.935985, 86.956, -123.6140
5345.392231, 86.859, -127.7615
5384.127146, 86.711, -131.5139
5423.142751, 86.528, -134.8596
5462.441079, 86.323, -137.8171
5502.024179, 86.107, -140.4266
5541.894114, 85.887, -142.7363
5582.052963, 85.667, -144.7932
5622.502820, 85.452, -146.6399
5663.245793, 85.244, -148.3176
5704.284007, 85.045, -149.8694
5745.619600, 84.857, -151.3391
5787.254728, 84.678, -152.7656
5829.191562, 84.507, -154.1779
5871.432287, 84.343, -155.5984
5913.979105, 84.183, -157.0549
5956.834236, 84.025, -158.5823
5999.999912, 83.860, -160.2107
6043.478385, 83.679, -161.9438
6087.271921, 83.471, -163.7502
6131.382802, 83.227, -165.5730
6175.813330, 82.944, -167.3462
6220.565819, 82.619, -169.0010
6265.642603, 82.253, -170.4639
6311.046032, 81.851, -171.6619
6356.778473, 81.422, -172.5344
6402.842310, 80.978, -173.0452
6449.239945, 80.531, -173.1882
6495.973796, 80.095, -172.9836
6543.046300, 79.682, -172.4651
6590.459911, 79.300, -171.6744
6638.217100, 78.959, -170.6647
6686.320358, 78.666, -169.5029
6734.772191, 78.425, -168.2600
6783.575127, 78.238, -167.0034
6832.731709, 78.105, -165.8091
6882.244499, 78.025, -164.7698
6932.116080, 77.988, -163.9780
6982.349051, 77.981, -163.5007
7032.946030, 77.988, -163.3661
7083.909656, 77.991, -163.5632
7135.242586, 77.974, -164.0457
7186.947495, 77.925, -164.7358
7239.027079, 77.835, -165.5293
7291.484053, 77.702, -166.3025
7344.321152, 77.534, -166.9380
7397.541131, 77.346, -167.3558
7451.146763, 77.155, -167.5306
7505.140844, 76.979, -167.4895
7559.526189, 76.834, -167.3047
7614.305632, 76.724, -167.0735
7669.482029, 76.648, -166.8838
7725.058258, 76.598, -166.7881
7781.037214, 76.567, -166.8073
7837.421817, 76.546, -166.9468
7894.215007, 76.531, -167.2048
7951.419743, 76.514, -167.5742
8009.039008, 76.492, -168.0430
8067.075806, 76.459, -168.5947
8125.533163, 76.414, -169.2097
8184.414126, 76.353, -169.8634
8243.721764, 76.276, -170.5251
8303.459170, 76.183, -171.1614
8363.629458, 76.076, -171.7367
8424.235765, 75.959, -172.2155
8485.281250, 75.837, -172.5696
8546.769096, 75.719, -172.7867
8608.702508, 75.611, -172.8662
8671.084715, 75.520, -172.8134
8733.918969, 75.449, -172.6345
8797.208547, 75.406, -172.3323
8860.956746, 75.396, -171.9053
8925.166891, 75.429, -171.3604
8989.842330, 75.517, -170.7279
9054.986433, 75.672, -170.0741
9120.602598, 75.906, -169.5115
9186.694244, 76.221, -169.1967
9253.264817, 76.611, -169.3088
9320.317788, 77.056, -170.0187
9387.856653, 77.529, -171.4573
9455.884932, 77.995, -173.6890
9524.406173, 78.419, -176.6986
9593.423946, 78.772, 179.6033
9662.941850, 79.031, 175.3612
9732.963510, 79.184, 170.7507
9803.492576, 79.230, 165.9498
9874.532725, 79.176, 161.1118
9946.087659, 79.038, 156.3499
10018.161110, 78.831, 151.7329
10090.756835, 78.575, 147.2859
10163.878619, 78.285, 142.9937
10237.530273, 77.978, 138.8053
10311.715638, 77.664, 134.6421
10386.438580, 77.344, 130.4117
10461.702996, 77.012, 126.0304
10537.512808, 76.658, 121.4424
10613.871970, 76.264, 116.6274
10690.784461, 75.817, 111.5964
10768.254293, 75.302, 106.3794
10846.285502, 74.712, 101.0076
10924.882158, 74.042, 95.4985
11004.048358, 73.289, 89.8479
11083.788228, 72.453, 84.0216
11164.105927, 71.533, 77.9446
11245.005640, 70.531, 71.4854
11326.491587, 69.451, 64.4275
11408.568014, 68.307, 56.4058
11491.239200, 67.127, 46.8066
11574.509457, 65.968, 34.6055
11658.383123, 64.935, 18.2688
11742.864573, 64.178, -3.4976
11827.958211, 63.853, -28.9260
11913.668472, 64.030, -52.4193
11999.999825, 64.640, -70.6090
12086.956770, 65.536, -84.1658
12174.543841, 66.578, -94.7444
12262.765605, 67.674, -103.6038
12351.626659, 68.768, -111.5530
12441.131638, 69.827, -119.1088
12531.285206, 70.829, -126.6064
12622.092064, 71.754, -134.2599
12713.556946, 72.582, -142.1909
12805.684621, 73.295, -150.4432
12898.479890, 73.876, -158.9891
12991.947593, 74.315, -167.7419
13086.092601, 74.608, -176.5763
13180.919822, 74.760, 174.6482
13276.434201, 74.781, 166.0671
13372.640716, 74.686, 157.8007
13469.544383, 74.496, 149.9475
13567.150254, 74.236, 142.5756
13665.463417, 73.937, 135.7053
13764.488998, 73.633, 129.2931
13864.232160, 73.354, 123.2257
13964.698101, 73.116, 117.3413
14065.892060, 72.918, 111.4742
14167.819312, 72.739, 105.5073
14270.485171, 72.555, 99.4010
14373.894990, 72.347, 93.1819
14478.054158, 72.108, 86.8979
14582.968107, 71.840, 80.5713
14688.642305, 71.549, 74.1824
14795.082262, 71.227, 67.7003
14902.293527, 70.857, 61.1396
15010.281689, 70.417, 54.6045
15119.052378, 69.892, 48.2836
15228.611264, 69.288, 42.3977
15338.964058, 68.639, 37.1143
15450.116515, 68.004, 32.4595
15562.074428, 67.458, 28.2651
15674.843635, 67.062, 24.1959
15788.430013, 66.838, 19.8568
15902.839485, 66.766, 14.9240
16018.078016, 66.789, 9.2200
16134.151612, 66.848, 2.7183
16251.066326, 66.895, -4.4963
16368.828251, 66.908, -12.2875
16487.443528, 66.884, -20.5271
16606.918341, 66.836, -29.1414
16727.258917, 66.782, -38.1268
16848.471530, 66.733, -47.5365
16970.562500, 66.683, -57.4409
17093.538192, 66.617, -67.8834
17217.405016, 66.512, -78.8584
17342.169430, 66.352, -90.3167
17467.837939, 66.128, -102.1888
17594.417093, 65.843, -114.4119
17721.913492, 65.502, -126.9431
17850.333783, 65.114, -139.7649
17979.684660, 64.686, -152.8745
18109.972866, 64.226, -166.2748
18241.205195, 63.746, -179.9752
18373.388487, 63.264, 165.9979
18506.529634, 62.806, 151.5857
18640.635577, 62.403, 136.6835
18775.713306, 62.082, 121.1372
18911.769865, 61.863, 104.7417
19048.812345, 61.744, 87.2223
19186.847892, 61.705, 68.2296
19325.883701, 61.706, 47.4355
19465.927021, 61.698, 24.9222
19606.985152, 61.647, 1.8916
19749.065449, 61.548, -19.0072
19892.175318, 61.433, -34.6885
20036.322221, 61.357, -43.0072
