* Measurement data measured by REW V5.40 beta 55
* Source: Headset (USB-C to 3.5mm Headphone Jack Adapter), MICROPHONE (Master Volume), L, volume: 0.250
* Format: 256k Log Swept Sine, 1 sweep at -6.0 dBFS with no timing reference
* Dated: Jan 16, 2025 11:07:10 PM
* REW Settings:
*  C-weighting compensation: Off
*  Target level: 75.0 dB
* Note: ; 
* Measurement: Yaxi Right 24
* Smoothing: 1/12 octave
* Frequency Step: 96 ppo
* Start Frequency: 20.0 Hz
*
* Freq(Hz), SPL(dB), Phase(degrees)
19.995176, 71.685, -10.5645
20.140070, 71.831, -11.1394
20.286013, 71.974, -11.7621
20.433014, 72.111, -12.4252
20.581080, 72.241, -13.1183
20.730219, 72.362, -13.8288
20.880438, 72.476, -14.5430
21.031747, 72.581, -15.2472
21.184151, 72.680, -15.9292
21.337660, 72.773, -16.5786
21.492282, 72.863, -17.1891
21.648024, 72.953, -17.7578
21.804894, 73.044, -18.2867
21.962902, 73.138, -18.7815
22.122054, 73.237, -19.2515
22.282359, 73.341, -19.7082
22.443827, 73.451, -20.1634
22.606464, 73.566, -20.6281
22.770280, 73.684, -21.1108
22.935282, 73.805, -21.6170
23.101481, 73.927, -22.1483
23.268884, 74.049, -22.7030
23.437500, 74.169, -23.2767
23.607337, 74.287, -23.8638
23.778406, 74.404, -24.4584
23.950714, 74.519, -25.0556
24.124271, 74.634, -25.6527
24.299085, 74.748, -26.2492
24.475166, 74.863, -26.8472
24.652524, 74.979, -27.4506
24.831166, 75.096, -28.0636
25.011103, 75.213, -28.6903
25.192344, 75.328, -29.3328
25.374898, 75.442, -29.9910
25.558775, 75.552, -30.6614
25.743984, 75.659, -31.3381
25.930536, 75.760, -32.0130
26.118439, 75.857, -32.6769
26.307704, 75.950, -33.3211
26.498340, 76.040, -33.9381
26.690358, 76.128, -34.5230
26.883768, 76.216, -35.0740
27.078578, 76.306, -35.5925
27.274801, 76.399, -36.0832
27.472445, 76.496, -36.5530
27.671522, 76.598, -37.0106
27.872041, 76.704, -37.4653
28.074014, 76.815, -37.9266
28.277450, 76.931, -38.4032
28.482360, 77.049, -38.9027
28.688755, 77.170, -39.4310
28.896645, 77.291, -39.9915
29.106042, 77.412, -40.5854
29.316956, 77.530, -41.2109
29.529399, 77.646, -41.8636
29.743381, 77.757, -42.5363
29.958914, 77.863, -43.2202
30.176009, 77.964, -43.9059
30.394677, 78.062, -44.5847
30.614929, 78.156, -45.2502
30.836777, 78.249, -45.8987
31.060233, 78.341, -46.5306
31.285309, 78.434, -47.1492
31.512015, 78.529, -47.7600
31.740364, 78.625, -48.3693
31.970368, 78.722, -48.9824
32.202038, 78.819, -49.6026
32.435387, 78.916, -50.2306
32.670428, 79.011, -50.8646
32.907171, 79.105, -51.5013
33.145630, 79.197, -52.1371
33.385817, 79.287, -52.7686
33.627744, 79.376, -53.3938
33.871425, 79.464, -54.0120
34.116871, 79.552, -54.6230
34.364096, 79.638, -55.2268
34.613112, 79.724, -55.8234
34.863933, 79.809, -56.4123
35.116572, 79.894, -56.9931
35.371041, 79.978, -57.5662
35.627354, 80.063, -58.1326
35.885524, 80.148, -58.6948
36.145566, 80.234, -59.2565
36.407491, 80.320, -59.8211
36.671315, 80.407, -60.3921
36.937051, 80.494, -60.9713
37.204712, 80.580, -61.5592
37.474312, 80.665, -62.1551
37.745867, 80.749, -62.7572
38.019389, 80.832, -63.3635
38.294893, 80.915, -63.9726
38.572393, 80.997, -64.5836
38.851905, 81.078, -65.1965
39.133442, 81.160, -65.8123
39.417019, 81.243, -66.4324
39.702651, 81.325, -67.0583
39.990353, 81.408, -67.6912
40.280139, 81.490, -68.3315
40.572026, 81.571, -68.9780
40.866027, 81.651, -69.6281
41.162159, 81.729, -70.2773
41.460437, 81.806, -70.9204
41.760877, 81.881, -71.5521
42.063493, 81.956, -72.1683
42.368303, 82.032, -72.7675
42.675321, 82.108, -73.3518
42.984564, 82.187, -73.9271
43.296048, 82.268, -74.5022
43.609789, 82.351, -75.0869
43.925803, 82.434, -75.6889
44.244108, 82.516, -76.3114
44.564719, 82.595, -76.9512
44.887653, 82.668, -77.5986
45.212928, 82.737, -78.2411
45.540559, 82.803, -78.8680
45.870565, 82.867, -79.4744
46.202962, 82.932, -80.0650
46.537767, 82.999, -80.6519
46.874999, 83.069, -81.2501
47.214675, 83.139, -81.8709
47.556812, 83.208, -82.5175
47.901428, 83.275, -83.1840
48.248542, 83.338, -83.8604
48.598170, 83.398, -84.5373
48.950333, 83.457, -85.2106
49.305047, 83.515, -85.8801
49.662332, 83.572, -86.5467
50.022206, 83.628, -87.2076
50.384687, 83.682, -87.8558
50.749795, 83.736, -88.4834
51.117549, 83.790, -89.0873
51.487968, 83.847, -89.6726
51.861071, 83.908, -90.2514
52.236878, 83.973, -90.8375
52.615408, 84.038, -91.4401
52.996681, 84.103, -92.0612
53.380716, 84.166, -92.6970
53.767535, 84.226, -93.3426
54.157157, 84.285, -93.9950
54.549602, 84.341, -94.6543
54.944891, 84.396, -95.3216
55.343044, 84.448, -95.9969
55.744083, 84.499, -96.6781
56.148027, 84.548, -97.3623
56.554899, 84.597, -98.0473
56.964719, 84.646, -98.7348
57.377509, 84.696, -99.4305
57.793290, 84.748, -100.1423
58.212084, 84.799, -100.8743
58.633913, 84.846, -101.6203
59.058798, 84.889, -102.3607
59.486763, 84.928, -103.0687
59.917828, 84.965, -103.7224
60.352018, 85.006, -104.3177
60.789353, 85.054, -104.8716
61.229858, 85.109, -105.4127
61.673555, 85.170, -105.9661
62.120467, 85.232, -106.5419
62.570617, 85.292, -107.1355
63.024030, 85.348, -107.7361
63.480728, 85.400, -108.3352
63.940735, 85.450, -108.9295
64.404076, 85.496, -109.5196
64.870775, 85.539, -110.1074
65.340855, 85.580, -110.6955
65.814342, 85.620, -111.2872
66.291260, 85.657, -111.8854
66.771634, 85.694, -112.4920
67.255488, 85.729, -113.1076
67.742849, 85.764, -113.7321
68.233742, 85.799, -114.3651
68.728192, 85.833, -115.0058
69.226225, 85.867, -115.6530
69.727866, 85.901, -116.3056
70.233143, 85.935, -116.9627
70.742082, 85.968, -117.6231
71.254708, 86.001, -118.2840
71.771049, 86.031, -118.9406
72.291131, 86.061, -119.5880
72.814983, 86.089, -120.2237
73.342630, 86.117, -120.8491
73.874101, 86.144, -121.4682
74.409423, 86.171, -122.0849
74.948625, 86.198, -122.7011
75.491733, 86.223, -123.3170
76.038777, 86.247, -123.9326
76.589786, 86.271, -124.5489
77.144787, 86.294, -125.1668
77.703810, 86.315, -125.7867
78.266884, 86.336, -126.4068
78.834038, 86.355, -127.0234
79.405302, 86.373, -127.6327
79.980705, 86.391, -128.2320
80.560278, 86.408, -128.8218
81.144051, 86.426, -129.4048
81.732055, 86.444, -129.9844
82.324319, 86.463, -130.5628
82.920875, 86.482, -131.1418
83.521754, 86.500, -131.7228
84.126987, 86.519, -132.3082
84.736605, 86.536, -132.9003
85.350642, 86.553, -133.4999
85.969128, 86.568, -134.1049
86.592096, 86.581, -134.7109
87.219578, 86.593, -135.3137
87.851607, 86.603, -135.9114
88.488216, 86.613, -136.5043
89.129438, 86.621, -137.0938
89.775306, 86.629, -137.6808
90.425855, 86.635, -138.2657
91.081118, 86.641, -138.8467
91.741129, 86.645, -139.4203
92.405924, 86.648, -139.9836
93.075535, 86.651, -140.5360
93.749999, 86.655, -141.0795
94.429350, 86.661, -141.6183
95.113624, 86.668, -142.1575
95.802856, 86.677, -142.7022
96.497083, 86.686, -143.2556
97.196341, 86.695, -143.8172
97.900666, 86.703, -144.3829
98.610094, 86.710, -144.9470
99.324664, 86.715, -145.5053
100.044411, 86.719, -146.0571
100.769374, 86.723, -146.6037
101.499591, 86.725, -147.1467
102.235098, 86.726, -147.6873
102.975936, 86.725, -148.2255
103.722142, 86.722, -148.7592
104.473756, 86.716, -149.2858
105.230815, 86.710, -149.8037
105.993361, 86.703, -150.3144
106.761433, 86.696, -150.8217
107.535070, 86.690, -151.3302
108.314314, 86.684, -151.8426
109.099204, 86.678, -152.3581
109.889782, 86.673, -152.8741
110.686088, 86.668, -153.3882
111.488165, 86.662, -153.8984
112.296055, 86.655, -154.4029
113.109798, 86.647, -154.9004
113.929438, 86.637, -155.3902
114.755018, 86.625, -155.8717
115.586580, 86.609, -156.3446
116.424168, 86.591, -156.8093
117.267826, 86.570, -157.2666
118.117597, 86.550, -157.7177
118.973525, 86.531, -158.1653
119.835657, 86.515, -158.6191
120.704035, 86.503, -159.0929
121.578706, 86.494, -159.5926
122.459716, 86.485, -160.1108
123.347109, 86.476, -160.6353
124.240933, 86.466, -161.1573
125.141234, 86.455, -161.6706
126.048059, 86.441, -162.1700
126.961456, 86.425, -162.6514
127.881471, 86.408, -163.1138
128.808153, 86.389, -163.5603
129.741550, 86.368, -163.9963
130.681710, 86.347, -164.4263
131.628684, 86.325, -164.8531
132.582520, 86.302, -165.2781
133.543267, 86.277, -165.7021
134.510977, 86.251, -166.1244
135.485699, 86.223, -166.5423
136.467484, 86.195, -166.9520
137.456384, 86.166, -167.3515
138.452449, 86.138, -167.7412
139.455733, 86.111, -168.1233
140.466286, 86.085, -168.4993
141.484163, 86.057, -168.8687
142.509416, 86.029, -169.2319
143.542098, 86.000, -169.5919
144.582263, 85.970, -169.9534
145.629965, 85.939, -170.3188
146.685260, 85.908, -170.6859
147.748202, 85.878, -171.0489
148.818846, 85.850, -171.4030
149.897249, 85.825, -171.7488
150.983466, 85.803, -172.0910
152.077555, 85.783, -172.4327
153.179572, 85.761, -172.7707
154.289574, 85.736, -173.0965
155.407620, 85.708, -173.4014
156.533767, 85.678, -173.6836
157.668076, 85.648, -173.9506
158.810603, 85.619, -174.2132
159.961411, 85.590, -174.4797
161.120557, 85.562, -174.7529
162.288103, 85.534, -175.0317
163.464109, 85.507, -175.3124
164.648638, 85.480, -175.5907
165.841750, 85.454, -175.8652
167.043507, 85.429, -176.1371
168.253973, 85.405, -176.4082
169.473211, 85.380, -176.6796
170.701284, 85.355, -176.9520
171.938256, 85.330, -177.2262
173.184191, 85.305, -177.5027
174.439155, 85.279, -177.7810
175.703213, 85.252, -178.0598
176.976431, 85.225, -178.3387
178.258875, 85.198, -178.6179
179.550613, 85.172, -178.8977
180.851710, 85.146, -179.1787
182.162236, 85.120, -179.4619
183.482259, 85.095, -179.7480
184.811847, 85.070, 179.9640
186.151070, 85.044, 179.6761
187.499997, 85.016, 179.3892
188.858700, 84.987, 179.1019
190.227248, 84.957, 178.8126
191.605713, 84.925, 178.5220
192.994167, 84.891, 178.2331
194.392682, 84.854, 177.9501
195.801331, 84.815, 177.6754
197.220189, 84.774, 177.4090
198.649327, 84.730, 177.1517
200.088822, 84.685, 176.9068
201.538748, 84.638, 176.6796
202.999181, 84.591, 176.4769
204.470197, 84.545, 176.3045
205.951872, 84.499, 176.1652
207.444284, 84.456, 176.0566
208.947511, 84.415, 175.9727
210.461631, 84.377, 175.9043
211.986723, 84.343, 175.8420
213.522866, 84.312, 175.7771
215.070141, 84.286, 175.7026
216.628627, 84.264, 175.6134
218.198408, 84.244, 175.5059
219.779563, 84.226, 175.3793
221.372177, 84.209, 175.2360
222.976331, 84.191, 175.0789
224.592109, 84.172, 174.9108
226.219596, 84.150, 174.7335
227.858877, 84.127, 174.5489
229.510036, 84.100, 174.3586
231.173160, 84.071, 174.1636
232.848336, 84.038, 173.9647
234.535651, 84.003, 173.7639
236.235193, 83.965, 173.5656
237.947051, 83.928, 173.3747
239.671313, 83.895, 173.1926
241.408071, 83.866, 173.0154
243.157413, 83.841, 172.8385
244.919432, 83.817, 172.6614
246.694219, 83.792, 172.4850
248.481867, 83.765, 172.3096
250.282469, 83.736, 172.1367
252.096119, 83.705, 171.9702
253.922911, 83.674, 171.8145
255.762941, 83.642, 171.6716
257.616305, 83.611, 171.5407
259.483099, 83.581, 171.4189
261.363421, 83.551, 171.3019
263.257368, 83.522, 171.1859
265.165039, 83.492, 171.0699
267.086534, 83.461, 170.9548
269.021953, 83.429, 170.8401
270.971397, 83.395, 170.7234
272.934968, 83.360, 170.6028
274.912767, 83.325, 170.4783
276.904898, 83.290, 170.3529
278.911465, 83.256, 170.2313
280.932573, 83.221, 170.1182
282.968326, 83.188, 170.0175
285.018831, 83.155, 169.9307
287.084195, 83.122, 169.8554
289.164526, 83.090, 169.7859
291.259931, 83.058, 169.7150
293.370520, 83.025, 169.6387
295.496404, 82.991, 169.5576
297.637693, 82.956, 169.4760
299.794498, 82.919, 169.4001
301.966933, 82.881, 169.3355
304.155110, 82.843, 169.2820
306.359143, 82.807, 169.2349
308.579148, 82.773, 169.1890
310.815239, 82.740, 169.1417
313.067535, 82.707, 169.0932
315.336151, 82.673, 169.0440
317.621207, 82.640, 168.9936
319.922821, 82.607, 168.9420
322.241114, 82.575, 168.8903
324.576206, 82.543, 168.8392
326.928219, 82.513, 168.7896
329.297275, 82.483, 168.7419
331.683499, 82.452, 168.6951
334.087014, 82.422, 168.6474
336.507947, 82.391, 168.5987
338.946422, 82.360, 168.5516
341.402567, 82.329, 168.5097
343.876511, 82.297, 168.4754
346.368382, 82.266, 168.4480
348.878310, 82.234, 168.4239
351.406426, 82.202, 168.3975
353.952862, 82.170, 168.3638
356.517750, 82.139, 168.3224
359.101225, 82.108, 168.2789
361.703421, 82.077, 168.2403
364.324473, 82.045, 168.2094
366.964518, 82.013, 168.1840
369.623694, 81.981, 168.1601
372.302140, 81.949, 168.1350
374.999995, 81.917, 168.1079
377.717399, 81.885, 168.0801
380.454495, 81.853, 168.0535
383.211425, 81.820, 168.0292
385.988333, 81.787, 168.0079
388.785364, 81.754, 167.9908
391.602663, 81.720, 167.9779
394.440377, 81.687, 167.9673
397.298655, 81.653, 167.9557
400.177644, 81.621, 167.9400
403.077497, 81.588, 167.9169
405.998362, 81.555, 167.8838
408.940394, 81.522, 167.8392
411.903744, 81.487, 167.7829
414.888569, 81.452, 167.7165
417.895022, 81.414, 167.6426
420.923262, 81.373, 167.5643
423.973445, 81.329, 167.4842
427.045732, 81.280, 167.4048
430.140281, 81.225, 167.3316
433.257255, 81.163, 167.2755
436.396816, 81.095, 167.2525
439.559127, 81.021, 167.2791
442.744354, 80.944, 167.3703
445.952662, 80.866, 167.5372
449.184218, 80.791, 167.7853
452.439192, 80.724, 168.1095
455.717753, 80.666, 168.4917
459.020072, 80.621, 168.9043
462.346321, 80.588, 169.3186
465.696673, 80.565, 169.7112
469.071303, 80.551, 170.0666
472.470387, 80.542, 170.3778
475.894102, 80.537, 170.6453
479.342627, 80.532, 170.8726
482.816141, 80.526, 171.0647
486.314826, 80.520, 171.2271
489.838864, 80.512, 171.3651
493.388438, 80.502, 171.4833
496.963734, 80.490, 171.5856
500.564938, 80.476, 171.6751
504.192238, 80.461, 171.7558
507.845823, 80.444, 171.8317
511.525883, 80.426, 171.9076
515.232610, 80.407, 171.9883
518.966198, 80.388, 172.0778
522.726841, 80.369, 172.1780
526.514735, 80.351, 172.2894
530.330078, 80.333, 172.4097
534.173068, 80.316, 172.5355
538.043907, 80.298, 172.6622
541.942795, 80.281, 172.7846
545.869936, 80.263, 172.8995
549.825534, 80.245, 173.0063
553.809797, 80.227, 173.1072
557.822931, 80.209, 173.2048
561.865146, 80.190, 173.3029
565.936652, 80.170, 173.4048
570.037662, 80.149, 173.5140
574.168390, 80.126, 173.6342
578.329051, 80.103, 173.7655
582.519862, 80.079, 173.9047
586.741041, 80.056, 174.0473
590.992808, 80.033, 174.1883
595.275386, 80.009, 174.3257
599.588997, 79.986, 174.4617
603.933866, 79.963, 174.5993
608.310219, 79.941, 174.7394
612.718286, 79.920, 174.8807
617.158295, 79.900, 175.0218
621.630479, 79.880, 175.1636
626.135069, 79.860, 175.3087
630.672302, 79.840, 175.4588
635.242414, 79.819, 175.6153
639.845642, 79.798, 175.7794
644.482227, 79.778, 175.9507
649.152411, 79.758, 176.1271
653.856437, 79.739, 176.3057
658.594551, 79.720, 176.4845
663.366998, 79.702, 176.6636
668.174029, 79.683, 176.8432
673.015893, 79.664, 177.0223
677.892844, 79.645, 177.2002
682.805135, 79.627, 177.3774
687.753022, 79.609, 177.5556
692.736764, 79.592, 177.7362
697.756620, 79.576, 177.9188
702.812853, 79.561, 178.1017
707.905724, 79.546, 178.2841
713.035501, 79.532, 178.4675
718.202450, 79.519, 178.6534
723.406841, 79.505, 178.8420
728.648945, 79.492, 179.0334
733.929036, 79.478, 179.2277
739.247388, 79.464, 179.4242
744.604279, 79.448, 179.6196
749.999989, 79.432, 179.8099
755.434798, 79.415, 179.9940
760.908990, 79.398, -179.8247
766.422850, 79.382, -179.6418
771.976666, 79.368, -179.4542
777.570727, 79.354, -179.2606
783.205325, 79.341, -179.0616
788.880754, 79.329, -178.8596
794.597309, 79.317, -178.6560
800.355289, 79.305, -178.4500
806.154993, 79.293, -178.2403
811.996725, 79.281, -178.0261
817.880788, 79.268, -177.8075
823.807489, 79.255, -177.5850
829.777138, 79.243, -177.3580
835.790045, 79.230, -177.1256
841.846524, 79.218, -176.8884
847.946891, 79.207, -176.6487
854.091464, 79.196, -176.4091
860.280562, 79.187, -176.1713
866.514510, 79.178, -175.9351
872.793631, 79.169, -175.6994
879.118254, 79.160, -175.4625
885.488707, 79.152, -175.2233
891.905323, 79.145, -174.9824
898.368437, 79.138, -174.7419
904.878385, 79.132, -174.5048
911.435507, 79.126, -174.2739
918.040144, 79.120, -174.0489
924.692641, 79.114, -173.8254
931.393345, 79.107, -173.5971
938.142606, 79.101, -173.3591
944.940774, 79.094, -173.1097
951.788204, 79.086, -172.8495
958.685254, 79.079, -172.5805
965.632282, 79.072, -172.3060
972.629652, 79.066, -172.0299
979.677727, 79.061, -171.7540
986.776876, 79.057, -171.4775
993.927468, 79.054, -171.1993
1001.129876, 79.051, -170.9181
1008.384476, 79.049, -170.6329
1015.691645, 79.048, -170.3436
1023.051766, 79.048, -170.0504
1030.465221, 79.048, -169.7545
1037.932396, 79.050, -169.4570
1045.453682, 79.052, -169.1587
1053.029471, 79.055, -168.8595
1060.660156, 79.059, -168.5590
1068.346137, 79.064, -168.2578
1076.087813, 79.069, -167.9576
1083.885589, 79.075, -167.6586
1091.739871, 79.081, -167.3584
1099.651068, 79.087, -167.0529
1107.619593, 79.094, -166.7392
1115.645861, 79.103, -166.4167
1123.730291, 79.113, -166.0877
1131.873304, 79.124, -165.7538
1140.075325, 79.137, -165.4158
1148.336780, 79.152, -165.0760
1156.658102, 79.171, -164.7384
1165.039724, 79.194, -164.4080
1173.482082, 79.221, -164.0909
1181.985617, 79.251, -163.7942
1190.550772, 79.284, -163.5243
1199.177993, 79.318, -163.2855
1207.867731, 79.352, -163.0786
1216.620439, 79.384, -162.8997
1225.436572, 79.414, -162.7421
1234.316591, 79.441, -162.5995
1243.260957, 79.465, -162.4660
1252.270139, 79.484, -162.3350
1261.344604, 79.500, -162.1996
1270.484827, 79.512, -162.0550
1279.691284, 79.522, -161.8987
1288.964455, 79.531, -161.7298
1298.304823, 79.541, -161.5493
1307.712874, 79.551, -161.3592
1317.189101, 79.562, -161.1613
1326.733996, 79.573, -160.9567
1336.348058, 79.586, -160.7458
1346.031787, 79.599, -160.5287
1355.785688, 79.614, -160.3054
1365.610270, 79.629, -160.0768
1375.506045, 79.644, -159.8444
1385.473529, 79.660, -159.6090
1395.513241, 79.677, -159.3703
1405.625705, 79.694, -159.1291
1415.811448, 79.712, -158.8873
1426.071002, 79.730, -158.6457
1436.404900, 79.749, -158.4046
1446.813682, 79.769, -158.1640
1457.297890, 79.790, -157.9234
1467.858072, 79.811, -157.6825
1478.494776, 79.833, -157.4426
1489.208559, 79.856, -157.2056
1499.999978, 79.880, -156.9742
1510.869596, 79.905, -156.7516
1521.817980, 79.931, -156.5417
1532.845701, 79.957, -156.3480
1543.953332, 79.981, -156.1709
1555.141455, 80.003, -156.0051
1566.410651, 80.020, -155.8392
1577.761508, 80.033, -155.6582
1589.194618, 80.045, -155.4480
1600.710578, 80.057, -155.1986
1612.309986, 80.075, -154.9075
1623.993449, 80.101, -154.5776
1635.761575, 80.141, -154.2166
1647.614978, 80.197, -153.8343
1659.554275, 80.268, -153.4426
1671.580089, 80.354, -153.0526
1683.693048, 80.449, -152.6730
1695.893782, 80.548, -152.3107
1708.182927, 80.644, -151.9713
1720.561125, 80.732, -151.6590
1733.029020, 80.809, -151.3741
1745.587263, 80.874, -151.1128
1758.236508, 80.925, -150.8701
1770.977414, 80.966, -150.6438
1783.810646, 80.997, -150.4342
1796.736874, 81.022, -150.2401
1809.756770, 81.042, -150.0568
1822.871013, 81.060, -149.8780
1836.080288, 81.079, -149.6998
1849.385283, 81.098, -149.5215
1862.786691, 81.120, -149.3448
1876.285211, 81.143, -149.1733
1889.881547, 81.168, -149.0103
1903.576408, 81.192, -148.8578
1917.370507, 81.216, -148.7181
1931.264564, 81.239, -148.5943
1945.259304, 81.260, -148.4893
1959.355454, 81.280, -148.4035
1973.553752, 81.298, -148.3344
1987.854936, 81.315, -148.2769
2002.259752, 81.329, -148.2256
2016.768952, 81.342, -148.1763
2031.383291, 81.353, -148.1253
2046.103531, 81.363, -148.0670
2060.930441, 81.372, -147.9986
2075.864793, 81.384, -147.9255
2090.907365, 81.399, -147.8620
2106.058941, 81.419, -147.8283
2121.320313, 81.441, -147.8451
2136.692274, 81.463, -147.9255
2152.175627, 81.481, -148.0680
2167.771179, 81.492, -148.2567
2183.479742, 81.495, -148.4683
2199.302137, 81.489, -148.6810
2215.239187, 81.477, -148.8812
2231.291723, 81.460, -149.0635
2247.460582, 81.442, -149.2278
2263.746608, 81.422, -149.3739
2280.150649, 81.404, -149.5026
2296.673561, 81.391, -149.6194
2313.316204, 81.384, -149.7345
2330.079447, 81.385, -149.8593
2346.964163, 81.394, -150.0035
2363.971233, 81.410, -150.1698
2381.101543, 81.433, -150.3522
2398.355986, 81.461, -150.5441
2415.735463, 81.495, -150.7483
2433.240878, 81.536, -150.9773
2450.873144, 81.581, -151.2452
2468.633181, 81.627, -151.5609
2486.521915, 81.672, -151.9269
2504.540278, 81.714, -152.3415
2522.689209, 81.751, -152.7999
2540.969655, 81.783, -153.2927
2559.382568, 81.810, -153.8034
2577.928909, 81.834, -154.3105
2596.609645, 81.859, -154.8005
2615.425749, 81.889, -155.2760
2634.378202, 81.928, -155.7529
2653.467992, 81.976, -156.2544
2672.696115, 82.032, -156.8021
2692.063573, 82.092, -157.4069
2711.571376, 82.152, -158.0695
2731.220539, 82.206, -158.7792
2751.012089, 82.250, -159.5066
2770.947057, 82.283, -160.2104
2791.026482, 82.304, -160.8506
2811.251410, 82.318, -161.3999
2831.622897, 82.328, -161.8500
2852.142003, 82.337, -162.2090
2872.809800, 82.348, -162.4917
2893.627364, 82.362, -162.7196
2914.595781, 82.381, -162.9229
2935.716143, 82.402, -163.1334
2956.989553, 82.423, -163.3783
2978.417118, 82.441, -163.6736
2999.999956, 82.454, -164.0278
3021.739192, 82.458, -164.4555
3043.635960, 82.451, -164.9710
3065.691401, 82.425, -165.5703
3087.906665, 82.375, -166.2193
3110.282909, 82.299, -166.8620
3132.821301, 82.200, -167.4426
3155.523016, 82.084, -167.9232
3178.389237, 81.960, -168.2883
3201.421155, 81.834, -168.5474
3224.619973, 81.712, -168.7308
3247.986898, 81.597, -168.8742
3271.523150, 81.486, -169.0011
3295.229956, 81.377, -169.1138
3319.108550, 81.271, -169.2018
3343.160179, 81.169, -169.2654
3367.386096, 81.072, -169.3255
3391.787563, 80.979, -169.4051
3416.365854, 80.885, -169.5058
3441.122250, 80.790, -169.6049
3466.058040, 80.694, -169.6765
3491.174525, 80.603, -169.7218
3516.473015, 80.521, -169.7743
3541.954828, 80.447, -169.8765
3567.621293, 80.378, -170.0562
3593.473747, 80.308, -170.3174
3619.513539, 80.236, -170.6454
3645.742027, 80.160, -171.0230
3672.160576, 80.084, -171.4529
3698.770566, 80.012, -171.9712
3725.573382, 79.941, -172.6254
3752.570422, 79.865, -173.4374
3779.763094, 79.779, -174.3894
3807.152816, 79.680, -175.4404
3834.741015, 79.575, -176.5634
3862.529129, 79.473, -177.7769
3890.518607, 79.380, -179.1432
3918.710909, 79.297, 179.2634
3947.107503, 79.218, 177.3936
3975.709871, 79.140, 175.2246
4004.519504, 79.064, 172.7239
4033.537903, 78.992, 169.8166
4062.766581, 78.918, 166.3901
4092.207063, 78.830, 162.3298
4121.860882, 78.706, 157.5494
4151.729585, 78.525, 151.9930
4181.814729, 78.268, 145.6179
4212.117883, 77.923, 138.3620
4242.640625, 77.489, 130.1027
4273.384548, 76.968, 120.6249
4304.351254, 76.374, 109.5972
4335.542358, 75.731, 96.5642
4366.959485, 75.090, 81.0353
4398.604273, 74.523, 62.8931
4430.478373, 74.117, 43.1479
4462.583446, 73.947, 24.0457
4494.921165, 74.043, 7.6410
4527.493217, 74.381, -5.3867
4560.301299, 74.909, -15.3694
4593.347122, 75.578, -22.9230
4626.632409, 76.358, -28.6287
4660.158894, 77.229, -32.9884
4693.928327, 78.177, -36.4502
4727.942466, 79.182, -39.4124
4762.203086, 80.223, -42.2035
4796.711973, 81.277, -45.0625
4831.470925, 82.325, -48.1420
4866.481755, 83.354, -51.5273
4901.746288, 84.352, -55.2600
4937.266362, 85.311, -59.3558
4973.043830, 86.222, -63.8167
5009.080555, 87.079, -68.6379
5045.378418, 87.874, -73.8124
5081.939310, 88.597, -79.3257
5118.765137, 89.239, -85.1499
5155.857819, 89.788, -91.2391
5193.219290, 90.239, -97.5276
5230.851498, 90.584, -103.9326
5268.756404, 90.822, -110.3612
5306.935985, 90.955, -116.7195
5345.392231, 90.987, -122.9177
5384.127146, 90.927, -128.8792
5423.142751, 90.784, -134.5469
5462.441079, 90.568, -139.8853
5502.024179, 90.289, -144.8749
5541.894114, 89.955, -149.5043
5582.052963, 89.575, -153.7676
5622.502820, 89.156, -157.6687
5663.245793, 88.709, -161.2260
5704.284007, 88.240, -164.4733
5745.619600, 87.757, -167.4560
5787.254728, 87.260, -170.2198
5829.191562, 86.747, -172.7979
5871.432287, 86.213, -175.1991
5913.979105, 85.651, -177.4065
5956.834236, 85.055, -179.3794
5999.999912, 84.419, 178.9446
6043.478385, 83.742, 177.6465
6087.271921, 83.025, 176.8209
6131.382802, 82.275, 176.5689
6175.813330, 81.502, 176.9889
6220.565819, 80.725, 178.1575
6265.642603, 79.965, -179.8954
6311.046032, 79.250, -177.2036
6356.778473, 78.607, -173.8777
6402.842310, 78.057, -170.1124
6449.239945, 77.610, -166.1458
6495.973796, 77.262, -162.1587
6543.046300, 76.999, -158.1910
6590.459911, 76.811, -154.1592
6638.217100, 76.706, -149.9587
6686.320358, 76.701, -145.5759
6734.772191, 76.818, -141.1558
6783.575127, 77.063, -136.9911
6832.731709, 77.422, -133.4223
6882.244499, 77.859, -130.7041
6932.116080, 78.327, -128.9178
6982.349051, 78.785, -127.9698
7032.946030, 79.207, -127.6558
7083.909656, 79.583, -127.7407
7135.242586, 79.921, -128.0270
7186.947495, 80.238, -128.3986
7239.027079, 80.551, -128.8325
7291.484053, 80.873, -129.3751
7344.321152, 81.207, -130.1017
7397.541131, 81.549, -131.0805
7451.146763, 81.893, -132.3526
7505.140844, 82.227, -133.9294
7559.526189, 82.544, -135.7990
7614.305632, 82.836, -137.9319
7669.482029, 83.097, -140.2869
7725.058258, 83.323, -142.8189
7781.037214, 83.513, -145.4859
7837.421817, 83.665, -148.2521
7894.215007, 83.780, -151.0870
7951.419743, 83.857, -153.9612
8009.039008, 83.896, -156.8439
8067.075806, 83.897, -159.7035
8125.533163, 83.863, -162.5105
8184.414126, 83.795, -165.2365
8243.721764, 83.699, -167.8551
8303.459170, 83.579, -170.3439
8363.629458, 83.441, -172.6873
8424.235765, 83.293, -174.8803
8485.281250, 83.142, -176.9312
8546.769096, 82.993, -178.8567
8608.702508, 82.850, 179.3250
8671.084715, 82.716, 177.6018
8733.918969, 82.592, 175.9657
8797.208547, 82.483, 174.4041
8860.956746, 82.392, 172.8947
8925.166891, 82.319, 171.4088
8989.842330, 82.265, 169.9166
9054.986433, 82.228, 168.3927
9120.602598, 82.206, 166.8156
9186.694244, 82.198, 165.1658
9253.264817, 82.202, 163.4271
9320.317788, 82.218, 161.5875
9387.856653, 82.245, 159.6371
9455.884932, 82.285, 157.5616
9524.406173, 82.340, 155.3353
9593.423946, 82.412, 152.9169
9662.941850, 82.497, 150.2538
9732.963510, 82.587, 147.2963
9803.492576, 82.672, 144.0167
9874.532725, 82.738, 140.4209
9946.087659, 82.779, 136.5431
10018.161110, 82.791, 132.4229
10090.756835, 82.777, 128.0789
10163.878619, 82.736, 123.5038
10237.530273, 82.664, 118.6871
10311.715638, 82.550, 113.6405
10386.438580, 82.387, 108.4036
10461.702996, 82.168, 103.0345
10537.512808, 81.891, 97.5982
10613.871970, 81.559, 92.1533
10690.784461, 81.176, 86.7464
10768.254293, 80.750, 81.4078
10846.285502, 80.291, 76.1492
10924.882158, 79.810, 70.9603
11004.048358, 79.316, 65.8095
11083.788228, 78.819, 60.6467
11164.105927, 78.326, 55.4093
11245.005640, 77.843, 50.0295
11326.491587, 77.374, 44.4348
11408.568014, 76.927, 38.5429
11491.239200, 76.510, 32.2545
11574.509457, 76.133, 25.4476
11658.383123, 75.800, 17.9833
11742.864573, 75.509, 9.7201
11827.958211, 75.248, 0.5386
11913.668472, 74.995, -9.6340
11999.999825, 74.722, -20.8062
12086.956770, 74.405, -32.9189
12174.543841, 74.027, -45.8516
12262.765605, 73.578, -59.4313
12351.626659, 73.065, -73.4460
12441.131638, 72.505, -87.6649
12531.285206, 71.925, -101.8592
12622.092064, 71.359, -115.8231
12713.556946, 70.842, -129.3923
12805.684621, 70.406, -142.4558
12898.479890, 70.079, -154.9612
12991.947593, 69.887, -166.9246
13086.092601, 69.849, -178.4353
13180.919822, 69.973, 170.3499
13276.434201, 70.250, 159.2302
13372.640716, 70.648, 147.9880
13469.544383, 71.123, 136.4185
13567.150254, 71.621, 124.3613
13665.463417, 72.092, 111.7253
13764.488998, 72.494, 98.4929
13864.232160, 72.802, 84.7031
13964.698101, 73.006, 70.4258
14065.892060, 73.106, 55.7401
14167.819312, 73.117, 40.7185
14270.485171, 73.063, 25.4056
14373.894990, 72.978, 9.8071
14478.054158, 72.897, -6.1085
14582.968107, 72.849, -22.3888
14688.642305, 72.849, -39.0684
14795.082262, 72.903, -56.1417
14902.293527, 73.008, -73.5537
15010.281689, 73.156, -91.2047
15119.052378, 73.338, -108.9741
15228.611264, 73.538, -126.7393
15338.964058, 73.738, -144.3907
15450.116515, 73.917, -161.8331
15562.074428, 74.057, -178.9851
15674.843635, 74.148, 164.2162
15788.430013, 74.184, 147.8119
15902.839485, 74.162, 131.8240
16018.078016, 74.084, 116.2642
16134.151612, 73.952, 101.1364
16251.066326, 73.775, 86.4351
16368.828251, 73.568, 72.1366
16487.443528, 73.348, 58.1912
16606.918341, 73.133, 44.5188
16727.258917, 72.935, 31.0132
16848.471530, 72.757, 17.5535
16970.562500, 72.589, 4.0254
17093.538192, 72.408, -9.6526
17217.405016, 72.182, -23.5074
17342.169430, 71.876, -37.4987
17467.837939, 71.463, -51.5165
17594.417093, 70.926, -65.4036
17721.913492, 70.276, -79.0029
17850.333783, 69.551, -92.2292
17979.684660, 68.823, -105.1322
18109.972866, 68.184, -117.9175
18241.205195, 67.718, -130.9095
18373.388487, 67.464, -144.4666
18506.529634, 67.397, -158.9006
18640.635577, 67.450, -174.4382
18775.713306, 67.538, 168.7863
18911.769865, 67.584, 150.7228
19048.812345, 67.526, 131.3923
19186.847892, 67.319, 110.8485
19325.883701, 66.939, 89.1227
19465.927021, 66.382, 66.2625
19606.985152, 65.675, 42.7283
19749.065449, 64.895, 20.3113
19892.175318, 64.185, 2.4531
20036.322221, 63.748, -7.3800
