* Measurement data measured by REW V5.40 beta 55
* Source: Headset (USB-C to 3.5mm Headphone Jack Adapter), MICROPHONE (Master Volume), L, volume: 0.250
* Format: 256k Log Swept Sine, 1 sweep at -6.0 dBFS with no timing reference
* Dated: Jan 16, 2025 11:01:00 PM
* REW Settings:
*  C-weighting compensation: Off
*  Target level: 75.0 dB
* Note: ; 
* Measurement: Right 14
* Smoothing: 1/12 octave
* Frequency Step: 96 ppo
* Start Frequency: 20.0 Hz
*
* Freq(Hz), SPL(dB), Phase(degrees)
19.995176, 69.290, 4.6469
20.140070, 69.439, 3.9747
20.286013, 69.584, 3.2856
20.433014, 69.724, 2.5869
20.581080, 69.858, 1.8854
20.730219, 69.987, 1.1876
20.880438, 70.112, 0.4987
21.031747, 70.232, -0.1770
21.184151, 70.348, -0.8361
21.337660, 70.461, -1.4758
21.492282, 70.571, -2.0938
21.648024, 70.678, -2.6872
21.804894, 70.782, -3.2535
21.962902, 70.885, -3.7898
22.122054, 70.987, -4.2938
22.282359, 71.090, -4.7650
22.443827, 71.195, -5.2050
22.606464, 71.303, -5.6187
22.770280, 71.417, -6.0149
22.935282, 71.536, -6.4062
23.101481, 71.662, -6.8078
23.268884, 71.793, -7.2356
23.437500, 71.927, -7.7040
23.607337, 72.063, -8.2231
23.778406, 72.197, -8.7964
23.950714, 72.325, -9.4193
24.124271, 72.445, -10.0789
24.299085, 72.555, -10.7549
24.475166, 72.654, -11.4221
24.652524, 72.743, -12.0538
24.831166, 72.825, -12.6260
25.011103, 72.905, -13.1218
25.192344, 72.989, -13.5363
25.374898, 73.083, -13.8782
25.558775, 73.191, -14.1716
25.743984, 73.318, -14.4524
25.930536, 73.463, -14.7627
26.118439, 73.624, -15.1442
26.307704, 73.795, -15.6296
26.498340, 73.971, -16.2376
26.690358, 74.144, -16.9700
26.883768, 74.308, -17.8123
27.078578, 74.458, -18.7368
27.274801, 74.592, -19.7076
27.472445, 74.709, -20.6866
27.671522, 74.812, -21.6386
27.872041, 74.906, -22.5366
28.074014, 74.993, -23.3652
28.277450, 75.081, -24.1217
28.482360, 75.173, -24.8153
28.688755, 75.271, -25.4645
28.896645, 75.378, -26.0913
29.106042, 75.491, -26.7169
29.316956, 75.609, -27.3572
29.529399, 75.730, -28.0202
29.743381, 75.850, -28.7059
29.958914, 75.967, -29.4080
30.176009, 76.081, -30.1168
30.394677, 76.192, -30.8221
30.614929, 76.301, -31.5155
30.836777, 76.407, -32.1926
31.060233, 76.513, -32.8524
31.285309, 76.619, -33.4976
31.512015, 76.726, -34.1321
31.740364, 76.833, -34.7603
31.970368, 76.940, -35.3855
32.202038, 77.046, -36.0094
32.435387, 77.152, -36.6321
32.670428, 77.257, -37.2528
32.907171, 77.360, -37.8704
33.145630, 77.463, -38.4846
33.385817, 77.566, -39.0959
33.627744, 77.669, -39.7068
33.871425, 77.772, -40.3204
34.116871, 77.875, -40.9402
34.364096, 77.978, -41.5695
34.613112, 78.079, -42.2097
34.863933, 78.180, -42.8607
35.116572, 78.277, -43.5200
35.371041, 78.373, -44.1833
35.627354, 78.466, -44.8458
35.885524, 78.557, -45.5028
36.145566, 78.648, -46.1514
36.407491, 78.738, -46.7906
36.671315, 78.828, -47.4220
36.937051, 78.920, -48.0486
37.204712, 79.013, -48.6740
37.474312, 79.107, -49.3014
37.745867, 79.202, -49.9331
38.019389, 79.299, -50.5704
38.294893, 79.395, -51.2139
38.572393, 79.492, -51.8643
38.851905, 79.590, -52.5217
39.133442, 79.687, -53.1862
39.417019, 79.783, -53.8562
39.702651, 79.879, -54.5291
39.990353, 79.974, -55.2014
40.280139, 80.069, -55.8700
40.572026, 80.164, -56.5344
40.866027, 80.261, -57.1973
41.162159, 80.358, -57.8644
41.460437, 80.457, -58.5426
41.760877, 80.556, -59.2367
42.063493, 80.653, -59.9470
42.368303, 80.747, -60.6683
42.675321, 80.838, -61.3916
42.984564, 80.925, -62.1072
43.296048, 81.009, -62.8087
43.609789, 81.093, -63.4946
43.925803, 81.177, -64.1685
44.244108, 81.261, -64.8358
44.564719, 81.344, -65.5007
44.887653, 81.426, -66.1639
45.212928, 81.507, -66.8232
45.540559, 81.586, -67.4755
45.870565, 81.664, -68.1199
46.202962, 81.743, -68.7598
46.537767, 81.821, -69.4006
46.874999, 81.899, -70.0482
47.214675, 81.976, -70.7053
47.556812, 82.050, -71.3708
47.901428, 82.122, -72.0411
48.248542, 82.192, -72.7130
48.598170, 82.260, -73.3850
48.950333, 82.327, -74.0581
49.305047, 82.394, -74.7328
49.662332, 82.459, -75.4080
50.022206, 82.523, -76.0797
50.384687, 82.587, -76.7447
50.749795, 82.654, -77.4030
51.117549, 82.723, -78.0602
51.487968, 82.796, -78.7266
51.861071, 82.871, -79.4120
52.236878, 82.947, -80.1209
52.615408, 83.022, -80.8489
52.996681, 83.094, -81.5841
53.380716, 83.162, -82.3121
53.767535, 83.230, -83.0227
54.157157, 83.297, -83.7136
54.549602, 83.364, -84.3898
54.944891, 83.432, -85.0580
55.343044, 83.499, -85.7228
55.744083, 83.564, -86.3839
56.148027, 83.627, -87.0394
56.554899, 83.688, -87.6890
56.964719, 83.746, -88.3336
57.377509, 83.800, -88.9714
57.793290, 83.852, -89.5943
58.212084, 83.901, -90.1908
58.633913, 83.952, -90.7577
59.058798, 84.010, -91.3120
59.486763, 84.076, -91.8906
59.917828, 84.150, -92.5353
60.352018, 84.223, -93.2689
60.789353, 84.291, -94.0826
61.229858, 84.348, -94.9412
61.673555, 84.396, -95.8044
62.120467, 84.438, -96.6456
62.570617, 84.479, -97.4587
63.024030, 84.521, -98.2505
63.480728, 84.565, -99.0293
63.940735, 84.610, -99.7984
64.404076, 84.655, -100.5576
64.870775, 84.700, -101.3060
65.340855, 84.745, -102.0429
65.814342, 84.790, -102.7680
66.291260, 84.834, -103.4813
66.771634, 84.877, -104.1846
67.255488, 84.920, -104.8824
67.742849, 84.962, -105.5793
68.233742, 85.002, -106.2780
68.728192, 85.040, -106.9780
69.226225, 85.076, -107.6772
69.727866, 85.110, -108.3745
70.233143, 85.143, -109.0697
70.742082, 85.176, -109.7636
71.254708, 85.209, -110.4570
71.771049, 85.241, -111.1500
72.291131, 85.274, -111.8428
72.814983, 85.307, -112.5360
73.342630, 85.339, -113.2299
73.874101, 85.371, -113.9229
74.409423, 85.400, -114.6111
74.948625, 85.429, -115.2901
75.491733, 85.456, -115.9579
76.038777, 85.483, -116.6161
76.589786, 85.509, -117.2692
77.144787, 85.534, -117.9203
77.703810, 85.558, -118.5705
78.266884, 85.580, -119.2183
78.834038, 85.602, -119.8625
79.405302, 85.623, -120.5029
79.980705, 85.644, -121.1405
80.560278, 85.664, -121.7766
81.144051, 85.685, -122.4121
81.732055, 85.705, -123.0466
82.324319, 85.725, -123.6791
82.920875, 85.744, -124.3087
83.521754, 85.763, -124.9355
84.126987, 85.781, -125.5599
84.736605, 85.798, -126.1829
85.350642, 85.815, -126.8062
85.969128, 85.830, -127.4313
86.592096, 85.846, -128.0604
87.219578, 85.860, -128.6949
87.851607, 85.873, -129.3342
88.488216, 85.885, -129.9755
89.129438, 85.897, -130.6152
89.775306, 85.909, -131.2512
90.425855, 85.920, -131.8824
91.081118, 85.932, -132.5089
91.741129, 85.944, -133.1296
92.405924, 85.956, -133.7437
93.075535, 85.968, -134.3506
93.749999, 85.978, -134.9506
94.429350, 85.988, -135.5448
95.113624, 85.996, -136.1354
95.802856, 86.003, -136.7249
96.497083, 86.009, -137.3146
97.196341, 86.013, -137.9047
97.900666, 86.016, -138.4960
98.610094, 86.019, -139.0916
99.324664, 86.021, -139.6951
100.044411, 86.023, -140.3082
100.769374, 86.024, -140.9287
101.499591, 86.022, -141.5507
102.235098, 86.019, -142.1653
102.975936, 86.014, -142.7635
103.722142, 86.009, -143.3410
104.473756, 86.005, -143.9012
105.230815, 86.003, -144.4513
105.993361, 86.001, -144.9967
106.761433, 85.999, -145.5403
107.535070, 85.997, -146.0820
108.314314, 85.994, -146.6204
109.099204, 85.989, -147.1541
109.889782, 85.984, -147.6839
110.686088, 85.977, -148.2114
111.488165, 85.968, -148.7368
112.296055, 85.956, -149.2585
113.109798, 85.942, -149.7744
113.929438, 85.926, -150.2832
114.755018, 85.909, -150.7861
115.586580, 85.891, -151.2855
116.424168, 85.873, -151.7844
117.267826, 85.856, -152.2844
118.117597, 85.838, -152.7854
118.973525, 85.821, -153.2853
119.835657, 85.806, -153.7819
120.704035, 85.791, -154.2748
121.578706, 85.777, -154.7655
122.459716, 85.764, -155.2531
123.347109, 85.750, -155.7343
124.240933, 85.736, -156.2053
125.141234, 85.721, -156.6641
126.048059, 85.705, -157.1104
126.961456, 85.688, -157.5460
127.881471, 85.670, -157.9730
128.808153, 85.651, -158.3931
129.741550, 85.632, -158.8093
130.681710, 85.613, -159.2271
131.628684, 85.594, -159.6503
132.582520, 85.575, -160.0778
133.543267, 85.556, -160.5061
134.510977, 85.538, -160.9327
135.485699, 85.520, -161.3552
136.467484, 85.503, -161.7703
137.456384, 85.486, -162.1753
138.452449, 85.468, -162.5698
139.455733, 85.450, -162.9558
140.466286, 85.432, -163.3368
141.484163, 85.412, -163.7167
142.509416, 85.391, -164.0974
143.542098, 85.370, -164.4790
144.582263, 85.348, -164.8608
145.629965, 85.326, -165.2418
146.685260, 85.305, -165.6204
147.748202, 85.283, -165.9948
148.818846, 85.260, -166.3636
149.897249, 85.236, -166.7264
150.983466, 85.210, -167.0833
152.077555, 85.184, -167.4363
153.179572, 85.157, -167.7892
154.289574, 85.131, -168.1477
155.407620, 85.105, -168.5161
156.533767, 85.080, -168.8929
157.668076, 85.055, -169.2717
158.810603, 85.030, -169.6449
159.961411, 85.005, -170.0062
161.120557, 84.980, -170.3530
162.288103, 84.956, -170.6861
163.464109, 84.932, -171.0090
164.648638, 84.909, -171.3271
165.841750, 84.887, -171.6451
167.043507, 84.864, -171.9639
168.253973, 84.840, -172.2817
169.473211, 84.815, -172.5959
170.701284, 84.789, -172.9052
171.938256, 84.762, -173.2098
173.184191, 84.734, -173.5115
174.439155, 84.706, -173.8113
175.703213, 84.678, -174.1110
176.976431, 84.651, -174.4119
178.258875, 84.623, -174.7145
179.550613, 84.596, -175.0168
180.851710, 84.568, -175.3162
182.162236, 84.540, -175.6117
183.482259, 84.511, -175.9059
184.811847, 84.482, -176.2031
186.151070, 84.452, -176.5078
187.499997, 84.420, -176.8229
188.858700, 84.387, -177.1472
190.227248, 84.351, -177.4762
191.605713, 84.313, -177.8037
192.994167, 84.273, -178.1232
194.392682, 84.229, -178.4295
195.801331, 84.182, -178.7191
197.220189, 84.132, -178.9888
198.649327, 84.079, -179.2347
200.088822, 84.023, -179.4513
201.538748, 83.966, -179.6301
202.999181, 83.908, -179.7640
204.470197, 83.852, -179.8513
205.951872, 83.800, -179.8975
207.444284, 83.752, -179.9118
208.947511, 83.712, -179.9052
210.461631, 83.679, -179.8903
211.986723, 83.654, -179.8798
213.522866, 83.635, -179.8839
215.070141, 83.622, -179.9084
216.628627, 83.611, -179.9569
218.198408, 83.603, 179.9688
219.779563, 83.595, 179.8676
221.372177, 83.588, 179.7391
222.976331, 83.579, 179.5842
224.592109, 83.569, 179.4044
226.219596, 83.557, 179.2032
227.858877, 83.543, 178.9849
229.510036, 83.528, 178.7536
231.173160, 83.511, 178.5121
232.848336, 83.491, 178.2622
234.535651, 83.469, 178.0073
236.235193, 83.445, 177.7544
237.947051, 83.418, 177.5141
239.671313, 83.389, 177.2990
241.408071, 83.358, 177.1180
243.157413, 83.326, 176.9674
244.919432, 83.292, 176.8346
246.694219, 83.258, 176.7070
248.481867, 83.224, 176.5784
250.282469, 83.189, 176.4485
252.096119, 83.155, 176.3194
253.922911, 83.121, 176.1909
255.762941, 83.088, 176.0611
257.616305, 83.055, 175.9297
259.483099, 83.024, 175.7988
261.363421, 82.993, 175.6714
263.257368, 82.963, 175.5500
265.165039, 82.934, 175.4355
267.086534, 82.905, 175.3278
269.021953, 82.876, 175.2264
270.971397, 82.848, 175.1301
272.934968, 82.819, 175.0376
274.912767, 82.791, 174.9492
276.904898, 82.762, 174.8655
278.911465, 82.733, 174.7856
280.932573, 82.705, 174.7070
282.968326, 82.677, 174.6268
285.018831, 82.650, 174.5435
287.084195, 82.622, 174.4577
289.164526, 82.595, 174.3715
291.259931, 82.567, 174.2850
293.370520, 82.539, 174.1948
295.496404, 82.512, 174.0964
297.637693, 82.485, 173.9885
299.794498, 82.458, 173.8754
301.966933, 82.431, 173.7650
304.155110, 82.404, 173.6643
306.359143, 82.377, 173.5747
308.579148, 82.349, 173.4922
310.815239, 82.321, 173.4115
313.067535, 82.292, 173.3295
315.336151, 82.263, 173.2457
317.621207, 82.232, 173.1611
319.922821, 82.202, 173.0763
322.241114, 82.172, 172.9908
324.576206, 82.142, 172.9039
326.928219, 82.111, 172.8160
329.297275, 82.079, 172.7280
331.683499, 82.046, 172.6415
334.087014, 82.012, 172.5582
336.507947, 81.977, 172.4784
338.946422, 81.941, 172.4006
341.402567, 81.904, 172.3240
343.876511, 81.867, 172.2504
346.368382, 81.830, 172.1854
348.878310, 81.794, 172.1348
351.406426, 81.757, 172.1012
353.952862, 81.721, 172.0816
356.517750, 81.686, 172.0696
359.101225, 81.649, 172.0580
361.703421, 81.612, 172.0424
364.324473, 81.573, 172.0236
366.964518, 81.534, 172.0050
369.623694, 81.494, 171.9885
372.302140, 81.455, 171.9741
374.999995, 81.415, 171.9624
377.717399, 81.376, 171.9552
380.454495, 81.336, 171.9549
383.211425, 81.296, 171.9636
385.988333, 81.254, 171.9836
388.785364, 81.212, 172.0175
391.602663, 81.170, 172.0678
394.440377, 81.127, 172.1363
397.298655, 81.085, 172.2232
400.177644, 81.043, 172.3267
403.077497, 81.003, 172.4432
405.998362, 80.963, 172.5685
408.940394, 80.924, 172.6993
411.903744, 80.886, 172.8345
414.888569, 80.849, 172.9752
417.895022, 80.813, 173.1238
420.923262, 80.780, 173.2811
423.973445, 80.751, 173.4448
427.045732, 80.724, 173.6100
430.140281, 80.700, 173.7726
433.257255, 80.679, 173.9305
436.396816, 80.659, 174.0836
439.559127, 80.640, 174.2328
442.744354, 80.621, 174.3790
445.952662, 80.604, 174.5233
449.184218, 80.586, 174.6656
452.439192, 80.569, 174.8053
455.717753, 80.552, 174.9398
459.020072, 80.536, 175.0663
462.346321, 80.519, 175.1847
465.696673, 80.503, 175.2969
469.071303, 80.487, 175.4048
472.470387, 80.470, 175.5098
475.894102, 80.454, 175.6127
479.342627, 80.437, 175.7147
482.816141, 80.421, 175.8175
486.314826, 80.405, 175.9221
489.838864, 80.389, 176.0284
493.388438, 80.372, 176.1342
496.963734, 80.355, 176.2367
500.564938, 80.338, 176.3336
504.192238, 80.322, 176.4240
507.845823, 80.306, 176.5092
511.525883, 80.290, 176.5916
515.232610, 80.274, 176.6730
518.966198, 80.258, 176.7536
522.726841, 80.243, 176.8328
526.514735, 80.227, 176.9114
530.330078, 80.211, 176.9913
534.173068, 80.194, 177.0753
538.043907, 80.178, 177.1650
541.942795, 80.163, 177.2600
545.869936, 80.148, 177.3583
549.825534, 80.133, 177.4590
553.809797, 80.117, 177.5624
557.822931, 80.101, 177.6689
561.865146, 80.083, 177.7777
565.936652, 80.065, 177.8875
570.037662, 80.046, 177.9988
574.168390, 80.026, 178.1135
578.329051, 80.006, 178.2334
582.519862, 79.986, 178.3589
586.741041, 79.966, 178.4874
590.992808, 79.946, 178.6167
595.275386, 79.927, 178.7465
599.588997, 79.909, 178.8785
603.933866, 79.890, 179.0156
608.310219, 79.872, 179.1592
612.718286, 79.854, 179.3100
617.158295, 79.838, 179.4684
621.630479, 79.821, 179.6331
626.135069, 79.805, 179.8013
630.672302, 79.790, 179.9697
635.242414, 79.774, -179.8640
639.845642, 79.759, -179.7000
644.482227, 79.745, -179.5355
649.152411, 79.731, -179.3677
653.856437, 79.718, -179.1956
658.594551, 79.706, -179.0200
663.366998, 79.694, -178.8433
668.174029, 79.683, -178.6681
673.015893, 79.671, -178.4967
677.892844, 79.660, -178.3304
682.805135, 79.649, -178.1686
687.753022, 79.638, -178.0090
692.736764, 79.627, -177.8492
697.756620, 79.615, -177.6867
702.812853, 79.603, -177.5193
707.905724, 79.591, -177.3452
713.035501, 79.578, -177.1645
718.202450, 79.566, -176.9788
723.406841, 79.554, -176.7894
728.648945, 79.543, -176.5973
733.929036, 79.532, -176.4061
739.247388, 79.522, -176.2209
744.604279, 79.512, -176.0455
749.999989, 79.503, -175.8790
755.434798, 79.494, -175.7153
760.908990, 79.485, -175.5473
766.422850, 79.477, -175.3702
771.976666, 79.469, -175.1843
777.570727, 79.462, -174.9924
783.205325, 79.455, -174.7976
788.880754, 79.447, -174.6006
794.597309, 79.440, -174.4008
800.355289, 79.432, -174.1973
806.154993, 79.423, -173.9888
811.996725, 79.414, -173.7749
817.880788, 79.406, -173.5565
823.807489, 79.399, -173.3359
829.777138, 79.392, -173.1151
835.790045, 79.386, -172.8952
841.846524, 79.381, -172.6764
847.946891, 79.375, -172.4587
854.091464, 79.370, -172.2416
860.280562, 79.366, -172.0238
866.514510, 79.362, -171.8045
872.793631, 79.360, -171.5839
879.118254, 79.357, -171.3626
885.488707, 79.355, -171.1401
891.905323, 79.352, -170.9146
898.368437, 79.350, -170.6834
904.878385, 79.349, -170.4463
911.435507, 79.348, -170.2061
918.040144, 79.349, -169.9670
924.692641, 79.349, -169.7313
931.393345, 79.350, -169.4993
938.142606, 79.350, -169.2699
944.940774, 79.350, -169.0420
951.788204, 79.350, -168.8148
958.685254, 79.351, -168.5886
965.632282, 79.352, -168.3641
972.629652, 79.354, -168.1416
979.677727, 79.355, -167.9203
986.776876, 79.356, -167.6970
993.927468, 79.356, -167.4674
1001.129876, 79.356, -167.2280
1008.384476, 79.356, -166.9780
1015.691645, 79.357, -166.7186
1023.051766, 79.359, -166.4520
1030.465221, 79.362, -166.1808
1037.932396, 79.366, -165.9082
1045.453682, 79.371, -165.6367
1053.029471, 79.377, -165.3674
1060.660156, 79.384, -165.1002
1068.346137, 79.391, -164.8334
1076.087813, 79.399, -164.5662
1083.885589, 79.407, -164.2985
1091.739871, 79.416, -164.0308
1099.651068, 79.425, -163.7627
1107.619593, 79.434, -163.4944
1115.645861, 79.443, -163.2258
1123.730291, 79.452, -162.9545
1131.873304, 79.462, -162.6768
1140.075325, 79.473, -162.3914
1148.336780, 79.484, -162.0994
1156.658102, 79.496, -161.8014
1165.039724, 79.508, -161.4969
1173.482082, 79.521, -161.1852
1181.985617, 79.533, -160.8663
1190.550772, 79.545, -160.5405
1199.177993, 79.559, -160.2072
1207.867731, 79.576, -159.8651
1216.620439, 79.595, -159.5146
1225.436572, 79.620, -159.1589
1234.316591, 79.648, -158.8035
1243.260957, 79.681, -158.4563
1252.270139, 79.717, -158.1250
1261.344604, 79.755, -157.8137
1270.484827, 79.795, -157.5228
1279.691284, 79.836, -157.2510
1288.964455, 79.878, -156.9978
1298.304823, 79.919, -156.7633
1307.712874, 79.959, -156.5480
1317.189101, 79.998, -156.3511
1326.733996, 80.036, -156.1704
1336.348058, 80.072, -156.0016
1346.031787, 80.106, -155.8398
1355.785688, 80.137, -155.6788
1365.610270, 80.166, -155.5129
1375.506045, 80.193, -155.3384
1385.473529, 80.218, -155.1533
1395.513241, 80.244, -154.9569
1405.625705, 80.270, -154.7498
1415.811448, 80.297, -154.5344
1426.071002, 80.325, -154.3135
1436.404900, 80.355, -154.0901
1446.813682, 80.386, -153.8666
1457.297890, 80.418, -153.6436
1467.858072, 80.450, -153.4213
1478.494776, 80.484, -153.2007
1489.208559, 80.519, -152.9839
1499.999978, 80.555, -152.7735
1510.869596, 80.591, -152.5721
1521.817980, 80.626, -152.3830
1532.845701, 80.660, -152.2057
1543.953332, 80.693, -152.0342
1555.141455, 80.723, -151.8592
1566.410651, 80.753, -151.6721
1577.761508, 80.782, -151.4673
1589.194618, 80.814, -151.2416
1600.710578, 80.848, -150.9932
1612.309986, 80.890, -150.7220
1623.993449, 80.940, -150.4306
1635.761575, 81.004, -150.1258
1647.614978, 81.081, -149.8171
1659.554275, 81.173, -149.5150
1671.580089, 81.275, -149.2275
1683.693048, 81.383, -148.9583
1695.893782, 81.491, -148.7064
1708.182927, 81.594, -148.4675
1720.561125, 81.687, -148.2351
1733.029020, 81.768, -148.0029
1745.587263, 81.837, -147.7676
1758.236508, 81.896, -147.5311
1770.977414, 81.947, -147.3010
1783.810646, 81.991, -147.0859
1796.736874, 82.030, -146.8917
1809.756770, 82.068, -146.7205
1822.871013, 82.106, -146.5736
1836.080288, 82.145, -146.4512
1849.385283, 82.184, -146.3502
1862.786691, 82.222, -146.2646
1876.285211, 82.259, -146.1857
1889.881547, 82.294, -146.1044
1903.576408, 82.327, -146.0140
1917.370507, 82.359, -145.9128
1931.264564, 82.392, -145.8053
1945.259304, 82.426, -145.7021
1959.355454, 82.463, -145.6159
1973.553752, 82.501, -145.5577
1987.854936, 82.539, -145.5327
2002.259752, 82.576, -145.5391
2016.768952, 82.611, -145.5689
2031.383291, 82.642, -145.6100
2046.103531, 82.671, -145.6519
2060.930441, 82.697, -145.6884
2075.864793, 82.722, -145.7155
2090.907365, 82.747, -145.7314
2106.058941, 82.773, -145.7388
2121.320313, 82.804, -145.7457
2136.692274, 82.839, -145.7649
2152.175627, 82.880, -145.8151
2167.771179, 82.927, -145.9176
2183.479742, 82.975, -146.0889
2199.302137, 83.022, -146.3326
2215.239187, 83.064, -146.6380
2231.291723, 83.099, -146.9849
2247.460582, 83.128, -147.3514
2263.746608, 83.154, -147.7238
2280.150649, 83.180, -148.1022
2296.673561, 83.207, -148.4963
2313.316204, 83.238, -148.9132
2330.079447, 83.271, -149.3511
2346.964163, 83.308, -149.8029
2363.971233, 83.350, -150.2648
2381.101543, 83.399, -150.7428
2398.355986, 83.454, -151.2505
2415.735463, 83.512, -151.7982
2433.240878, 83.572, -152.3867
2450.873144, 83.631, -153.0118
2468.633181, 83.687, -153.6705
2486.521915, 83.742, -154.3638
2504.540278, 83.794, -155.0940
2522.689209, 83.843, -155.8607
2540.969655, 83.891, -156.6621
2559.382568, 83.937, -157.4983
2577.928909, 83.984, -158.3752
2596.609645, 84.030, -159.3016
2615.425749, 84.075, -160.2805
2634.378202, 84.115, -161.3043
2653.467992, 84.151, -162.3535
2672.696115, 84.181, -163.4020
2692.063573, 84.210, -164.4323
2711.571376, 84.239, -165.4445
2731.220539, 84.270, -166.4475
2751.012089, 84.299, -167.4445
2770.947057, 84.326, -168.4273
2791.026482, 84.349, -169.3848
2811.251410, 84.370, -170.3143
2831.622897, 84.387, -171.2286
2852.142003, 84.398, -172.1426
2872.809800, 84.400, -173.0594
2893.627364, 84.392, -173.9752
2914.595781, 84.371, -174.8915
2935.716143, 84.335, -175.8170
2956.989553, 84.280, -176.7501
2978.417118, 84.204, -177.6677
2999.999956, 84.106, -178.5369
3021.739192, 83.990, -179.3344
3043.635960, 83.861, 179.9393
3065.691401, 83.722, 179.2626
3087.906665, 83.572, 178.6158
3110.282909, 83.410, 178.0002
3132.821301, 83.234, 177.4371
3155.523016, 83.044, 176.9602
3178.389237, 82.842, 176.6067
3201.421155, 82.635, 176.4050
3224.619973, 82.433, 176.3569
3247.986898, 82.243, 176.4231
3271.523150, 82.072, 176.5404
3295.229956, 81.916, 176.6555
3319.108550, 81.771, 176.7429
3343.160179, 81.634, 176.7999
3367.386096, 81.500, 176.8331
3391.787563, 81.368, 176.8536
3416.365854, 81.238, 176.8788
3441.122250, 81.112, 176.9171
3466.058040, 80.992, 176.9485
3491.174525, 80.879, 176.9385
3516.473015, 80.768, 176.8760
3541.954828, 80.655, 176.7786
3567.621293, 80.544, 176.6675
3593.473747, 80.437, 176.5398
3619.513539, 80.338, 176.3619
3645.742027, 80.249, 176.0833
3672.160576, 80.163, 175.6561
3698.770566, 80.071, 175.0637
3725.573382, 79.967, 174.3386
3752.570422, 79.848, 173.5369
3779.763094, 79.722, 172.6889
3807.152816, 79.598, 171.7742
3834.741015, 79.482, 170.7365
3862.529129, 79.376, 169.5181
3890.518607, 79.277, 168.0781
3918.710909, 79.183, 166.3884
3947.107503, 79.096, 164.4182
3975.709871, 79.016, 162.1171
4004.519504, 78.943, 159.4093
4033.537903, 78.873, 156.2040
4062.766581, 78.796, 152.4143
4092.207063, 78.704, 147.9611
4121.860882, 78.583, 142.7635
4151.729585, 78.422, 136.7338
4181.814729, 78.209, 129.7740
4212.117883, 77.935, 121.7711
4242.640625, 77.594, 112.5839
4273.384548, 77.191, 102.0347
4304.351254, 76.742, 89.9137
4335.542358, 76.283, 76.0415
4366.959485, 75.862, 60.4622
4398.604273, 75.540, 43.7311
4430.478373, 75.369, 26.9948
4462.583446, 75.382, 11.5424
4494.921165, 75.577, -1.8051
4527.493217, 75.927, -12.8476
4560.301299, 76.401, -21.7652
4593.347122, 76.978, -28.8742
4626.632409, 77.648, -34.5178
4660.158894, 78.406, -39.0392
4693.928327, 79.246, -42.7745
4727.942466, 80.156, -46.0406
4762.203086, 81.118, -49.1209
4796.711973, 82.111, -52.2507
4831.470925, 83.115, -55.6071
4866.481755, 84.108, -59.3026
4901.746288, 85.075, -63.3914
4937.266362, 86.004, -67.8904
4973.043830, 86.883, -72.8005
5009.080555, 87.703, -78.1166
5045.378418, 88.452, -83.8251
5081.939310, 89.119, -89.8973
5118.765137, 89.692, -96.2865
5155.857819, 90.163, -102.9289
5193.219290, 90.526, -109.7460
5230.851498, 90.773, -116.6476
5268.756404, 90.905, -123.5339
5306.935985, 90.921, -130.3046
5345.392231, 90.827, -136.8636
5384.127146, 90.629, -143.1259
5423.142751, 90.338, -149.0220
5462.441079, 89.963, -154.5009
5502.024179, 89.515, -159.5276
5541.894114, 89.004, -164.0785
5582.052963, 88.441, -168.1370
5622.502820, 87.834, -171.6956
5663.245793, 87.195, -174.7603
5704.284007, 86.533, -177.3479
5745.619600, 85.857, -179.4824
5787.254728, 85.174, 178.8071
5829.191562, 84.490, 177.4834
5871.432287, 83.808, 176.5076
5913.979105, 83.127, 175.8538
5956.834236, 82.444, 175.5256
5999.999912, 81.754, 175.5671
6043.478385, 81.057, 176.0620
6087.271921, 80.355, 177.1127
6131.382802, 79.664, 178.8055
6175.813330, 79.004, -178.8289
6220.565819, 78.403, -175.8455
6265.642603, 77.884, -172.3870
6311.046032, 77.465, -168.6592
6356.778473, 77.154, -164.8940
6402.842310, 76.945, -161.3174
6449.239945, 76.819, -158.1031
6495.973796, 76.746, -155.3162
6543.046300, 76.700, -152.8999
6590.459911, 76.660, -150.7090
6638.217100, 76.621, -148.5673
6686.320358, 76.593, -146.3429
6734.772191, 76.590, -144.0015
6783.575127, 76.626, -141.6006
6832.731709, 76.708, -139.2427
6882.244499, 76.833, -137.0255
6932.116080, 76.990, -135.0031
6982.349051, 77.171, -133.1659
7032.946030, 77.371, -131.4558
7083.909656, 77.594, -129.8074
7135.242586, 77.852, -128.1919
7186.947495, 78.156, -126.6512
7239.027079, 78.515, -125.2920
7291.484053, 78.926, -124.2449
7344.321152, 79.379, -123.6187
7397.541131, 79.861, -123.4792
7451.146763, 80.354, -123.8497
7505.140844, 80.845, -124.7212
7559.526189, 81.320, -126.0637
7614.305632, 81.769, -127.8329
7669.482029, 82.184, -129.9738
7725.058258, 82.557, -132.4258
7781.037214, 82.886, -135.1310
7837.421817, 83.167, -138.0378
7894.215007, 83.399, -141.1003
7951.419743, 83.579, -144.2744
8009.039008, 83.707, -147.5149
8067.075806, 83.782, -150.7717
8125.533163, 83.805, -153.9915
8184.414126, 83.780, -157.1216
8243.721764, 83.713, -160.1150
8303.459170, 83.613, -162.9353
8363.629458, 83.490, -165.5647
8424.235765, 83.355, -168.0059
8485.281250, 83.215, -170.2789
8546.769096, 83.076, -172.4111
8608.702508, 82.942, -174.4290
8671.084715, 82.814, -176.3488
8733.918969, 82.690, -178.1755
8797.208547, 82.573, -179.9062
8860.956746, 82.466, 178.4600
8925.166891, 82.370, 176.9158
8989.842330, 82.290, 175.4470
9054.986433, 82.228, 174.0349
9120.602598, 82.185, 172.6558
9186.694244, 82.164, 171.2832
9253.264817, 82.166, 169.8912
9320.317788, 82.192, 168.4601
9387.856653, 82.246, 166.9761
9455.884932, 82.334, 165.4211
9524.406173, 82.465, 163.7551
9593.423946, 82.646, 161.9023
9662.941850, 82.880, 159.7548
9732.963510, 83.161, 157.1895
9803.492576, 83.475, 154.0981
9874.532725, 83.800, 150.4106
9946.087659, 84.116, 146.1003
10018.161110, 84.406, 141.1736
10090.756835, 84.651, 135.6516
10163.878619, 84.835, 129.5658
10237.530273, 84.937, 122.9729
10311.715638, 84.939, 115.9685
10386.438580, 84.829, 108.6825
10461.702996, 84.602, 101.2583
10537.512808, 84.260, 93.8337
10613.871970, 83.812, 86.5255
10690.784461, 83.272, 79.4229
10768.254293, 82.657, 72.5839
10846.285502, 81.985, 66.0319
10924.882158, 81.278, 59.7524
11004.048358, 80.558, 53.6913
11083.788228, 79.844, 47.7585
11164.105927, 79.153, 41.8401
11245.005640, 78.496, 35.8131
11326.491587, 77.881, 29.5570
11408.568014, 77.312, 22.9562
11491.239200, 76.797, 15.8964
11574.509457, 76.342, 8.2607
11658.383123, 75.952, -0.0715
11742.864573, 75.631, -9.2174
11827.958211, 75.371, -19.2687
11913.668472, 75.155, -30.2639
11999.999825, 74.958, -42.1670
12086.956770, 74.756, -54.8627
12174.543841, 74.525, -68.1646
12262.765605, 74.250, -81.8326
12351.626659, 73.922, -95.5957
12441.131638, 73.543, -109.1843
12531.285206, 73.123, -122.3669
12622.092064, 72.685, -134.9767
12713.556946, 72.253, -146.9185
12805.684621, 71.852, -158.1600
12898.479890, 71.511, -168.7217
12991.947593, 71.258, -178.6721
13086.092601, 71.123, 171.8619
13180.919822, 71.126, 162.6934
13276.434201, 71.268, 153.5902
13372.640716, 71.522, 144.3184
13469.544383, 71.842, 134.6890
13567.150254, 72.176, 124.5922
13665.463417, 72.476, 114.0082
13764.488998, 72.712, 102.9897
13864.232160, 72.869, 91.6257
13964.698101, 72.947, 80.0076
14065.892060, 72.957, 68.2075
14167.819312, 72.916, 56.2676
14270.485171, 72.846, 44.1940
14373.894990, 72.771, 31.9542
14478.054158, 72.714, 19.4783
14582.968107, 72.690, 6.6720
14688.642305, 72.707, -6.5638
14795.082262, 72.766, -20.3140
14902.293527, 72.861, -34.6409
15010.281689, 72.987, -49.5796
15119.052378, 73.135, -65.1395
15228.611264, 73.295, -81.3027
15338.964058, 73.452, -98.0220
15450.116515, 73.592, -115.2131
15562.074428, 73.699, -132.7584
15674.843635, 73.762, -150.5197
15788.430013, 73.774, -168.3551
15902.839485, 73.733, 173.8669
16018.078016, 73.634, 156.2614
16134.151612, 73.481, 138.9231
16251.066326, 73.278, 121.9220
16368.828251, 73.036, 105.2955
16487.443528, 72.769, 89.0405
16606.918341, 72.496, 73.1110
16727.258917, 72.229, 57.4260
16848.471530, 71.969, 41.8883
16970.562500, 71.707, 26.4043
17093.538192, 71.419, 10.9124
17217.405016, 71.072, -4.5967
17342.169430, 70.628, -20.0553
17467.837939, 70.050, -35.2960
17594.417093, 69.304, -50.0375
17721.913492, 68.378, -63.8967
17850.333783, 67.295, -76.4683
17979.684660, 66.142, -87.5105
18109.972866, 65.094, -97.2314
18241.205195, 64.384, -106.4641
18373.388487, 64.159, -116.4014
18506.529634, 64.350, -128.0027
18640.635577, 64.745, -141.6646
18775.713306, 65.146, -157.3364
18911.769865, 65.434, -174.7788
19048.812345, 65.554, 166.2593
19186.847892, 65.483, 145.9739
19325.883701, 65.216, 124.5400
19465.927021, 64.760, 102.2805
19606.985152, 64.141, 80.0176
19749.065449, 63.433, 59.5630
19892.175318, 62.777, 43.6880
20036.322221, 62.370, 35.0317
