* Measurement data measured by REW V5.40 beta 55
* Source: Headset (USB-C to 3.5mm Headphone Jack Adapter), MICROPHONE (Master Volume), L, volume: 0.250
* Format: 256k Log Swept Sine, 1 sweep at -6.0 dBFS with no timing reference
* Dated: Jan 16, 2025 11:01:22 PM
* REW Settings:
*  C-weighting compensation: Off
*  Target level: 75.0 dB
* Note: ; 
* Measurement: Right 15
* Smoothing: 1/12 octave
* Frequency Step: 96 ppo
* Start Frequency: 20.0 Hz
*
* Freq(Hz), SPL(dB), Phase(degrees)
19.995176, 69.116, -2.5044
20.140070, 69.218, -3.0574
20.286013, 69.323, -3.5870
20.433014, 69.433, -4.1010
20.581080, 69.547, -4.6072
20.730219, 69.664, -5.1121
20.880438, 69.785, -5.6211
21.031747, 69.909, -6.1376
21.184151, 70.035, -6.6632
21.337660, 70.162, -7.1980
21.492282, 70.290, -7.7409
21.648024, 70.420, -8.2907
21.804894, 70.551, -8.8465
21.962902, 70.684, -9.4084
22.122054, 70.819, -9.9778
22.282359, 70.956, -10.5576
22.443827, 71.095, -11.1514
22.606464, 71.235, -11.7632
22.770280, 71.376, -12.3959
22.935282, 71.517, -13.0506
23.101481, 71.656, -13.7257
23.268884, 71.792, -14.4162
23.437500, 71.923, -15.1139
23.607337, 72.051, -15.8081
23.778406, 72.174, -16.4870
23.950714, 72.293, -17.1392
24.124271, 72.412, -17.7564
24.299085, 72.531, -18.3348
24.475166, 72.654, -18.8770
24.652524, 72.783, -19.3926
24.831166, 72.919, -19.8973
25.011103, 73.063, -20.4112
25.192344, 73.214, -20.9554
25.374898, 73.369, -21.5486
25.558775, 73.524, -22.2032
25.743984, 73.676, -22.9228
25.930536, 73.819, -23.7012
26.118439, 73.950, -24.5219
26.307704, 74.066, -25.3607
26.498340, 74.167, -26.1879
26.690358, 74.253, -26.9726
26.883768, 74.327, -27.6864
27.078578, 74.392, -28.3077
27.274801, 74.455, -28.8254
27.472445, 74.522, -29.2410
27.671522, 74.596, -29.5693
27.872041, 74.682, -29.8360
28.074014, 74.782, -30.0741
28.277450, 74.896, -30.3185
28.482360, 75.021, -30.6000
28.688755, 75.153, -30.9414
28.896645, 75.288, -31.3544
29.106042, 75.422, -31.8401
29.316956, 75.551, -32.3902
29.529399, 75.673, -32.9900
29.743381, 75.787, -33.6217
29.958914, 75.893, -34.2675
30.176009, 75.992, -34.9120
30.394677, 76.085, -35.5436
30.614929, 76.175, -36.1555
30.836777, 76.264, -36.7456
31.060233, 76.352, -37.3153
31.285309, 76.441, -37.8691
31.512015, 76.533, -38.4130
31.740364, 76.627, -38.9534
31.970368, 76.725, -39.4963
32.202038, 76.824, -40.0467
32.435387, 76.926, -40.6081
32.670428, 77.029, -41.1829
32.907171, 77.134, -41.7723
33.145630, 77.239, -42.3767
33.385817, 77.344, -42.9957
33.627744, 77.450, -43.6285
33.871425, 77.555, -44.2737
34.116871, 77.658, -44.9294
34.364096, 77.761, -45.5927
34.613112, 77.862, -46.2600
34.863933, 77.960, -46.9274
35.116572, 78.058, -47.5911
35.371041, 78.153, -48.2478
35.627354, 78.248, -48.8953
35.885524, 78.341, -49.5326
36.145566, 78.435, -50.1594
36.407491, 78.528, -50.7761
36.671315, 78.621, -51.3829
36.937051, 78.714, -51.9804
37.204712, 78.808, -52.5695
37.474312, 78.903, -53.1520
37.745867, 78.999, -53.7320
38.019389, 79.097, -54.3147
38.294893, 79.197, -54.9062
38.572393, 79.296, -55.5112
38.851905, 79.395, -56.1315
39.133442, 79.492, -56.7648
39.417019, 79.587, -57.4051
39.702651, 79.678, -58.0452
39.990353, 79.769, -58.6791
40.280139, 79.858, -59.3049
40.572026, 79.948, -59.9255
40.866027, 80.040, -60.5475
41.162159, 80.131, -61.1780
41.460437, 80.223, -61.8215
41.760877, 80.312, -62.4773
42.063493, 80.400, -63.1404
42.368303, 80.484, -63.8031
42.675321, 80.566, -64.4589
42.984564, 80.647, -65.1047
43.296048, 80.727, -65.7412
43.609789, 80.808, -66.3723
43.925803, 80.890, -67.0020
44.244108, 80.972, -67.6339
44.564719, 81.055, -68.2699
44.887653, 81.137, -68.9120
45.212928, 81.220, -69.5629
45.540559, 81.303, -70.2256
45.870565, 81.384, -70.9024
46.202962, 81.464, -71.5930
46.537767, 81.542, -72.2929
46.874999, 81.616, -72.9950
47.214675, 81.688, -73.6910
47.556812, 81.757, -74.3747
47.901428, 81.827, -75.0439
48.248542, 81.897, -75.7008
48.598170, 81.968, -76.3512
48.950333, 82.041, -77.0019
49.305047, 82.114, -77.6591
49.662332, 82.187, -78.3251
50.022206, 82.258, -78.9982
50.384687, 82.327, -79.6720
50.749795, 82.392, -80.3381
51.117549, 82.456, -80.9897
51.487968, 82.520, -81.6251
51.861071, 82.584, -82.2494
52.236878, 82.651, -82.8730
52.615408, 82.719, -83.5074
52.996681, 82.787, -84.1603
53.380716, 82.854, -84.8328
53.767535, 82.919, -85.5204
54.157157, 82.981, -86.2158
54.549602, 83.042, -86.9140
54.944891, 83.104, -87.6142
55.343044, 83.166, -88.3193
55.744083, 83.229, -89.0333
56.148027, 83.293, -89.7577
56.554899, 83.358, -90.4905
56.964719, 83.424, -91.2296
57.377509, 83.492, -91.9764
57.793290, 83.561, -92.7384
58.212084, 83.629, -93.5240
58.633913, 83.694, -94.3323
59.058798, 83.751, -95.1456
59.486763, 83.798, -95.9309
59.917828, 83.839, -96.6538
60.352018, 83.878, -97.2964
60.789353, 83.921, -97.8679
61.229858, 83.971, -98.3996
61.673555, 84.027, -98.9272
62.120467, 84.086, -99.4743
62.570617, 84.144, -100.0467
63.024030, 84.200, -100.6391
63.480728, 84.252, -101.2453
63.940735, 84.301, -101.8624
64.404076, 84.347, -102.4899
64.870775, 84.391, -103.1273
65.340855, 84.432, -103.7738
65.814342, 84.472, -104.4294
66.291260, 84.511, -105.0947
66.771634, 84.550, -105.7695
67.255488, 84.588, -106.4517
67.742849, 84.625, -107.1371
68.233742, 84.662, -107.8220
68.728192, 84.700, -108.5037
69.226225, 84.738, -109.1810
69.727866, 84.776, -109.8532
70.233143, 84.815, -110.5204
70.742082, 84.854, -111.1840
71.254708, 84.892, -111.8459
71.771049, 84.929, -112.5076
72.291131, 84.965, -113.1685
72.814983, 84.998, -113.8267
73.342630, 85.030, -114.4808
73.874101, 85.060, -115.1311
74.409423, 85.089, -115.7795
74.948625, 85.117, -116.4281
75.491733, 85.144, -117.0782
76.038777, 85.171, -117.7303
76.589786, 85.197, -118.3841
77.144787, 85.223, -119.0386
77.703810, 85.248, -119.6915
78.266884, 85.272, -120.3395
78.834038, 85.296, -120.9801
79.405302, 85.319, -121.6124
79.980705, 85.342, -122.2375
80.560278, 85.365, -122.8567
81.144051, 85.388, -123.4714
81.732055, 85.409, -124.0829
82.324319, 85.429, -124.6918
82.920875, 85.449, -125.2987
83.521754, 85.466, -125.9038
84.126987, 85.483, -126.5080
84.736605, 85.500, -127.1124
85.350642, 85.515, -127.7176
85.969128, 85.531, -128.3238
86.592096, 85.546, -128.9309
87.219578, 85.562, -129.5393
87.851607, 85.578, -130.1492
88.488216, 85.595, -130.7607
89.129438, 85.611, -131.3731
89.775306, 85.626, -131.9848
90.425855, 85.641, -132.5926
91.081118, 85.654, -133.1930
91.741129, 85.665, -133.7841
92.405924, 85.676, -134.3667
93.075535, 85.686, -134.9434
93.749999, 85.695, -135.5168
94.429350, 85.702, -136.0880
95.113624, 85.708, -136.6570
95.802856, 85.714, -137.2239
96.497083, 85.719, -137.7890
97.196341, 85.724, -138.3527
97.900666, 85.730, -138.9151
98.610094, 85.737, -139.4758
99.324664, 85.744, -140.0327
100.044411, 85.752, -140.5846
100.769374, 85.761, -141.1327
101.499591, 85.769, -141.6806
102.235098, 85.776, -142.2328
102.975936, 85.781, -142.7922
103.722142, 85.782, -143.3574
104.473756, 85.779, -143.9224
105.230815, 85.772, -144.4812
105.993361, 85.763, -145.0331
106.761433, 85.753, -145.5816
107.535070, 85.743, -146.1300
108.314314, 85.733, -146.6780
109.099204, 85.725, -147.2228
109.889782, 85.718, -147.7613
110.686088, 85.711, -148.2914
111.488165, 85.705, -148.8120
112.296055, 85.698, -149.3230
113.109798, 85.689, -149.8264
113.929438, 85.679, -150.3265
114.755018, 85.666, -150.8293
115.586580, 85.651, -151.3406
116.424168, 85.633, -151.8633
117.267826, 85.613, -152.3941
118.117597, 85.592, -152.9226
118.973525, 85.571, -153.4349
119.835657, 85.554, -153.9216
120.704035, 85.542, -154.3853
121.578706, 85.536, -154.8382
122.459716, 85.532, -155.2886
123.347109, 85.528, -155.7359
124.240933, 85.522, -156.1763
125.141234, 85.512, -156.6089
126.048059, 85.499, -157.0362
126.961456, 85.483, -157.4632
127.881471, 85.465, -157.8946
128.808153, 85.446, -158.3339
129.741550, 85.427, -158.7822
130.681710, 85.408, -159.2370
131.628684, 85.390, -159.6926
132.582520, 85.373, -160.1427
133.543267, 85.356, -160.5824
134.510977, 85.340, -161.0103
135.485699, 85.324, -161.4273
136.467484, 85.307, -161.8336
137.456384, 85.289, -162.2304
138.452449, 85.270, -162.6199
139.455733, 85.249, -163.0046
140.466286, 85.229, -163.3860
141.484163, 85.207, -163.7653
142.509416, 85.186, -164.1434
143.542098, 85.164, -164.5209
144.582263, 85.142, -164.8984
145.629965, 85.120, -165.2776
146.685260, 85.098, -165.6609
147.748202, 85.076, -166.0497
148.818846, 85.052, -166.4420
149.897249, 85.027, -166.8322
150.983466, 85.000, -167.2146
152.077555, 84.973, -167.5865
153.179572, 84.945, -167.9468
154.289574, 84.917, -168.2918
155.407620, 84.888, -168.6180
156.533767, 84.860, -168.9267
157.668076, 84.833, -169.2232
158.810603, 84.807, -169.5143
159.961411, 84.780, -169.8050
161.120557, 84.754, -170.0970
162.288103, 84.727, -170.3891
163.464109, 84.700, -170.6801
164.648638, 84.672, -170.9691
165.841750, 84.645, -171.2560
167.043507, 84.619, -171.5416
168.253973, 84.594, -171.8271
169.473211, 84.569, -172.1135
170.701284, 84.544, -172.4006
171.938256, 84.519, -172.6863
173.184191, 84.493, -172.9676
174.439155, 84.468, -173.2435
175.703213, 84.442, -173.5150
176.976431, 84.417, -173.7837
178.258875, 84.392, -174.0501
179.550613, 84.366, -174.3141
180.851710, 84.340, -174.5753
182.162236, 84.312, -174.8335
183.482259, 84.284, -175.0900
184.811847, 84.256, -175.3478
186.151070, 84.226, -175.6093
187.499997, 84.197, -175.8750
188.858700, 84.168, -176.1433
190.227248, 84.138, -176.4117
191.605713, 84.107, -176.6781
192.994167, 84.075, -176.9403
194.392682, 84.042, -177.1959
195.801331, 84.007, -177.4423
197.220189, 83.970, -177.6780
198.649327, 83.932, -177.9019
200.088822, 83.893, -178.1123
201.538748, 83.854, -178.3065
202.999181, 83.815, -178.4821
204.470197, 83.778, -178.6385
205.951872, 83.742, -178.7766
207.444284, 83.709, -178.8985
208.947511, 83.679, -179.0084
210.461631, 83.652, -179.1127
211.986723, 83.627, -179.2178
213.522866, 83.604, -179.3289
215.070141, 83.583, -179.4498
216.628627, 83.564, -179.5829
218.198408, 83.545, -179.7288
219.779563, 83.527, -179.8859
221.372177, 83.508, 179.9485
222.976331, 83.489, 179.7776
224.592109, 83.469, 179.6033
226.219596, 83.448, 179.4265
227.858877, 83.426, 179.2467
229.510036, 83.403, 179.0621
231.173160, 83.381, 178.8693
232.848336, 83.359, 178.6647
234.535651, 83.338, 178.4482
236.235193, 83.317, 178.2261
237.947051, 83.295, 178.0110
239.671313, 83.270, 177.8172
241.408071, 83.241, 177.6548
243.157413, 83.209, 177.5212
244.919432, 83.176, 177.4032
246.694219, 83.141, 177.2877
248.481867, 83.107, 177.1682
250.282469, 83.072, 177.0433
252.096119, 83.038, 176.9135
253.922911, 83.004, 176.7806
255.762941, 82.972, 176.6484
257.616305, 82.941, 176.5223
259.483099, 82.912, 176.4070
261.363421, 82.884, 176.3035
263.257368, 82.856, 176.2072
265.165039, 82.827, 176.1116
267.086534, 82.798, 176.0117
269.021953, 82.768, 175.9061
270.971397, 82.738, 175.7971
272.934968, 82.708, 175.6894
274.912767, 82.680, 175.5881
276.904898, 82.654, 175.4954
278.911465, 82.628, 175.4088
280.932573, 82.602, 175.3226
282.968326, 82.577, 175.2314
285.018831, 82.550, 175.1325
287.084195, 82.524, 175.0260
289.164526, 82.496, 174.9130
291.259931, 82.468, 174.7950
293.370520, 82.440, 174.6749
295.496404, 82.411, 174.5570
297.637693, 82.382, 174.4460
299.794498, 82.353, 174.3461
301.966933, 82.323, 174.2594
304.155110, 82.294, 174.1841
306.359143, 82.264, 174.1153
308.579148, 82.233, 174.0479
310.815239, 82.202, 173.9777
313.067535, 82.170, 173.9014
315.336151, 82.138, 173.8182
317.621207, 82.105, 173.7299
319.922821, 82.073, 173.6409
322.241114, 82.040, 173.5558
324.576206, 82.008, 173.4768
326.928219, 81.976, 173.4040
329.297275, 81.945, 173.3365
331.683499, 81.913, 173.2744
334.087014, 81.881, 173.2198
336.507947, 81.849, 173.1764
338.946422, 81.818, 173.1453
341.402567, 81.787, 173.1231
343.876511, 81.756, 173.1050
346.368382, 81.724, 173.0880
348.878310, 81.692, 173.0707
351.406426, 81.659, 173.0529
353.952862, 81.625, 173.0349
356.517750, 81.590, 173.0165
359.101225, 81.555, 172.9976
361.703421, 81.519, 172.9784
364.324473, 81.484, 172.9601
366.964518, 81.449, 172.9443
369.623694, 81.415, 172.9318
372.302140, 81.382, 172.9232
374.999995, 81.348, 172.9190
377.717399, 81.314, 172.9200
380.454495, 81.279, 172.9278
383.211425, 81.243, 172.9438
385.988333, 81.204, 172.9700
388.785364, 81.165, 173.0074
391.602663, 81.124, 173.0568
394.440377, 81.084, 173.1183
397.298655, 81.045, 173.1913
400.177644, 81.009, 173.2758
403.077497, 80.974, 173.3717
405.998362, 80.941, 173.4779
408.940394, 80.911, 173.5928
411.903744, 80.881, 173.7139
414.888569, 80.853, 173.8375
417.895022, 80.827, 173.9614
420.923262, 80.802, 174.0852
423.973445, 80.778, 174.2098
427.045732, 80.755, 174.3356
430.140281, 80.732, 174.4615
433.257255, 80.710, 174.5861
436.396816, 80.688, 174.7072
439.559127, 80.666, 174.8226
442.744354, 80.645, 174.9311
445.952662, 80.626, 175.0337
449.184218, 80.607, 175.1323
452.439192, 80.590, 175.2288
455.717753, 80.573, 175.3228
459.020072, 80.556, 175.4135
462.346321, 80.539, 175.5021
465.696673, 80.522, 175.5901
469.071303, 80.505, 175.6780
472.470387, 80.488, 175.7667
475.894102, 80.471, 175.8573
479.342627, 80.454, 175.9496
482.816141, 80.436, 176.0421
486.314826, 80.419, 176.1329
489.838864, 80.401, 176.2201
493.388438, 80.382, 176.3024
496.963734, 80.363, 176.3804
500.564938, 80.344, 176.4581
504.192238, 80.324, 176.5409
507.845823, 80.305, 176.6312
511.525883, 80.286, 176.7275
515.232610, 80.267, 176.8267
518.966198, 80.248, 176.9255
522.726841, 80.229, 177.0223
526.514735, 80.210, 177.1177
530.330078, 80.192, 177.2142
534.173068, 80.174, 177.3151
538.043907, 80.156, 177.4229
541.942795, 80.137, 177.5370
545.869936, 80.118, 177.6552
549.825534, 80.099, 177.7746
553.809797, 80.079, 177.8943
557.822931, 80.059, 178.0152
561.865146, 80.040, 178.1380
565.936652, 80.020, 178.2624
570.037662, 80.002, 178.3884
574.168390, 79.984, 178.5159
578.329051, 79.967, 178.6447
582.519862, 79.951, 178.7760
586.741041, 79.936, 178.9111
590.992808, 79.922, 179.0494
595.275386, 79.908, 179.1889
599.588997, 79.894, 179.3283
603.933866, 79.880, 179.4673
608.310219, 79.865, 179.6067
612.718286, 79.849, 179.7479
617.158295, 79.834, 179.8925
621.630479, 79.819, -179.9594
626.135069, 79.804, -179.8097
630.672302, 79.790, -179.6599
635.242414, 79.775, -179.5099
639.845642, 79.759, -179.3582
644.482227, 79.744, -179.2044
649.152411, 79.730, -179.0496
653.856437, 79.716, -178.8946
658.594551, 79.702, -178.7385
663.366998, 79.690, -178.5790
668.174029, 79.677, -178.4151
673.015893, 79.665, -178.2477
677.892844, 79.652, -178.0791
682.805135, 79.641, -177.9108
687.753022, 79.630, -177.7429
692.736764, 79.619, -177.5756
697.756620, 79.609, -177.4104
702.812853, 79.600, -177.2483
707.905724, 79.591, -177.0881
713.035501, 79.582, -176.9274
718.202450, 79.572, -176.7642
723.406841, 79.563, -176.5965
728.648945, 79.554, -176.4232
733.929036, 79.544, -176.2441
739.247388, 79.535, -176.0610
744.604279, 79.525, -175.8779
749.999989, 79.515, -175.6983
755.434798, 79.507, -175.5222
760.908990, 79.498, -175.3477
766.422850, 79.490, -175.1720
771.976666, 79.482, -174.9931
777.570727, 79.474, -174.8098
783.205325, 79.466, -174.6214
788.880754, 79.458, -174.4285
794.597309, 79.450, -174.2323
800.355289, 79.442, -174.0334
806.154993, 79.433, -173.8322
811.996725, 79.426, -173.6285
817.880788, 79.419, -173.4223
823.807489, 79.412, -173.2141
829.777138, 79.406, -173.0050
835.790045, 79.400, -172.7963
841.846524, 79.395, -172.5879
847.946891, 79.390, -172.3781
854.091464, 79.385, -172.1659
860.280562, 79.381, -171.9508
866.514510, 79.377, -171.7328
872.793631, 79.375, -171.5130
879.118254, 79.372, -171.2922
885.488707, 79.371, -171.0706
891.905323, 79.370, -170.8482
898.368437, 79.369, -170.6244
904.878385, 79.369, -170.3992
911.435507, 79.369, -170.1742
918.040144, 79.370, -169.9516
924.692641, 79.370, -169.7327
931.393345, 79.370, -169.5161
938.142606, 79.369, -169.2989
944.940774, 79.369, -169.0785
951.788204, 79.370, -168.8549
958.685254, 79.372, -168.6303
965.632282, 79.374, -168.4064
972.629652, 79.377, -168.1842
979.677727, 79.380, -167.9627
986.776876, 79.382, -167.7403
993.927468, 79.383, -167.5157
1001.129876, 79.385, -167.2882
1008.384476, 79.387, -167.0581
1015.691645, 79.389, -166.8257
1023.051766, 79.392, -166.5918
1030.465221, 79.394, -166.3572
1037.932396, 79.398, -166.1217
1045.453682, 79.401, -165.8840
1053.029471, 79.404, -165.6424
1060.660156, 79.409, -165.3966
1068.346137, 79.413, -165.1470
1076.087813, 79.418, -164.8943
1083.885589, 79.424, -164.6381
1091.739871, 79.430, -164.3755
1099.651068, 79.436, -164.1036
1107.619593, 79.443, -163.8210
1115.645861, 79.451, -163.5288
1123.730291, 79.461, -163.2294
1131.873304, 79.473, -162.9256
1140.075325, 79.486, -162.6207
1148.336780, 79.501, -162.3181
1156.658102, 79.516, -162.0201
1165.039724, 79.533, -161.7277
1173.482082, 79.551, -161.4418
1181.985617, 79.569, -161.1633
1190.550772, 79.588, -160.8918
1199.177993, 79.606, -160.6247
1207.867731, 79.624, -160.3581
1216.620439, 79.642, -160.0883
1225.436572, 79.660, -159.8128
1234.316591, 79.678, -159.5300
1243.260957, 79.696, -159.2385
1252.270139, 79.715, -158.9371
1261.344604, 79.735, -158.6247
1270.484827, 79.758, -158.3013
1279.691284, 79.783, -157.9684
1288.964455, 79.810, -157.6294
1298.304823, 79.841, -157.2896
1307.712874, 79.876, -156.9560
1317.189101, 79.915, -156.6348
1326.733996, 79.957, -156.3297
1336.348058, 80.002, -156.0451
1346.031787, 80.049, -155.7883
1355.785688, 80.097, -155.5639
1365.610270, 80.144, -155.3699
1375.506045, 80.190, -155.1989
1385.473529, 80.234, -155.0425
1395.513241, 80.274, -154.8929
1405.625705, 80.313, -154.7451
1415.811448, 80.349, -154.5954
1426.071002, 80.383, -154.4407
1436.404900, 80.417, -154.2793
1446.813682, 80.451, -154.1119
1457.297890, 80.485, -153.9411
1467.858072, 80.521, -153.7703
1478.494776, 80.558, -153.6029
1489.208559, 80.597, -153.4417
1499.999978, 80.636, -153.2891
1510.869596, 80.676, -153.1491
1521.817980, 80.716, -153.0272
1532.845701, 80.753, -152.9251
1543.953332, 80.786, -152.8374
1555.141455, 80.814, -152.7510
1566.410651, 80.837, -152.6474
1577.761508, 80.855, -152.5070
1589.194618, 80.873, -152.3151
1600.710578, 80.894, -152.0664
1612.309986, 80.922, -151.7650
1623.993449, 80.963, -151.4227
1635.761575, 81.020, -151.0551
1647.614978, 81.096, -150.6802
1659.554275, 81.190, -150.3168
1671.580089, 81.298, -149.9805
1683.693048, 81.415, -149.6797
1695.893782, 81.533, -149.4158
1708.182927, 81.646, -149.1855
1720.561125, 81.749, -148.9819
1733.029020, 81.838, -148.7961
1745.587263, 81.912, -148.6187
1758.236508, 81.974, -148.4436
1770.977414, 82.025, -148.2698
1783.810646, 82.068, -148.1013
1796.736874, 82.107, -147.9432
1809.756770, 82.145, -147.7993
1822.871013, 82.184, -147.6714
1836.080288, 82.223, -147.5596
1849.385283, 82.265, -147.4637
1862.786691, 82.306, -147.3824
1876.285211, 82.348, -147.3127
1889.881547, 82.390, -147.2516
1903.576408, 82.430, -147.1971
1917.370507, 82.470, -147.1487
1931.264564, 82.509, -147.1086
1945.259304, 82.548, -147.0803
1959.355454, 82.588, -147.0685
1973.553752, 82.628, -147.0773
1987.854936, 82.668, -147.1101
2002.259752, 82.708, -147.1680
2016.768952, 82.747, -147.2476
2031.383291, 82.783, -147.3407
2046.103531, 82.818, -147.4396
2060.930441, 82.852, -147.5423
2075.864793, 82.886, -147.6549
2090.907365, 82.922, -147.7876
2106.058941, 82.958, -147.9495
2121.320313, 82.993, -148.1434
2136.692274, 83.026, -148.3648
2152.175627, 83.058, -148.6055
2167.771179, 83.088, -148.8611
2183.479742, 83.119, -149.1365
2199.302137, 83.152, -149.4426
2215.239187, 83.185, -149.7903
2231.291723, 83.217, -150.1859
2247.460582, 83.248, -150.6290
2263.746608, 83.277, -151.1148
2280.150649, 83.305, -151.6420
2296.673561, 83.333, -152.2156
2313.316204, 83.359, -152.8391
2330.079447, 83.382, -153.5044
2346.964163, 83.403, -154.1919
2363.971233, 83.421, -154.8795
2381.101543, 83.439, -155.5547
2398.355986, 83.460, -156.2198
2415.735463, 83.485, -156.8853
2433.240878, 83.512, -157.5612
2450.873144, 83.541, -158.2569
2468.633181, 83.570, -158.9836
2486.521915, 83.598, -159.7529
2504.540278, 83.621, -160.5686
2522.689209, 83.638, -161.4204
2540.969655, 83.649, -162.2915
2559.382568, 83.656, -163.1679
2577.928909, 83.662, -164.0473
2596.609645, 83.671, -164.9400
2615.425749, 83.682, -165.8624
2634.378202, 83.696, -166.8320
2653.467992, 83.708, -167.8585
2672.696115, 83.714, -168.9297
2692.063573, 83.710, -170.0094
2711.571376, 83.697, -171.0540
2731.220539, 83.679, -172.0324
2751.012089, 83.660, -172.9370
2770.947057, 83.644, -173.7843
2791.026482, 83.628, -174.5973
2811.251410, 83.611, -175.3857
2831.622897, 83.588, -176.1450
2852.142003, 83.558, -176.8652
2872.809800, 83.519, -177.5342
2893.627364, 83.475, -178.1426
2914.595781, 83.426, -178.6927
2935.716143, 83.377, -179.2080
2956.989553, 83.327, -179.7302
2978.417118, 83.273, 179.6989
2999.999956, 83.207, 179.0587
3021.739192, 83.121, 178.3670
3043.635960, 83.012, 177.6721
3065.691401, 82.880, 177.0237
3087.906665, 82.732, 176.4511
3110.282909, 82.572, 175.9594
3132.821301, 82.406, 175.5349
3155.523016, 82.236, 175.1575
3178.389237, 82.063, 174.8124
3201.421155, 81.883, 174.4978
3224.619973, 81.697, 174.2335
3247.986898, 81.504, 174.0491
3271.523150, 81.309, 173.9616
3295.229956, 81.119, 173.9633
3319.108550, 80.935, 174.0279
3343.160179, 80.760, 174.1298
3367.386096, 80.592, 174.2558
3391.787563, 80.431, 174.3957
3416.365854, 80.276, 174.5366
3441.122250, 80.125, 174.6783
3466.058040, 79.977, 174.8361
3491.174525, 79.835, 175.0153
3516.473015, 79.703, 175.1936
3541.954828, 79.581, 175.3326
3567.621293, 79.466, 175.4037
3593.473747, 79.356, 175.3986
3619.513539, 79.246, 175.3204
3645.742027, 79.136, 175.1751
3672.160576, 79.028, 174.9622
3698.770566, 78.923, 174.6623
3725.573382, 78.821, 174.2376
3752.570422, 78.719, 173.6564
3779.763094, 78.609, 172.9196
3807.152816, 78.491, 172.0582
3834.741015, 78.368, 171.1005
3862.529129, 78.249, 170.0393
3890.518607, 78.142, 168.8227
3918.710909, 78.052, 167.3691
3947.107503, 77.977, 165.5946
3975.709871, 77.911, 163.4313
4004.519504, 77.849, 160.8238
4033.537903, 77.786, 157.7103
4062.766581, 77.715, 154.0120
4092.207063, 77.626, 149.6411
4121.860882, 77.505, 144.5114
4151.729585, 77.339, 138.5392
4181.814729, 77.111, 131.6365
4212.117883, 76.810, 123.7009
4242.640625, 76.427, 114.6001
4273.384548, 75.964, 104.1536
4304.351254, 75.441, 92.1235
4335.542358, 74.894, 78.2604
4366.959485, 74.381, 62.4949
4398.604273, 73.967, 45.3010
4430.478373, 73.711, 27.9056
4462.583446, 73.648, 11.8276
4494.921165, 73.778, -1.9304
4527.493217, 74.078, -13.1403
4560.301299, 74.513, -22.0486
4593.347122, 75.052, -29.0455
4626.632409, 75.675, -34.5037
4660.158894, 76.373, -38.7477
4693.928327, 77.146, -42.0792
4727.942466, 77.992, -44.8010
4762.203086, 78.899, -47.2123
4796.711973, 79.851, -49.5781
4831.470925, 80.826, -52.1005
4866.481755, 81.805, -54.9088
4901.746288, 82.772, -58.0743
4937.266362, 83.714, -61.6329
4973.043830, 84.619, -65.6012
5009.080555, 85.477, -69.9819
5045.378418, 86.276, -74.7676
5081.939310, 87.005, -79.9400
5118.765137, 87.651, -85.4655
5155.857819, 88.205, -91.2910
5193.219290, 88.655, -97.3416
5230.851498, 88.997, -103.5222
5268.756404, 89.228, -109.7267
5306.935985, 89.351, -115.8488
5345.392231, 89.371, -121.7914
5384.127146, 89.298, -127.4761
5423.142751, 89.143, -132.8453
5462.441079, 88.916, -137.8606
5502.024179, 88.626, -142.4987
5541.894114, 88.284, -146.7490
5582.052963, 87.899, -150.6140
5622.502820, 87.476, -154.1027
5663.245793, 87.024, -157.2247
5704.284007, 86.548, -159.9919
5745.619600, 86.053, -162.4237
5787.254728, 85.544, -164.5439
5829.191562, 85.022, -166.3693
5871.432287, 84.486, -167.9011
5913.979105, 83.935, -169.1217
5956.834236, 83.368, -169.9902
5999.999912, 82.786, -170.4464
6043.478385, 82.197, -170.4285
6087.271921, 81.612, -169.8907
6131.382802, 81.046, -168.8121
6175.813330, 80.519, -167.2098
6220.565819, 80.050, -165.1549
6265.642603, 79.658, -162.7736
6311.046032, 79.356, -160.2362
6356.778473, 79.145, -157.7406
6402.842310, 79.018, -155.4752
6449.239945, 78.954, -153.5735
6495.973796, 78.928, -152.0822
6543.046300, 78.914, -150.9524
6590.459911, 78.896, -150.0636
6638.217100, 78.869, -149.2857
6686.320358, 78.841, -148.5443
6734.772191, 78.819, -147.8374
6783.575127, 78.807, -147.2072
6832.731709, 78.801, -146.6998
6882.244499, 78.790, -146.3285
6932.116080, 78.763, -146.0490
6982.349051, 78.713, -145.7629
7032.946030, 78.639, -145.3416
7083.909656, 78.554, -144.6606
7135.242586, 78.480, -143.6470
7186.947495, 78.444, -142.3228
7239.027079, 78.468, -140.8130
7291.484053, 78.566, -139.3015
7344.321152, 78.735, -137.9679
7397.541131, 78.964, -136.9407
7451.146763, 79.236, -136.2844
7505.140844, 79.537, -136.0146
7559.526189, 79.856, -136.1230
7614.305632, 80.181, -136.5917
7669.482029, 80.504, -137.3959
7725.058258, 80.818, -138.5074
7781.037214, 81.119, -139.9004
7837.421817, 81.400, -141.5538
7894.215007, 81.656, -143.4485
7951.419743, 81.883, -145.5638
8009.039008, 82.075, -147.8727
8067.075806, 82.226, -150.3373
8125.533163, 82.332, -152.9096
8184.414126, 82.392, -155.5344
8243.721764, 82.407, -158.1532
8303.459170, 82.381, -160.7102
8363.629458, 82.321, -163.1616
8424.235765, 82.234, -165.4794
8485.281250, 82.128, -167.6514
8546.769096, 82.010, -169.6755
8608.702508, 81.885, -171.5492
8671.084715, 81.756, -173.2608
8733.918969, 81.630, -174.7933
8797.208547, 81.515, -176.1370
8860.956746, 81.422, -177.3079
8925.166891, 81.361, -178.3553
8989.842330, 81.336, -179.3523
9054.986433, 81.346, 179.6255
9120.602598, 81.388, 178.5160
9186.694244, 81.455, 177.2800
9253.264817, 81.541, 175.9000
9320.317788, 81.643, 174.3730
9387.856653, 81.761, 172.7032
9455.884932, 81.899, 170.8875
9524.406173, 82.063, 168.9001
9593.423946, 82.259, 166.6812
9662.941850, 82.485, 164.1398
9732.963510, 82.733, 161.1762
9803.492576, 82.985, 157.7120
9874.532725, 83.219, 153.7141
9946.087659, 83.416, 149.1994
10018.161110, 83.560, 144.2206
10090.756835, 83.640, 138.8404
10163.878619, 83.649, 133.1163
10237.530273, 83.576, 127.1120
10311.715638, 83.411, 120.9130
10386.438580, 83.146, 114.6287
10461.702996, 82.782, 108.3763
10537.512808, 82.322, 102.2653
10613.871970, 81.776, 96.3840
10690.784461, 81.158, 90.7946
10768.254293, 80.483, 85.5293
10846.285502, 79.768, 80.5880
10924.882158, 79.030, 75.9358
11004.048358, 78.285, 71.5030
11083.788228, 77.544, 67.1919
11164.105927, 76.817, 62.8884
11245.005640, 76.106, 58.4769
11326.491587, 75.409, 53.8492
11408.568014, 74.726, 48.9028
11491.239200, 74.058, 43.5231
11574.509457, 73.413, 37.5619
11658.383123, 72.803, 30.8224
11742.864573, 72.241, 23.0561
11827.958211, 71.736, 13.9745
11913.668472, 71.288, 3.2733
11999.999825, 70.895, -9.3391
12086.956770, 70.553, -24.0975
12174.543841, 70.259, -41.0660
12262.765605, 70.013, -59.9271
12351.626659, 69.814, -79.8156
12441.131638, 69.662, -99.4951
12531.285206, 69.559, -117.8733
12622.092064, 69.510, -134.3813
12713.556946, 69.527, -148.9456
12805.684621, 69.624, -161.7722
12898.479890, 69.818, -173.1748
12991.947593, 70.118, 176.5012
13086.092601, 70.525, 166.9086
13180.919822, 71.024, 157.7173
13276.434201, 71.585, 148.6350
13372.640716, 72.171, 139.4272
13469.544383, 72.742, 129.9348
13567.150254, 73.262, 120.0814
13665.463417, 73.706, 109.8655
13764.488998, 74.058, 99.3396
13864.232160, 74.315, 88.5796
13964.698101, 74.485, 77.6543
14065.892060, 74.577, 66.6111
14167.819312, 74.604, 55.4725
14270.485171, 74.578, 44.2390
14373.894990, 74.515, 32.8873
14478.054158, 74.429, 21.3679
14582.968107, 74.332, 9.6072
14688.642305, 74.232, -2.4850
14795.082262, 74.130, -15.0043
14902.293527, 74.027, -28.0475
15010.281689, 73.916, -41.7056
15119.052378, 73.788, -56.0621
15228.611264, 73.629, -71.1847
15338.964058, 73.426, -87.1202
15450.116515, 73.167, -103.8896
15562.074428, 72.846, -121.4872
15674.843635, 72.459, -139.8806
15788.430013, 72.008, -159.0024
15902.839485, 71.495, -178.7340
16018.078016, 70.928, 161.1101
16134.151612, 70.314, 140.7803
16251.066326, 69.666, 120.5635
16368.828251, 68.998, 100.7339
16487.443528, 68.327, 81.5128
16606.918341, 67.671, 63.0398
16727.258917, 67.050, 45.3558
16848.471530, 66.482, 28.4113
16970.562500, 65.977, 12.0925
17093.538192, 65.527, -3.7328
17217.405016, 65.103, -19.1774
17342.169430, 64.669, -34.3042
17467.837939, 64.189, -49.1124
17594.417093, 63.644, -63.5504
17721.913492, 63.038, -77.5519
17850.333783, 62.412, -91.1051
17979.684660, 61.839, -104.3262
18109.972866, 61.402, -117.4839
18241.205195, 61.156, -130.9436
18373.388487, 61.096, -145.0588
18506.529634, 61.166, -160.0884
18640.635577, 61.288, -176.1769
18775.713306, 61.383, 166.6249
18911.769865, 61.392, 148.3375
19048.812345, 61.265, 129.0278
19186.847892, 60.970, 108.7638
19325.883701, 60.485, 87.5687
19465.927021, 59.801, 65.4573
19606.985152, 58.943, 42.6718
19749.065449, 57.987, 20.3063
19892.175318, 57.100, 1.2836
20036.322221, 56.543, -9.8971
