* Measurement data measured by REW V5.40 beta 55
* Source: Headset (USB-C to 3.5mm Headphone Jack Adapter), MICROPHONE (Master Volume), L, volume: 0.250
* Format: 256k Log Swept Sine, 1 sweep at -6.0 dBFS with no timing reference
* Dated: Jan 16, 2025 10:59:03 PM
* REW Settings:
*  C-weighting compensation: Off
*  Target level: 75.0 dB
* Note: ; 
* Measurement: Right 8
* Smoothing: 1/12 octave
* Frequency Step: 96 ppo
* Start Frequency: 20.0 Hz
*
* Freq(Hz), SPL(dB), Phase(degrees)
19.995176, 70.545, 2.7631
20.140070, 70.684, 2.1591
20.286013, 70.823, 1.5350
20.433014, 70.960, 0.8914
20.581080, 71.096, 0.2294
20.730219, 71.230, -0.4487
20.880438, 71.361, -1.1400
21.031747, 71.489, -1.8417
21.184151, 71.614, -2.5512
21.337660, 71.737, -3.2661
21.492282, 71.857, -3.9844
21.648024, 71.974, -4.7043
21.804894, 72.089, -5.4240
21.962902, 72.200, -6.1416
22.122054, 72.309, -6.8549
22.282359, 72.415, -7.5609
22.443827, 72.519, -8.2565
22.606464, 72.620, -8.9381
22.770280, 72.719, -9.6023
22.935282, 72.817, -10.2462
23.101481, 72.915, -10.8678
23.268884, 73.013, -11.4672
23.437500, 73.114, -12.0461
23.607337, 73.217, -12.6088
23.778406, 73.323, -13.1614
23.950714, 73.434, -13.7118
24.124271, 73.548, -14.2683
24.299085, 73.665, -14.8389
24.475166, 73.785, -15.4297
24.652524, 73.904, -16.0443
24.831166, 74.023, -16.6824
25.011103, 74.140, -17.3403
25.192344, 74.253, -18.0107
25.374898, 74.361, -18.6833
25.558775, 74.466, -19.3472
25.743984, 74.567, -19.9911
25.930536, 74.667, -20.6067
26.118439, 74.767, -21.1895
26.307704, 74.870, -21.7402
26.498340, 74.977, -22.2656
26.690358, 75.092, -22.7777
26.883768, 75.213, -23.2922
27.078578, 75.341, -23.8263
27.274801, 75.475, -24.3954
27.472445, 75.611, -25.0108
27.671522, 75.747, -25.6772
27.872041, 75.880, -26.3925
28.074014, 76.007, -27.1475
28.277450, 76.126, -27.9279
28.482360, 76.238, -28.7164
28.688755, 76.342, -29.4957
28.896645, 76.440, -30.2515
29.106042, 76.534, -30.9741
29.316956, 76.626, -31.6603
29.529399, 76.720, -32.3130
29.743381, 76.816, -32.9402
29.958914, 76.915, -33.5527
30.176009, 77.017, -34.1614
30.394677, 77.122, -34.7747
30.614929, 77.227, -35.3970
30.836777, 77.333, -36.0292
31.060233, 77.438, -36.6687
31.285309, 77.541, -37.3113
31.512015, 77.644, -37.9539
31.740364, 77.747, -38.5947
31.970368, 77.850, -39.2353
32.202038, 77.954, -39.8792
32.435387, 78.058, -40.5311
32.670428, 78.163, -41.1949
32.907171, 78.266, -41.8724
33.145630, 78.368, -42.5627
33.385817, 78.468, -43.2617
33.627744, 78.565, -43.9640
33.871425, 78.659, -44.6638
34.116871, 78.751, -45.3570
34.364096, 78.843, -46.0417
34.613112, 78.934, -46.7188
34.863933, 79.025, -47.3904
35.116572, 79.116, -48.0598
35.371041, 79.207, -48.7291
35.627354, 79.297, -49.3992
35.885524, 79.387, -50.0687
36.145566, 79.476, -50.7354
36.407491, 79.564, -51.3969
36.671315, 79.651, -52.0511
36.937051, 79.739, -52.6979
37.204712, 79.828, -53.3380
37.474312, 79.917, -53.9735
37.745867, 80.008, -54.6073
38.019389, 80.099, -55.2422
38.294893, 80.192, -55.8810
38.572393, 80.285, -56.5262
38.851905, 80.378, -57.1799
39.133442, 80.471, -57.8431
39.417019, 80.563, -58.5160
39.702651, 80.654, -59.1969
39.990353, 80.743, -59.8834
40.280139, 80.831, -60.5721
40.572026, 80.916, -61.2603
40.866027, 81.000, -61.9464
41.162159, 81.083, -62.6306
41.460437, 81.164, -63.3135
41.760877, 81.245, -63.9958
42.063493, 81.323, -64.6759
42.368303, 81.400, -65.3503
42.675321, 81.475, -66.0140
42.984564, 81.550, -66.6640
43.296048, 81.625, -67.3008
43.609789, 81.702, -67.9307
43.925803, 81.782, -68.5645
44.244108, 81.862, -69.2131
44.564719, 81.943, -69.8834
44.887653, 82.020, -70.5735
45.212928, 82.092, -71.2726
45.540559, 82.159, -71.9641
45.870565, 82.222, -72.6322
46.202962, 82.284, -73.2684
46.537767, 82.347, -73.8752
46.874999, 82.414, -74.4654
47.214675, 82.486, -75.0570
47.556812, 82.560, -75.6658
47.901428, 82.635, -76.3004
48.248542, 82.708, -76.9607
48.598170, 82.779, -77.6411
48.950333, 82.847, -78.3345
49.305047, 82.912, -79.0358
49.662332, 82.975, -79.7424
50.022206, 83.036, -80.4521
50.384687, 83.094, -81.1622
50.749795, 83.151, -81.8690
51.117549, 83.208, -82.5695
51.487968, 83.265, -83.2640
51.861071, 83.324, -83.9560
52.236878, 83.385, -84.6511
52.615408, 83.448, -85.3536
52.996681, 83.513, -86.0651
53.380716, 83.579, -86.7841
53.767535, 83.645, -87.5076
54.157157, 83.711, -88.2321
54.549602, 83.778, -88.9529
54.944891, 83.845, -89.6652
55.343044, 83.912, -90.3638
55.744083, 83.979, -91.0454
56.148027, 84.047, -91.7092
56.554899, 84.117, -92.3555
56.964719, 84.187, -92.9849
57.377509, 84.259, -93.5990
57.793290, 84.334, -94.2056
58.212084, 84.412, -94.8232
58.633913, 84.492, -95.4782
59.058798, 84.570, -96.1932
59.486763, 84.639, -96.9713
59.917828, 84.694, -97.7891
60.352018, 84.732, -98.6046
60.789353, 84.757, -99.3778
61.229858, 84.776, -100.0892
61.673555, 84.794, -100.7462
62.120467, 84.815, -101.3729
62.570617, 84.840, -101.9940
63.024030, 84.868, -102.6234
63.480728, 84.898, -103.2644
63.940735, 84.930, -103.9170
64.404076, 84.964, -104.5816
64.870775, 85.000, -105.2596
65.340855, 85.038, -105.9503
65.814342, 85.075, -106.6501
66.291260, 85.113, -107.3542
66.771634, 85.150, -108.0578
67.255488, 85.187, -108.7576
67.742849, 85.222, -109.4509
68.233742, 85.256, -110.1347
68.728192, 85.289, -110.8065
69.226225, 85.320, -111.4648
69.727866, 85.351, -112.1102
70.233143, 85.381, -112.7459
70.742082, 85.411, -113.3773
71.254708, 85.441, -114.0096
71.771049, 85.470, -114.6471
72.291131, 85.499, -115.2913
72.814983, 85.526, -115.9417
73.342630, 85.552, -116.5961
73.874101, 85.577, -117.2512
74.409423, 85.601, -117.9028
74.948625, 85.625, -118.5483
75.491733, 85.649, -119.1871
76.038777, 85.673, -119.8214
76.589786, 85.698, -120.4543
77.144787, 85.723, -121.0875
77.703810, 85.747, -121.7208
78.266884, 85.771, -122.3530
78.834038, 85.793, -122.9828
79.405302, 85.815, -123.6100
79.980705, 85.835, -124.2350
80.560278, 85.855, -124.8581
81.144051, 85.874, -125.4785
81.732055, 85.891, -126.0947
82.324319, 85.908, -126.7060
82.920875, 85.925, -127.3127
83.521754, 85.942, -127.9164
84.126987, 85.958, -128.5180
84.736605, 85.974, -129.1176
85.350642, 85.990, -129.7151
85.969128, 86.006, -130.3116
86.592096, 86.022, -130.9089
87.219578, 86.038, -131.5096
87.851607, 86.054, -132.1159
88.488216, 86.069, -132.7292
89.129438, 86.083, -133.3495
89.775306, 86.095, -133.9753
90.425855, 86.106, -134.6043
91.081118, 86.115, -135.2318
91.741129, 86.122, -135.8513
92.405924, 86.128, -136.4576
93.075535, 86.135, -137.0511
93.749999, 86.142, -137.6383
94.429350, 86.149, -138.2251
95.113624, 86.156, -138.8125
95.802856, 86.162, -139.3974
96.497083, 86.167, -139.9764
97.196341, 86.171, -140.5477
97.900666, 86.175, -141.1116
98.610094, 86.177, -141.6688
99.324664, 86.179, -142.2201
100.044411, 86.180, -142.7645
100.769374, 86.179, -143.3021
101.499591, 86.179, -143.8369
102.235098, 86.178, -144.3759
102.975936, 86.175, -144.9260
103.722142, 86.172, -145.4886
104.473756, 86.166, -146.0591
105.230815, 86.159, -146.6311
105.993361, 86.150, -147.2001
106.761433, 86.142, -147.7638
107.535070, 86.134, -148.3218
108.314314, 86.127, -148.8753
109.099204, 86.120, -149.4249
109.889782, 86.113, -149.9696
110.686088, 86.104, -150.5075
111.488165, 86.095, -151.0369
112.296055, 86.085, -151.5566
113.109798, 86.074, -152.0668
113.929438, 86.064, -152.5679
114.755018, 86.055, -153.0619
115.586580, 86.047, -153.5507
116.424168, 86.040, -154.0363
117.267826, 86.034, -154.5205
118.117597, 86.028, -155.0050
118.973525, 86.020, -155.4907
119.835657, 86.007, -155.9760
120.704035, 85.991, -156.4541
121.578706, 85.970, -156.9186
122.459716, 85.946, -157.3696
123.347109, 85.920, -157.8129
124.240933, 85.893, -158.2530
125.141234, 85.866, -158.6905
126.048059, 85.840, -159.1232
126.961456, 85.816, -159.5493
127.881471, 85.795, -159.9703
128.808153, 85.775, -160.3903
129.741550, 85.757, -160.8132
130.681710, 85.738, -161.2404
131.628684, 85.719, -161.6694
132.582520, 85.698, -162.0963
133.543267, 85.676, -162.5176
134.510977, 85.654, -162.9322
135.485699, 85.632, -163.3419
136.467484, 85.611, -163.7495
137.456384, 85.591, -164.1559
138.452449, 85.571, -164.5591
139.455733, 85.551, -164.9560
140.466286, 85.532, -165.3445
141.484163, 85.512, -165.7234
142.509416, 85.492, -166.0920
143.542098, 85.471, -166.4521
144.582263, 85.450, -166.8071
145.629965, 85.429, -167.1602
146.685260, 85.407, -167.5133
147.748202, 85.385, -167.8680
148.818846, 85.362, -168.2263
149.897249, 85.341, -168.5909
150.983466, 85.318, -168.9618
152.077555, 85.295, -169.3339
153.179572, 85.270, -169.6990
154.289574, 85.244, -170.0514
155.407620, 85.217, -170.3910
156.533767, 85.190, -170.7219
157.668076, 85.163, -171.0504
158.810603, 85.135, -171.3804
159.961411, 85.107, -171.7119
161.120557, 85.079, -172.0424
162.288103, 85.052, -172.3691
163.464109, 85.025, -172.6901
164.648638, 84.998, -173.0047
165.841750, 84.972, -173.3140
167.043507, 84.946, -173.6193
168.253973, 84.920, -173.9210
169.473211, 84.894, -174.2185
170.701284, 84.867, -174.5107
171.938256, 84.840, -174.7963
173.184191, 84.812, -175.0753
174.439155, 84.785, -175.3499
175.703213, 84.757, -175.6238
176.976431, 84.729, -175.9003
178.258875, 84.702, -176.1822
179.550613, 84.675, -176.4714
180.851710, 84.648, -176.7677
182.162236, 84.621, -177.0691
183.482259, 84.594, -177.3739
184.811847, 84.566, -177.6808
186.151070, 84.536, -177.9891
187.499997, 84.505, -178.2990
188.858700, 84.473, -178.6124
190.227248, 84.439, -178.9310
191.605713, 84.404, -179.2546
192.994167, 84.366, -179.5801
194.392682, 84.326, -179.9032
195.801331, 84.283, 179.7805
197.220189, 84.235, 179.4755
198.649327, 84.184, 179.1880
200.088822, 84.129, 178.9260
201.538748, 84.072, 178.6978
202.999181, 84.015, 178.5103
204.470197, 83.958, 178.3667
205.951872, 83.904, 178.2650
207.444284, 83.853, 178.1983
208.947511, 83.806, 178.1562
210.461631, 83.764, 178.1275
211.986723, 83.726, 178.1028
213.522866, 83.693, 178.0753
215.070141, 83.664, 178.0397
216.628627, 83.638, 177.9912
218.198408, 83.615, 177.9263
219.779563, 83.594, 177.8441
221.372177, 83.573, 177.7457
222.976331, 83.551, 177.6339
224.592109, 83.529, 177.5114
226.219596, 83.505, 177.3809
227.858877, 83.482, 177.2432
229.510036, 83.457, 177.0964
231.173160, 83.432, 176.9364
232.848336, 83.408, 176.7579
234.535651, 83.383, 176.5587
236.235193, 83.358, 176.3457
237.947051, 83.332, 176.1378
239.671313, 83.305, 175.9592
241.408071, 83.277, 175.8260
243.157413, 83.248, 175.7346
244.919432, 83.220, 175.6675
246.694219, 83.193, 175.6070
248.481867, 83.165, 175.5424
250.282469, 83.138, 175.4698
252.096119, 83.110, 175.3890
253.922911, 83.081, 175.3016
255.762941, 83.051, 175.2094
257.616305, 83.020, 175.1121
259.483099, 82.989, 175.0091
261.363421, 82.958, 174.9000
263.257368, 82.927, 174.7851
265.165039, 82.896, 174.6676
267.086534, 82.866, 174.5540
269.021953, 82.835, 174.4510
270.971397, 82.805, 174.3627
272.934968, 82.776, 174.2883
274.912767, 82.746, 174.2236
276.904898, 82.715, 174.1622
278.911465, 82.685, 174.0992
280.932573, 82.653, 174.0344
282.968326, 82.621, 173.9713
285.018831, 82.589, 173.9126
287.084195, 82.557, 173.8569
289.164526, 82.526, 173.8000
291.259931, 82.495, 173.7394
293.370520, 82.467, 173.6766
295.496404, 82.439, 173.6143
297.637693, 82.413, 173.5515
299.794498, 82.387, 173.4858
301.966933, 82.360, 173.4182
304.155110, 82.333, 173.3529
306.359143, 82.304, 173.2942
308.579148, 82.275, 173.2428
310.815239, 82.246, 173.1971
313.067535, 82.219, 173.1551
315.336151, 82.192, 173.1131
317.621207, 82.166, 173.0685
319.922821, 82.140, 173.0219
322.241114, 82.114, 172.9767
324.576206, 82.086, 172.9380
326.928219, 82.057, 172.9086
329.297275, 82.028, 172.8880
331.683499, 81.999, 172.8730
334.087014, 81.970, 172.8595
336.507947, 81.941, 172.8444
338.946422, 81.912, 172.8257
341.402567, 81.884, 172.8031
343.876511, 81.856, 172.7771
346.368382, 81.828, 172.7498
348.878310, 81.801, 172.7231
351.406426, 81.773, 172.6982
353.952862, 81.745, 172.6772
356.517750, 81.717, 172.6623
359.101225, 81.689, 172.6547
361.703421, 81.661, 172.6531
364.324473, 81.634, 172.6542
366.964518, 81.607, 172.6559
369.623694, 81.580, 172.6586
372.302140, 81.553, 172.6636
374.999995, 81.526, 172.6727
377.717399, 81.499, 172.6875
380.454495, 81.470, 172.7075
383.211425, 81.442, 172.7302
385.988333, 81.414, 172.7532
388.785364, 81.386, 172.7750
391.602663, 81.359, 172.7957
394.440377, 81.333, 172.8159
397.298655, 81.308, 172.8357
400.177644, 81.283, 172.8544
403.077497, 81.259, 172.8722
405.998362, 81.233, 172.8900
408.940394, 81.208, 172.9092
411.903744, 81.182, 172.9315
414.888569, 81.156, 172.9561
417.895022, 81.132, 172.9782
420.923262, 81.107, 172.9936
423.973445, 81.083, 173.0013
427.045732, 81.059, 173.0044
430.140281, 81.034, 173.0057
433.257255, 81.009, 173.0065
436.396816, 80.983, 173.0063
439.559127, 80.956, 173.0053
442.744354, 80.929, 173.0048
445.952662, 80.901, 173.0066
449.184218, 80.871, 173.0117
452.439192, 80.840, 173.0195
455.717753, 80.807, 173.0275
459.020072, 80.773, 173.0338
462.346321, 80.738, 173.0383
465.696673, 80.700, 173.0430
469.071303, 80.661, 173.0508
472.470387, 80.619, 173.0666
475.894102, 80.574, 173.0961
479.342627, 80.526, 173.1451
482.816141, 80.476, 173.2185
486.314826, 80.425, 173.3199
489.838864, 80.373, 173.4519
493.388438, 80.323, 173.6171
496.963734, 80.274, 173.8184
500.564938, 80.228, 174.0590
504.192238, 80.186, 174.3376
507.845823, 80.149, 174.6465
511.525883, 80.119, 174.9738
515.232610, 80.094, 175.3054
518.966198, 80.075, 175.6269
522.726841, 80.061, 175.9260
526.514735, 80.050, 176.1994
530.330078, 80.042, 176.4503
534.173068, 80.035, 176.6798
538.043907, 80.028, 176.8860
541.942795, 80.022, 177.0685
545.869936, 80.016, 177.2307
549.825534, 80.011, 177.3787
553.809797, 80.005, 177.5181
557.822931, 79.999, 177.6523
561.865146, 79.991, 177.7839
565.936652, 79.981, 177.9149
570.037662, 79.969, 178.0466
574.168390, 79.956, 178.1801
578.329051, 79.942, 178.3146
582.519862, 79.928, 178.4495
586.741041, 79.913, 178.5856
590.992808, 79.899, 178.7264
595.275386, 79.885, 178.8743
599.588997, 79.871, 179.0275
603.933866, 79.858, 179.1798
608.310219, 79.845, 179.3270
612.718286, 79.832, 179.4702
617.158295, 79.820, 179.6134
621.630479, 79.807, 179.7595
626.135069, 79.794, 179.9094
630.672302, 79.781, -179.9365
635.242414, 79.769, -179.7776
639.845642, 79.756, -179.6134
644.482227, 79.743, -179.4441
649.152411, 79.730, -179.2711
653.856437, 79.717, -179.0966
658.594551, 79.703, -178.9209
663.366998, 79.690, -178.7433
668.174029, 79.678, -178.5626
673.015893, 79.666, -178.3796
677.892844, 79.655, -178.1965
682.805135, 79.646, -178.0151
687.753022, 79.638, -177.8370
692.736764, 79.630, -177.6632
697.756620, 79.623, -177.4943
702.812853, 79.616, -177.3293
707.905724, 79.608, -177.1668
713.035501, 79.600, -177.0041
718.202450, 79.592, -176.8380
723.406841, 79.583, -176.6658
728.648945, 79.574, -176.4858
733.929036, 79.565, -176.2974
739.247388, 79.555, -176.1008
744.604279, 79.544, -175.8982
749.999989, 79.533, -175.6934
755.434798, 79.522, -175.4899
760.908990, 79.512, -175.2899
766.422850, 79.501, -175.0948
771.976666, 79.491, -174.9042
777.570727, 79.480, -174.7151
783.205325, 79.471, -174.5233
788.880754, 79.463, -174.3255
794.597309, 79.456, -174.1215
800.355289, 79.450, -173.9133
806.154993, 79.444, -173.7030
811.996725, 79.439, -173.4917
817.880788, 79.434, -173.2800
823.807489, 79.429, -173.0693
829.777138, 79.424, -172.8601
835.790045, 79.419, -172.6511
841.846524, 79.414, -172.4397
847.946891, 79.409, -172.2250
854.091464, 79.405, -172.0072
860.280562, 79.402, -171.7863
866.514510, 79.399, -171.5618
872.793631, 79.397, -171.3333
879.118254, 79.395, -171.1013
885.488707, 79.393, -170.8666
891.905323, 79.391, -170.6306
898.368437, 79.390, -170.3947
904.878385, 79.390, -170.1592
911.435507, 79.390, -169.9235
918.040144, 79.390, -169.6867
924.692641, 79.392, -169.4495
931.393345, 79.393, -169.2130
938.142606, 79.394, -168.9779
944.940774, 79.396, -168.7438
951.788204, 79.397, -168.5103
958.685254, 79.399, -168.2764
965.632282, 79.402, -168.0417
972.629652, 79.405, -167.8060
979.677727, 79.408, -167.5695
986.776876, 79.412, -167.3330
993.927468, 79.415, -167.0963
1001.129876, 79.418, -166.8575
1008.384476, 79.421, -166.6140
1015.691645, 79.424, -166.3648
1023.051766, 79.427, -166.1106
1030.465221, 79.430, -165.8523
1037.932396, 79.433, -165.5901
1045.453682, 79.438, -165.3243
1053.029471, 79.443, -165.0565
1060.660156, 79.449, -164.7878
1068.346137, 79.456, -164.5197
1076.087813, 79.464, -164.2527
1083.885589, 79.474, -163.9864
1091.739871, 79.483, -163.7191
1099.651068, 79.493, -163.4503
1107.619593, 79.502, -163.1805
1115.645861, 79.511, -162.9108
1123.730291, 79.521, -162.6412
1131.873304, 79.532, -162.3704
1140.075325, 79.544, -162.0959
1148.336780, 79.557, -161.8163
1156.658102, 79.571, -161.5320
1165.039724, 79.585, -161.2439
1173.482082, 79.600, -160.9540
1181.985617, 79.616, -160.6646
1190.550772, 79.633, -160.3761
1199.177993, 79.649, -160.0872
1207.867731, 79.666, -159.7960
1216.620439, 79.684, -159.5023
1225.436572, 79.702, -159.2064
1234.316591, 79.721, -158.9082
1243.260957, 79.742, -158.6072
1252.270139, 79.763, -158.3022
1261.344604, 79.786, -157.9929
1270.484827, 79.810, -157.6802
1279.691284, 79.835, -157.3660
1288.964455, 79.862, -157.0524
1298.304823, 79.890, -156.7400
1307.712874, 79.920, -156.4291
1317.189101, 79.952, -156.1223
1326.733996, 79.986, -155.8231
1336.348058, 80.021, -155.5341
1346.031787, 80.058, -155.2571
1355.785688, 80.096, -154.9928
1365.610270, 80.136, -154.7398
1375.506045, 80.176, -154.4960
1385.473529, 80.217, -154.2599
1395.513241, 80.258, -154.0302
1405.625705, 80.300, -153.8063
1415.811448, 80.341, -153.5891
1426.071002, 80.383, -153.3797
1436.404900, 80.426, -153.1790
1446.813682, 80.468, -152.9886
1457.297890, 80.511, -152.8109
1467.858072, 80.553, -152.6474
1478.494776, 80.595, -152.4974
1489.208559, 80.635, -152.3586
1499.999978, 80.674, -152.2269
1510.869596, 80.711, -152.0993
1521.817980, 80.746, -151.9758
1532.845701, 80.778, -151.8568
1543.953332, 80.806, -151.7384
1555.141455, 80.830, -151.6110
1566.410651, 80.850, -151.4608
1577.761508, 80.869, -151.2740
1589.194618, 80.889, -151.0431
1600.710578, 80.914, -150.7688
1612.309986, 80.947, -150.4592
1623.993449, 80.992, -150.1237
1635.761575, 81.050, -149.7712
1647.614978, 81.125, -149.4106
1659.554275, 81.216, -149.0525
1671.580089, 81.320, -148.7094
1683.693048, 81.433, -148.3918
1695.893782, 81.547, -148.1053
1708.182927, 81.657, -147.8490
1720.561125, 81.756, -147.6162
1733.029020, 81.841, -147.3975
1745.587263, 81.912, -147.1832
1758.236508, 81.970, -146.9658
1770.977414, 82.018, -146.7419
1783.810646, 82.059, -146.5132
1796.736874, 82.097, -146.2859
1809.756770, 82.137, -146.0694
1822.871013, 82.179, -145.8749
1836.080288, 82.224, -145.7120
1849.385283, 82.271, -145.5839
1862.786691, 82.319, -145.4865
1876.285211, 82.364, -145.4106
1889.881547, 82.406, -145.3458
1903.576408, 82.443, -145.2814
1917.370507, 82.478, -145.2078
1931.264564, 82.511, -145.1193
1945.259304, 82.546, -145.0187
1959.355454, 82.583, -144.9174
1973.553752, 82.625, -144.8298
1987.854936, 82.671, -144.7683
2002.259752, 82.720, -144.7418
2016.768952, 82.771, -144.7587
2031.383291, 82.820, -144.8230
2046.103531, 82.866, -144.9287
2060.930441, 82.907, -145.0594
2075.864793, 82.943, -145.1970
2090.907365, 82.976, -145.3300
2106.058941, 83.008, -145.4582
2121.320313, 83.041, -145.5911
2136.692274, 83.077, -145.7417
2152.175627, 83.114, -145.9210
2167.771179, 83.152, -146.1357
2183.479742, 83.191, -146.3904
2199.302137, 83.230, -146.6902
2215.239187, 83.268, -147.0413
2231.291723, 83.303, -147.4496
2247.460582, 83.334, -147.9144
2263.746608, 83.358, -148.4214
2280.150649, 83.377, -148.9485
2296.673561, 83.393, -149.4807
2313.316204, 83.409, -150.0182
2330.079447, 83.428, -150.5722
2346.964163, 83.451, -151.1541
2363.971233, 83.474, -151.7687
2381.101543, 83.496, -152.4091
2398.355986, 83.516, -153.0575
2415.735463, 83.531, -153.6941
2433.240878, 83.545, -154.3058
2450.873144, 83.557, -154.8900
2468.633181, 83.568, -155.4486
2486.521915, 83.582, -155.9843
2504.540278, 83.599, -156.5063
2522.689209, 83.622, -157.0334
2540.969655, 83.652, -157.5901
2559.382568, 83.688, -158.2010
2577.928909, 83.727, -158.8798
2596.609645, 83.768, -159.6252
2615.425749, 83.807, -160.4251
2634.378202, 83.843, -161.2605
2653.467992, 83.878, -162.1101
2672.696115, 83.913, -162.9556
2692.063573, 83.950, -163.7899
2711.571376, 83.992, -164.6187
2731.220539, 84.040, -165.4558
2751.012089, 84.090, -166.3148
2770.947057, 84.139, -167.2023
2791.026482, 84.183, -168.1174
2811.251410, 84.216, -169.0441
2831.622897, 84.237, -169.9501
2852.142003, 84.247, -170.8057
2872.809800, 84.250, -171.6036
2893.627364, 84.249, -172.3637
2914.595781, 84.243, -173.1197
2935.716143, 84.231, -173.8970
2956.989553, 84.207, -174.7043
2978.417118, 84.170, -175.5410
2999.999956, 84.116, -176.4055
3021.739192, 84.044, -177.2940
3043.635960, 83.950, -178.1914
3065.691401, 83.834, -179.0687
3087.906665, 83.698, -179.8970
3110.282909, 83.544, 179.3397
3132.821301, 83.374, 178.6505
3155.523016, 83.192, 178.0505
3178.389237, 82.999, 177.5632
3201.421155, 82.802, 177.2017
3224.619973, 82.609, 176.9448
3247.986898, 82.422, 176.7498
3271.523150, 82.240, 176.5883
3295.229956, 82.061, 176.4637
3319.108550, 81.884, 176.3887
3343.160179, 81.711, 176.3596
3367.386096, 81.544, 176.3627
3391.787563, 81.383, 176.3875
3416.365854, 81.228, 176.4266
3441.122250, 81.077, 176.4746
3466.058040, 80.931, 176.5336
3491.174525, 80.791, 176.6086
3516.473015, 80.661, 176.6848
3541.954828, 80.542, 176.7181
3567.621293, 80.430, 176.6672
3593.473747, 80.319, 176.5266
3619.513539, 80.204, 176.3235
3645.742027, 80.089, 176.0787
3672.160576, 79.975, 175.7847
3698.770566, 79.866, 175.4113
3725.573382, 79.760, 174.9236
3752.570422, 79.653, 174.2958
3779.763094, 79.543, 173.5262
3807.152816, 79.427, 172.6379
3834.741015, 79.309, 171.6520
3862.529129, 79.199, 170.5496
3890.518607, 79.103, 169.2661
3918.710909, 79.022, 167.7203
3947.107503, 78.953, 165.8474
3975.709871, 78.891, 163.6046
4004.519504, 78.833, 160.9498
4033.537903, 78.777, 157.8209
4062.766581, 78.720, 154.1337
4092.207063, 78.652, 149.7896
4121.860882, 78.560, 144.6907
4151.729585, 78.430, 138.7499
4181.814729, 78.245, 131.8865
4212.117883, 77.994, 124.0142
4242.640625, 77.671, 115.0266
4273.384548, 77.278, 104.7860
4304.351254, 76.832, 93.1221
4335.542358, 76.364, 79.8845
4366.959485, 75.919, 65.0945
4398.604273, 75.555, 49.1690
4430.478373, 75.328, 33.0260
4462.583446, 75.276, 17.8105
4494.921165, 75.408, 4.3860
4527.493217, 75.702, -6.9162
4560.301299, 76.129, -16.1713
4593.347122, 76.663, -23.6335
4626.632409, 77.290, -29.6017
4660.158894, 78.004, -34.3804
4693.928327, 78.803, -38.2782
4727.942466, 79.677, -41.6041
4762.203086, 80.612, -44.6529
4796.711973, 81.588, -47.6813
4831.470925, 82.582, -50.8854
4866.481755, 83.573, -54.3926
4901.746288, 84.543, -58.2724
4937.266362, 85.478, -62.5551
4973.043830, 86.366, -67.2476
5009.080555, 87.196, -72.3419
5045.378418, 87.958, -77.8176
5081.939310, 88.643, -83.6442
5118.765137, 89.240, -89.7833
5155.857819, 89.740, -96.1843
5193.219290, 90.134, -102.7767
5230.851498, 90.414, -109.4723
5268.756404, 90.577, -116.1688
5306.935985, 90.624, -122.7585
5345.392231, 90.560, -129.1354
5384.127146, 90.392, -135.2042
5423.142751, 90.132, -140.8904
5462.441079, 89.795, -146.1477
5502.024179, 89.392, -150.9543
5541.894114, 88.935, -155.3052
5582.052963, 88.432, -159.2025
5622.502820, 87.891, -162.6489
5663.245793, 87.318, -165.6398
5704.284007, 86.718, -168.1648
5745.619600, 86.103, -170.2267
5787.254728, 85.484, -171.8621
5829.191562, 84.869, -173.1343
5871.432287, 84.259, -174.0972
5913.979105, 83.652, -174.7650
5956.834236, 83.041, -175.1105
5999.999912, 82.426, -175.0741
6043.478385, 81.809, -174.5812
6087.271921, 81.202, -173.5842
6131.382802, 80.619, -172.0881
6175.813330, 80.074, -170.1179
6220.565819, 79.582, -167.6926
6265.642603, 79.161, -164.8687
6311.046032, 78.829, -161.7937
6356.778473, 78.597, -158.7007
6402.842310, 78.459, -155.8372
6449.239945, 78.394, -153.3774
6495.973796, 78.370, -151.3650
6543.046300, 78.363, -149.7236
6590.459911, 78.359, -148.3226
6638.217100, 78.353, -147.0454
6686.320358, 78.350, -145.8293
6734.772191, 78.356, -144.6656
6783.575127, 78.371, -143.5743
6832.731709, 78.394, -142.5779
6882.244499, 78.418, -141.6816
6932.116080, 78.435, -140.8522
6982.349051, 78.439, -140.0037
7032.946030, 78.434, -139.0132
7083.909656, 78.432, -137.7633
7135.242586, 78.461, -136.2043
7186.947495, 78.546, -134.3994
7239.027079, 78.709, -132.5150
7291.484053, 78.954, -130.7585
7344.321152, 79.274, -129.3125
7397.541131, 79.654, -128.2972
7451.146763, 80.075, -127.7712
7505.140844, 80.520, -127.7517
7559.526189, 80.974, -128.2288
7614.305632, 81.424, -129.1715
7669.482029, 81.859, -130.5381
7725.058258, 82.272, -132.2858
7781.037214, 82.656, -134.3760
7837.421817, 83.005, -136.7712
7894.215007, 83.313, -139.4337
7951.419743, 83.575, -142.3232
8009.039008, 83.787, -145.3955
8067.075806, 83.944, -148.5991
8125.533163, 84.045, -151.8750
8184.414126, 84.088, -155.1567
8243.721764, 84.078, -158.3781
8303.459170, 84.020, -161.4806
8363.629458, 83.926, -164.4220
8424.235765, 83.804, -167.1819
8485.281250, 83.664, -169.7620
8546.769096, 83.515, -172.1747
8608.702508, 83.358, -174.4304
8671.084715, 83.198, -176.5275
8733.918969, 83.036, -178.4517
8797.208547, 82.881, 179.8120
8860.956746, 82.740, 178.2599
8925.166891, 82.622, 176.8605
8989.842330, 82.535, 175.5574
9054.986433, 82.479, 174.2856
9120.602598, 82.452, 172.9880
9186.694244, 82.449, 171.6241
9253.264817, 82.467, 170.1714
9320.317788, 82.502, 168.6246
9387.856653, 82.552, 166.9915
9455.884932, 82.623, 165.2814
9524.406173, 82.722, 163.4871
9593.423946, 82.860, 161.5652
9662.941850, 83.043, 159.4314
9732.963510, 83.273, 156.9736
9803.492576, 83.539, 154.0808
9874.532725, 83.827, 150.6683
9946.087659, 84.120, 146.6893
10018.161110, 84.400, 142.1257
10090.756835, 84.652, 136.9707
10163.878619, 84.857, 131.2262
10237.530273, 84.993, 124.9219
10311.715638, 85.037, 118.1339
10386.438580, 84.973, 110.9805
10461.702996, 84.792, 103.6008
10537.512808, 84.491, 96.1353
10613.871970, 84.076, 88.7090
10690.784461, 83.557, 81.4258
10768.254293, 82.945, 74.3606
10846.285502, 82.257, 67.5575
10924.882158, 81.512, 61.0229
11004.048358, 80.728, 54.7223
11083.788228, 79.925, 48.5813
11164.105927, 79.117, 42.4951
11245.005640, 78.316, 36.3418
11326.491587, 77.529, 29.9962
11408.568014, 76.760, 23.3335
11491.239200, 76.014, 16.2216
11574.509457, 75.304, 8.5068
11658.383123, 74.643, 0.0056
11742.864573, 74.048, -9.4943
11827.958211, 73.528, -20.2086
11913.668472, 73.085, -32.3157
11999.999825, 72.706, -45.8979
12086.956770, 72.372, -60.8799
12174.543841, 72.064, -76.9825
12262.765605, 71.767, -93.7290
12351.626659, 71.471, -110.5237
12441.131638, 71.176, -126.7922
12531.285206, 70.887, -142.1136
12622.092064, 70.619, -156.2672
12713.556946, 70.387, -169.2064
12805.684621, 70.211, 178.9989
12898.479890, 70.109, 168.2095
12991.947593, 70.100, 158.2380
13086.092601, 70.198, 148.8608
13180.919822, 70.402, 139.8344
13276.434201, 70.698, 130.9138
13372.640716, 71.056, 121.8795
13469.544383, 71.435, 112.5640
13567.150254, 71.792, 102.8717
13665.463417, 72.092, 92.7886
13764.488998, 72.309, 82.3734
13864.232160, 72.437, 71.7227
13964.698101, 72.481, 60.9281
14065.892060, 72.461, 50.0498
14167.819312, 72.398, 39.1021
14270.485171, 72.319, 28.0509
14373.894990, 72.245, 16.8224
14478.054158, 72.193, 5.3131
14582.968107, 72.174, -6.5973
14688.642305, 72.188, -19.0308
14795.082262, 72.231, -32.0977
14902.293527, 72.291, -45.8901
15010.281689, 72.357, -60.4714
15119.052378, 72.412, -75.8702
15228.611264, 72.444, -92.0762
15338.964058, 72.439, -109.0381
15450.116515, 72.385, -126.6587
15562.074428, 72.271, -144.7905
15674.843635, 72.089, -163.2378
15788.430013, 71.836, 178.2313
15902.839485, 71.515, 159.8591
16018.078016, 71.142, 141.8628
16134.151612, 70.742, 124.3958
16251.066326, 70.352, 107.5234
16368.828251, 70.007, 91.2198
16487.443528, 69.735, 75.3889
16606.918341, 69.547, 59.8929
16727.258917, 69.436, 44.5754
16848.471530, 69.378, 29.2847
16970.562500, 69.336, 13.8983
17093.538192, 69.264, -1.6492
17217.405016, 69.113, -17.3530
17342.169430, 68.840, -33.1290
17467.837939, 68.403, -48.8066
17594.417093, 67.774, -64.1296
17721.913492, 66.944, -78.7715
17850.333783, 65.932, -92.3994
17979.684660, 64.808, -104.8059
18109.972866, 63.713, -116.0913
18241.205195, 62.848, -126.7979
18373.388487, 62.399, -137.8125
18506.529634, 62.392, -150.0176
18640.635577, 62.675, -163.9639
18775.713306, 63.045, -179.8105
18911.769865, 63.349, 162.5444
19048.812345, 63.498, 143.3242
19186.847892, 63.452, 122.7708
19325.883701, 63.192, 101.0645
19465.927021, 62.719, 78.2710
19606.985152, 62.060, 54.4873
19749.065449, 61.292, 30.7373
19892.175318, 60.569, 10.4155
20036.322221, 60.114, -1.4177
