* Measurement data measured by REW V5.40 beta 55
* Source: Headset (USB-C to 3.5mm Headphone Jack Adapter), MICROPHONE (Master Volume), L, volume: 0.250
* Format: 256k Log Swept Sine, 1 sweep at -6.0 dBFS with no timing reference
* Dated: Jan 16, 2025 11:26:45 PM
* REW Settings:
*  C-weighting compensation: Off
*  Target level: 75.0 dB
* Note: ; 
* Measurement: Yaxi Left 56
* Smoothing: 1/12 octave
* Frequency Step: 96 ppo
* Start Frequency: 20.0 Hz
*
* Freq(Hz), SPL(dB), Phase(degrees)
19.995176, 72.404, -22.7722
20.140070, 72.508, -23.2191
20.286013, 72.612, -23.6824
20.433014, 72.714, -24.1660
20.581080, 72.814, -24.6711
20.730219, 72.910, -25.1959
20.880438, 73.001, -25.7358
21.031747, 73.086, -26.2836
21.184151, 73.166, -26.8296
21.337660, 73.240, -27.3633
21.492282, 73.309, -27.8748
21.648024, 73.375, -28.3560
21.804894, 73.441, -28.8025
21.962902, 73.509, -29.2145
22.122054, 73.582, -29.5981
22.282359, 73.661, -29.9648
22.443827, 73.749, -30.3307
22.606464, 73.846, -30.7141
22.770280, 73.951, -31.1338
22.935282, 74.062, -31.6055
23.101481, 74.177, -32.1396
23.268884, 74.293, -32.7402
23.437500, 74.407, -33.4037
23.607337, 74.516, -34.1202
23.778406, 74.619, -34.8749
23.950714, 74.715, -35.6508
24.124271, 74.806, -36.4315
24.299085, 74.894, -37.2041
24.475166, 74.980, -37.9617
24.652524, 75.067, -38.7043
24.831166, 75.157, -39.4388
25.011103, 75.251, -40.1773
25.192344, 75.349, -40.9337
25.374898, 75.449, -41.7202
25.558775, 75.548, -42.5427
25.743984, 75.642, -43.3988
25.930536, 75.728, -44.2756
26.118439, 75.802, -45.1506
26.307704, 75.865, -45.9943
26.498340, 75.916, -46.7736
26.690358, 75.959, -47.4578
26.883768, 75.999, -48.0237
27.078578, 76.043, -48.4615
27.274801, 76.097, -48.7784
27.472445, 76.168, -48.9987
27.671522, 76.259, -49.1616
27.872041, 76.372, -49.3143
28.074014, 76.503, -49.5033
28.277450, 76.648, -49.7655
28.482360, 76.800, -50.1230
28.688755, 76.952, -50.5801
28.896645, 77.098, -51.1252
29.106042, 77.234, -51.7354
29.316956, 77.358, -52.3824
29.529399, 77.470, -53.0383
29.743381, 77.572, -53.6803
29.958914, 77.667, -54.2944
30.176009, 77.758, -54.8761
30.394677, 77.846, -55.4290
30.614929, 77.934, -55.9619
30.836777, 78.021, -56.4852
31.060233, 78.108, -57.0072
31.285309, 78.193, -57.5321
31.512015, 78.275, -58.0591
31.740364, 78.354, -58.5840
31.970368, 78.430, -59.1016
32.202038, 78.504, -59.6080
32.435387, 78.579, -60.1028
32.670428, 78.654, -60.5903
32.907171, 78.731, -61.0780
33.145630, 78.811, -61.5753
33.385817, 78.891, -62.0908
33.627744, 78.973, -62.6293
33.871425, 79.053, -63.1915
34.116871, 79.130, -63.7728
34.364096, 79.205, -64.3657
34.613112, 79.277, -64.9609
34.863933, 79.346, -65.5505
35.116572, 79.415, -66.1292
35.371041, 79.484, -66.6959
35.627354, 79.554, -67.2528
35.885524, 79.627, -67.8048
36.145566, 79.701, -68.3571
36.407491, 79.777, -68.9139
36.671315, 79.854, -69.4771
36.937051, 79.931, -70.0463
37.204712, 80.007, -70.6191
37.474312, 80.083, -71.1927
37.745867, 80.159, -71.7645
38.019389, 80.234, -72.3330
38.294893, 80.309, -72.8978
38.572393, 80.384, -73.4592
38.851905, 80.459, -74.0184
39.133442, 80.534, -74.5764
39.417019, 80.608, -75.1346
39.702651, 80.683, -75.6948
39.990353, 80.756, -76.2588
40.280139, 80.829, -76.8281
40.572026, 80.900, -77.4030
40.866027, 80.969, -77.9813
41.162159, 81.035, -78.5590
41.460437, 81.099, -79.1302
41.760877, 81.161, -79.6901
42.063493, 81.223, -80.2363
42.368303, 81.285, -80.7717
42.675321, 81.349, -81.3034
42.984564, 81.415, -81.8412
43.296048, 81.482, -82.3936
43.609789, 81.548, -82.9640
43.925803, 81.611, -83.5488
44.244108, 81.671, -84.1389
44.564719, 81.729, -84.7227
44.887653, 81.785, -85.2916
45.212928, 81.841, -85.8433
45.540559, 81.898, -86.3827
45.870565, 81.959, -86.9189
46.202962, 82.021, -87.4617
46.537767, 82.085, -88.0166
46.874999, 82.149, -88.5842
47.214675, 82.212, -89.1613
47.556812, 82.274, -89.7441
47.901428, 82.335, -90.3304
48.248542, 82.396, -90.9207
48.598170, 82.457, -91.5159
48.950333, 82.516, -92.1167
49.305047, 82.575, -92.7218
49.662332, 82.632, -93.3294
50.022206, 82.689, -93.9387
50.384687, 82.744, -94.5500
50.749795, 82.799, -95.1643
51.117549, 82.852, -95.7805
51.487968, 82.903, -96.3948
51.861071, 82.953, -97.0009
52.236878, 83.002, -97.5938
52.615408, 83.051, -98.1719
52.996681, 83.102, -98.7389
53.380716, 83.155, -99.3016
53.767535, 83.210, -99.8666
54.157157, 83.266, -100.4365
54.549602, 83.321, -101.0091
54.944891, 83.376, -101.5785
55.343044, 83.429, -102.1390
55.744083, 83.483, -102.6885
56.148027, 83.537, -103.2279
56.554899, 83.592, -103.7592
56.964719, 83.646, -104.2811
57.377509, 83.699, -104.7896
57.793290, 83.754, -105.2825
58.212084, 83.811, -105.7672
58.633913, 83.873, -106.2635
59.058798, 83.936, -106.7964
59.486763, 83.997, -107.3825
59.917828, 84.051, -108.0176
60.352018, 84.095, -108.6766
60.789353, 84.127, -109.3267
61.229858, 84.153, -109.9435
61.673555, 84.175, -110.5216
62.120467, 84.198, -111.0726
62.570617, 84.224, -111.6130
63.024030, 84.251, -112.1552
63.480728, 84.280, -112.7034
63.940735, 84.309, -113.2577
64.404076, 84.340, -113.8171
64.870775, 84.373, -114.3816
65.340855, 84.407, -114.9514
65.814342, 84.442, -115.5265
66.291260, 84.477, -116.1062
66.771634, 84.514, -116.6888
67.255488, 84.549, -117.2714
67.742849, 84.585, -117.8501
68.233742, 84.619, -118.4222
68.728192, 84.653, -118.9867
69.226225, 84.687, -119.5448
69.727866, 84.720, -120.0989
70.233143, 84.752, -120.6513
70.742082, 84.782, -121.2034
71.254708, 84.811, -121.7550
71.771049, 84.839, -122.3052
72.291131, 84.866, -122.8525
72.814983, 84.891, -123.3966
73.342630, 84.917, -123.9392
73.874101, 84.943, -124.4831
74.409423, 84.970, -125.0312
74.948625, 84.996, -125.5851
75.491733, 85.022, -126.1434
76.038777, 85.048, -126.7035
76.589786, 85.072, -127.2616
77.144787, 85.096, -127.8151
77.703810, 85.120, -128.3633
78.266884, 85.143, -128.9074
78.834038, 85.165, -129.4490
79.405302, 85.187, -129.9890
79.980705, 85.208, -130.5271
80.560278, 85.228, -131.0620
81.144051, 85.246, -131.5925
81.732055, 85.264, -132.1185
82.324319, 85.282, -132.6406
82.920875, 85.299, -133.1602
83.521754, 85.316, -133.6790
84.126987, 85.333, -134.1985
84.736605, 85.349, -134.7190
85.350642, 85.365, -135.2396
85.969128, 85.380, -135.7585
86.592096, 85.395, -136.2747
87.219578, 85.409, -136.7878
87.851607, 85.422, -137.2983
88.488216, 85.436, -137.8073
89.129438, 85.449, -138.3162
89.775306, 85.462, -138.8258
90.425855, 85.474, -139.3363
91.081118, 85.485, -139.8462
91.741129, 85.496, -140.3536
92.405924, 85.506, -140.8572
93.075535, 85.515, -141.3560
93.749999, 85.524, -141.8495
94.429350, 85.532, -142.3378
95.113624, 85.540, -142.8220
95.802856, 85.547, -143.3040
96.497083, 85.554, -143.7863
97.196341, 85.559, -144.2706
97.900666, 85.564, -144.7576
98.610094, 85.567, -145.2458
99.324664, 85.568, -145.7338
100.044411, 85.569, -146.2205
100.769374, 85.570, -146.7053
101.499591, 85.571, -147.1874
102.235098, 85.573, -147.6660
102.975936, 85.575, -148.1406
103.722142, 85.579, -148.6134
104.473756, 85.584, -149.0872
105.230815, 85.589, -149.5621
105.993361, 85.593, -150.0350
106.761433, 85.597, -150.5021
107.535070, 85.600, -150.9628
108.314314, 85.602, -151.4191
109.099204, 85.603, -151.8741
109.889782, 85.604, -152.3307
110.686088, 85.603, -152.7904
111.488165, 85.601, -153.2534
112.296055, 85.598, -153.7184
113.109798, 85.594, -154.1838
113.929438, 85.590, -154.6475
114.755018, 85.585, -155.1069
115.586580, 85.581, -155.5595
116.424168, 85.577, -156.0035
117.267826, 85.573, -156.4391
118.117597, 85.570, -156.8679
118.973525, 85.566, -157.2928
119.835657, 85.562, -157.7169
120.704035, 85.557, -158.1415
121.578706, 85.550, -158.5670
122.459716, 85.541, -158.9944
123.347109, 85.531, -159.4245
124.240933, 85.520, -159.8580
125.141234, 85.508, -160.2942
126.048059, 85.495, -160.7302
126.961456, 85.480, -161.1628
127.881471, 85.465, -161.5887
128.808153, 85.450, -162.0057
129.741550, 85.434, -162.4133
130.681710, 85.417, -162.8126
131.628684, 85.398, -163.2046
132.582520, 85.380, -163.5915
133.543267, 85.360, -163.9779
134.510977, 85.340, -164.3677
135.485699, 85.320, -164.7607
136.467484, 85.300, -165.1539
137.456384, 85.281, -165.5439
138.452449, 85.263, -165.9293
139.455733, 85.247, -166.3102
140.466286, 85.231, -166.6868
141.484163, 85.215, -167.0581
142.509416, 85.198, -167.4225
143.542098, 85.179, -167.7791
144.582263, 85.158, -168.1293
145.629965, 85.136, -168.4766
146.685260, 85.113, -168.8239
147.748202, 85.090, -169.1716
148.818846, 85.066, -169.5168
149.897249, 85.041, -169.8538
150.983466, 85.015, -170.1753
152.077555, 84.989, -170.4762
153.179572, 84.963, -170.7566
154.289574, 84.938, -171.0217
155.407620, 84.913, -171.2809
156.533767, 84.889, -171.5443
157.668076, 84.865, -171.8163
158.810603, 84.841, -172.0947
159.961411, 84.816, -172.3750
161.120557, 84.792, -172.6530
162.288103, 84.767, -172.9253
163.464109, 84.743, -173.1897
164.648638, 84.720, -173.4457
165.841750, 84.696, -173.6945
167.043507, 84.673, -173.9377
168.253973, 84.650, -174.1762
169.473211, 84.627, -174.4103
170.701284, 84.603, -174.6404
171.938256, 84.579, -174.8665
173.184191, 84.555, -175.0889
174.439155, 84.531, -175.3071
175.703213, 84.508, -175.5202
176.976431, 84.484, -175.7276
178.258875, 84.462, -175.9284
179.550613, 84.441, -176.1207
180.851710, 84.420, -176.3018
182.162236, 84.401, -176.4703
183.482259, 84.383, -176.6274
184.811847, 84.366, -176.7773
186.151070, 84.351, -176.9253
187.499997, 84.338, -177.0772
188.858700, 84.326, -177.2374
190.227248, 84.317, -177.4083
191.605713, 84.310, -177.5905
192.994167, 84.305, -177.7839
194.392682, 84.300, -177.9885
195.801331, 84.296, -178.2048
197.220189, 84.292, -178.4346
198.649327, 84.287, -178.6797
200.088822, 84.280, -178.9409
201.538748, 84.273, -179.2164
202.999181, 84.264, -179.5024
204.470197, 84.253, -179.7956
205.951872, 84.240, 179.9069
207.444284, 84.226, 179.6063
208.947511, 84.208, 179.3036
210.461631, 84.189, 178.9997
211.986723, 84.167, 178.6968
213.522866, 84.143, 178.3976
215.070141, 84.118, 178.1046
216.628627, 84.091, 177.8193
218.198408, 84.064, 177.5425
219.779563, 84.036, 177.2747
221.372177, 84.008, 177.0161
222.976331, 83.979, 176.7667
224.592109, 83.950, 176.5260
226.219596, 83.919, 176.2936
227.858877, 83.888, 176.0687
229.510036, 83.857, 175.8499
231.173160, 83.825, 175.6346
232.848336, 83.794, 175.4214
234.535651, 83.762, 175.2100
236.235193, 83.731, 175.0023
237.947051, 83.701, 174.8011
239.671313, 83.671, 174.6089
241.408071, 83.641, 174.4252
243.157413, 83.612, 174.2471
244.919432, 83.583, 174.0712
246.694219, 83.553, 173.8953
248.481867, 83.524, 173.7190
250.282469, 83.494, 173.5437
252.096119, 83.464, 173.3724
253.922911, 83.433, 173.2074
255.762941, 83.403, 173.0494
257.616305, 83.372, 172.8978
259.483099, 83.342, 172.7502
261.363421, 83.312, 172.6042
263.257368, 83.282, 172.4573
265.165039, 83.251, 172.3074
267.086534, 83.219, 172.1547
269.021953, 83.187, 172.0024
270.971397, 83.154, 171.8546
272.934968, 83.123, 171.7142
274.912767, 83.092, 171.5814
276.904898, 83.061, 171.4526
278.911465, 83.031, 171.3231
280.932573, 83.000, 171.1907
282.968326, 82.969, 171.0571
285.018831, 82.938, 170.9260
287.084195, 82.908, 170.8009
289.164526, 82.878, 170.6826
291.259931, 82.848, 170.5695
293.370520, 82.819, 170.4575
295.496404, 82.789, 170.3425
297.637693, 82.758, 170.2218
299.794498, 82.726, 170.0964
301.966933, 82.693, 169.9691
304.155110, 82.660, 169.8431
306.359143, 82.627, 169.7203
308.579148, 82.594, 169.6013
310.815239, 82.561, 169.4861
313.067535, 82.528, 169.3761
315.336151, 82.494, 169.2727
317.621207, 82.460, 169.1770
319.922821, 82.426, 169.0886
322.241114, 82.392, 169.0051
324.576206, 82.356, 168.9232
326.928219, 82.321, 168.8404
329.297275, 82.285, 168.7569
331.683499, 82.249, 168.6748
334.087014, 82.212, 168.5974
336.507947, 82.174, 168.5281
338.946422, 82.136, 168.4694
341.402567, 82.097, 168.4208
343.876511, 82.058, 168.3804
346.368382, 82.020, 168.3452
348.878310, 81.982, 168.3138
351.406426, 81.944, 168.2856
353.952862, 81.907, 168.2614
356.517750, 81.869, 168.2421
359.101225, 81.832, 168.2287
361.703421, 81.795, 168.2211
364.324473, 81.758, 168.2188
366.964518, 81.721, 168.2213
369.623694, 81.686, 168.2292
372.302140, 81.651, 168.2429
374.999995, 81.618, 168.2616
377.717399, 81.586, 168.2842
380.454495, 81.555, 168.3102
383.211425, 81.524, 168.3405
385.988333, 81.494, 168.3762
388.785364, 81.464, 168.4165
391.602663, 81.434, 168.4589
394.440377, 81.406, 168.5008
397.298655, 81.378, 168.5408
400.177644, 81.350, 168.5785
403.077497, 81.324, 168.6139
405.998362, 81.298, 168.6470
408.940394, 81.273, 168.6771
411.903744, 81.248, 168.7039
414.888569, 81.223, 168.7275
417.895022, 81.198, 168.7500
420.923262, 81.173, 168.7744
423.973445, 81.149, 168.8026
427.045732, 81.125, 168.8342
430.140281, 81.102, 168.8660
433.257255, 81.078, 168.8955
436.396816, 81.054, 168.9221
439.559127, 81.030, 168.9472
442.744354, 81.007, 168.9729
445.952662, 80.983, 169.0009
449.184218, 80.959, 169.0316
452.439192, 80.935, 169.0654
455.717753, 80.911, 169.1016
459.020072, 80.887, 169.1399
462.346321, 80.863, 169.1793
465.696673, 80.837, 169.2187
469.071303, 80.811, 169.2574
472.470387, 80.784, 169.2946
475.894102, 80.758, 169.3298
479.342627, 80.731, 169.3647
482.816141, 80.706, 169.4021
486.314826, 80.681, 169.4424
489.838864, 80.657, 169.4847
493.388438, 80.633, 169.5293
496.963734, 80.609, 169.5774
500.564938, 80.586, 169.6286
504.192238, 80.563, 169.6810
507.845823, 80.541, 169.7330
511.525883, 80.519, 169.7850
515.232610, 80.496, 169.8378
518.966198, 80.472, 169.8920
522.726841, 80.448, 169.9479
526.514735, 80.423, 170.0056
530.330078, 80.397, 170.0653
534.173068, 80.371, 170.1270
538.043907, 80.345, 170.1902
541.942795, 80.320, 170.2552
545.869936, 80.294, 170.3230
549.825534, 80.269, 170.3945
553.809797, 80.243, 170.4702
557.822931, 80.217, 170.5488
561.865146, 80.192, 170.6296
565.936652, 80.167, 170.7126
570.037662, 80.143, 170.7986
574.168390, 80.119, 170.8887
578.329051, 80.096, 170.9830
582.519862, 80.073, 171.0814
586.741041, 80.050, 171.1830
590.992808, 80.027, 171.2860
595.275386, 80.005, 171.3882
599.588997, 79.982, 171.4869
603.933866, 79.960, 171.5802
608.310219, 79.938, 171.6684
612.718286, 79.916, 171.7549
617.158295, 79.893, 171.8440
621.630479, 79.872, 171.9393
626.135069, 79.850, 172.0428
630.672302, 79.829, 172.1539
635.242414, 79.807, 172.2697
639.845642, 79.786, 172.3875
644.482227, 79.765, 172.5059
649.152411, 79.743, 172.6242
653.856437, 79.723, 172.7418
658.594551, 79.702, 172.8578
663.366998, 79.682, 172.9723
668.174029, 79.663, 173.0865
673.015893, 79.643, 173.2015
677.892844, 79.623, 173.3182
682.805135, 79.603, 173.4370
687.753022, 79.584, 173.5587
692.736764, 79.564, 173.6836
697.756620, 79.546, 173.8103
702.812853, 79.527, 173.9372
707.905724, 79.509, 174.0641
713.035501, 79.491, 174.1925
718.202450, 79.473, 174.3232
723.406841, 79.454, 174.4556
728.648945, 79.436, 174.5878
733.929036, 79.418, 174.7186
739.247388, 79.400, 174.8488
744.604279, 79.382, 174.9800
749.999989, 79.365, 175.1128
755.434798, 79.347, 175.2462
760.908990, 79.328, 175.3794
766.422850, 79.309, 175.5132
771.976666, 79.289, 175.6501
777.570727, 79.269, 175.7933
783.205325, 79.249, 175.9442
788.880754, 79.228, 176.1028
794.597309, 79.207, 176.2689
800.355289, 79.187, 176.4427
806.154993, 79.167, 176.6256
811.996725, 79.148, 176.8187
817.880788, 79.130, 177.0218
823.807489, 79.114, 177.2322
829.777138, 79.099, 177.4459
835.790045, 79.085, 177.6591
841.846524, 79.072, 177.8698
847.946891, 79.061, 178.0765
854.091464, 79.049, 178.2792
860.280562, 79.039, 178.4784
866.514510, 79.030, 178.6750
872.793631, 79.022, 178.8690
879.118254, 79.014, 179.0602
885.488707, 79.006, 179.2496
891.905323, 78.998, 179.4392
898.368437, 78.990, 179.6307
904.878385, 78.982, 179.8243
911.435507, 78.974, -179.9819
918.040144, 78.966, -179.7899
924.692641, 78.959, -179.5999
931.393345, 78.951, -179.4108
938.142606, 78.943, -179.2208
944.940774, 78.936, -179.0295
951.788204, 78.929, -178.8372
958.685254, 78.922, -178.6441
965.632282, 78.915, -178.4496
972.629652, 78.909, -178.2526
979.677727, 78.903, -178.0516
986.776876, 78.897, -177.8459
993.927468, 78.892, -177.6359
1001.129876, 78.888, -177.4235
1008.384476, 78.885, -177.2117
1015.691645, 78.882, -177.0024
1023.051766, 78.880, -176.7968
1030.465221, 78.878, -176.5942
1037.932396, 78.875, -176.3932
1045.453682, 78.872, -176.1916
1053.029471, 78.868, -175.9868
1060.660156, 78.864, -175.7769
1068.346137, 78.860, -175.5608
1076.087813, 78.858, -175.3387
1083.885589, 78.856, -175.1123
1091.739871, 78.857, -174.8839
1099.651068, 78.858, -174.6564
1107.619593, 78.860, -174.4313
1115.645861, 78.863, -174.2084
1123.730291, 78.865, -173.9872
1131.873304, 78.868, -173.7677
1140.075325, 78.872, -173.5497
1148.336780, 78.876, -173.3328
1156.658102, 78.880, -173.1166
1165.039724, 78.885, -172.9001
1173.482082, 78.889, -172.6816
1181.985617, 78.894, -172.4590
1190.550772, 78.897, -172.2310
1199.177993, 78.901, -171.9970
1207.867731, 78.905, -171.7564
1216.620439, 78.910, -171.5089
1225.436572, 78.916, -171.2555
1234.316591, 78.925, -170.9994
1243.260957, 78.936, -170.7445
1252.270139, 78.949, -170.4937
1261.344604, 78.964, -170.2483
1270.484827, 78.980, -170.0093
1279.691284, 78.998, -169.7766
1288.964455, 79.016, -169.5488
1298.304823, 79.036, -169.3243
1307.712874, 79.056, -169.1011
1317.189101, 79.078, -168.8788
1326.733996, 79.102, -168.6591
1336.348058, 79.126, -168.4468
1346.031787, 79.152, -168.2496
1355.785688, 79.178, -168.0739
1365.610270, 79.203, -167.9205
1375.506045, 79.228, -167.7856
1385.473529, 79.251, -167.6622
1395.513241, 79.272, -167.5436
1405.625705, 79.292, -167.4235
1415.811448, 79.311, -167.2972
1426.071002, 79.329, -167.1642
1436.404900, 79.348, -167.0278
1446.813682, 79.368, -166.8928
1457.297890, 79.388, -166.7645
1467.858072, 79.408, -166.6462
1478.494776, 79.427, -166.5375
1489.208559, 79.444, -166.4341
1499.999978, 79.458, -166.3300
1510.869596, 79.471, -166.2177
1521.817980, 79.480, -166.0890
1532.845701, 79.489, -165.9362
1543.953332, 79.498, -165.7562
1555.141455, 79.508, -165.5511
1566.410651, 79.522, -165.3262
1577.761508, 79.541, -165.0872
1589.194618, 79.567, -164.8407
1600.710578, 79.601, -164.5946
1612.309986, 79.645, -164.3593
1623.993449, 79.699, -164.1454
1635.761575, 79.765, -163.9620
1647.614978, 79.842, -163.8134
1659.554275, 79.928, -163.6981
1671.580089, 80.020, -163.6099
1683.693048, 80.113, -163.5414
1695.893782, 80.203, -163.4873
1708.182927, 80.285, -163.4444
1720.561125, 80.356, -163.4089
1733.029020, 80.412, -163.3757
1745.587263, 80.452, -163.3392
1758.236508, 80.478, -163.2971
1770.977414, 80.491, -163.2497
1783.810646, 80.495, -163.1987
1796.736874, 80.492, -163.1445
1809.756770, 80.485, -163.0858
1822.871013, 80.478, -163.0208
1836.080288, 80.471, -162.9473
1849.385283, 80.467, -162.8629
1862.786691, 80.466, -162.7684
1876.285211, 80.470, -162.6705
1889.881547, 80.477, -162.5834
1903.576408, 80.486, -162.5225
1917.370507, 80.495, -162.4983
1931.264564, 80.503, -162.5132
1945.259304, 80.506, -162.5614
1959.355454, 80.505, -162.6315
1973.553752, 80.499, -162.7108
1987.854936, 80.491, -162.7913
2002.259752, 80.481, -162.8733
2016.768952, 80.469, -162.9597
2031.383291, 80.455, -163.0477
2046.103531, 80.438, -163.1259
2060.930441, 80.420, -163.1830
2075.864793, 80.403, -163.2220
2090.907365, 80.391, -163.2635
2106.058941, 80.384, -163.3352
2121.320313, 80.381, -163.4603
2136.692274, 80.379, -163.6560
2152.175627, 80.374, -163.9331
2167.771179, 80.362, -164.2901
2183.479742, 80.336, -164.7068
2199.302137, 80.295, -165.1472
2215.239187, 80.237, -165.5699
2231.291723, 80.165, -165.9373
2247.460582, 80.083, -166.2208
2263.746608, 79.998, -166.4050
2280.150649, 79.916, -166.4883
2296.673561, 79.847, -166.4850
2313.316204, 79.796, -166.4295
2330.079447, 79.770, -166.3754
2346.964163, 79.766, -166.3860
2363.971233, 79.780, -166.5176
2381.101543, 79.802, -166.7957
2398.355986, 79.820, -167.2013
2415.735463, 79.826, -167.6820
2433.240878, 79.819, -168.1776
2450.873144, 79.799, -168.6405
2468.633181, 79.773, -169.0454
2486.521915, 79.745, -169.3925
2504.540278, 79.721, -169.7037
2522.689209, 79.704, -170.0104
2540.969655, 79.694, -170.3431
2559.382568, 79.689, -170.7280
2577.928909, 79.687, -171.1838
2596.609645, 79.684, -171.7173
2615.425749, 79.674, -172.3154
2634.378202, 79.654, -172.9410
2653.467992, 79.623, -173.5396
2672.696115, 79.585, -174.0579
2692.063573, 79.549, -174.4680
2711.571376, 79.521, -174.7793
2731.220539, 79.506, -175.0242
2751.012089, 79.503, -175.2343
2770.947057, 79.511, -175.4304
2791.026482, 79.525, -175.6241
2811.251410, 79.543, -175.8191
2831.622897, 79.562, -176.0147
2852.142003, 79.580, -176.2119
2872.809800, 79.595, -176.4135
2893.627364, 79.607, -176.6232
2914.595781, 79.613, -176.8446
2935.716143, 79.611, -177.0826
2956.989553, 79.602, -177.3426
2978.417118, 79.582, -177.6299
2999.999956, 79.551, -177.9500
3021.739192, 79.506, -178.3016
3043.635960, 79.444, -178.6725
3065.691401, 79.366, -179.0445
3087.906665, 79.272, -179.4023
3110.282909, 79.164, -179.7354
3132.821301, 79.040, 179.9733
3155.523016, 78.902, 179.7617
3178.389237, 78.754, 179.6747
3201.421155, 78.608, 179.7247
3224.619973, 78.473, 179.8776
3247.986898, 78.353, -179.9271
3271.523150, 78.250, -179.7470
3295.229956, 78.160, -179.6216
3319.108550, 78.078, -179.5773
3343.160179, 77.998, -179.6295
3367.386096, 77.912, -179.7679
3391.787563, 77.816, -179.9463
3416.365854, 77.709, 179.8936
3441.122250, 77.597, 179.7876
3466.058040, 77.489, 179.7367
3491.174525, 77.391, 179.7096
3516.473015, 77.310, 179.6505
3541.954828, 77.245, 179.4866
3567.621293, 77.191, 179.1463
3593.473747, 77.138, 178.5887
3619.513539, 77.074, 177.8219
3645.742027, 76.990, 176.8997
3672.160576, 76.887, 175.8881
3698.770566, 76.777, 174.8113
3725.573382, 76.672, 173.6146
3752.570422, 76.582, 172.1749
3779.763094, 76.500, 170.3498
3807.152816, 76.411, 168.0332
3834.741015, 76.289, 165.1894
3862.529129, 76.113, 161.8563
3890.518607, 75.870, 158.1033
3918.710909, 75.561, 153.9700
3947.107503, 75.192, 149.4274
3975.709871, 74.768, 144.3695
4004.519504, 74.285, 138.6419
4033.537903, 73.725, 132.0842
4062.766581, 73.061, 124.5401
4092.207063, 72.266, 115.8150
4121.860882, 71.323, 105.5523
4151.729585, 70.241, 92.9670
4181.814729, 69.074, 76.4127
4212.117883, 67.942, 53.4848
4242.640625, 67.046, 24.8854
4273.384548, 66.614, -1.0112
4304.351254, 66.756, -18.5815
4335.542358, 67.377, -29.4984
4366.959485, 68.278, -36.4625
4398.604273, 69.296, -41.1579
4430.478373, 70.339, -44.5121
4462.583446, 71.371, -47.0511
4494.921165, 72.380, -49.1002
4527.493217, 73.363, -50.8903
4560.301299, 74.320, -52.6005
4593.347122, 75.248, -54.3552
4626.632409, 76.144, -56.2158
4660.158894, 77.009, -58.1978
4693.928327, 77.849, -60.2966
4727.942466, 78.670, -62.5095
4762.203086, 79.480, -64.8508
4796.711973, 80.280, -67.3585
4831.470925, 81.072, -70.0845
4866.481755, 81.848, -73.0783
4901.746288, 82.603, -76.3777
4937.266362, 83.326, -80.0074
4973.043830, 84.007, -83.9785
5009.080555, 84.636, -88.2871
5045.378418, 85.200, -92.9133
5081.939310, 85.686, -97.8159
5118.765137, 86.084, -102.9280
5155.857819, 86.386, -108.1579
5193.219290, 86.589, -113.3962
5230.851498, 86.695, -118.5275
5268.756404, 86.711, -123.4429
5306.935985, 86.647, -128.0530
5345.392231, 86.519, -132.2938
5384.127146, 86.341, -136.1307
5423.142751, 86.127, -139.5568
5462.441079, 85.889, -142.5881
5502.024179, 85.637, -145.2557
5541.894114, 85.381, -147.5977
5582.052963, 85.125, -149.6587
5622.502820, 84.876, -151.4913
5663.245793, 84.636, -153.1517
5704.284007, 84.407, -154.6912
5745.619600, 84.187, -156.1467
5787.254728, 83.976, -157.5442
5829.191562, 83.772, -158.9094
5871.432287, 83.577, -160.2786
5913.979105, 83.386, -161.6919
5956.834236, 83.193, -163.1780
5999.999912, 82.989, -164.7422
6043.478385, 82.766, -166.3677
6087.271921, 82.515, -168.0203
6131.382802, 82.230, -169.6489
6175.813330, 81.905, -171.1819
6220.565819, 81.540, -172.5334
6265.642603, 81.139, -173.6196
6311.046032, 80.712, -174.3793
6356.778473, 80.274, -174.7880
6402.842310, 79.835, -174.8507
6449.239945, 79.408, -174.5869
6495.973796, 79.001, -174.0229
6543.046300, 78.626, -173.1990
6590.459911, 78.290, -172.1719
6638.217100, 77.997, -171.0020
6686.320358, 77.750, -169.7393
6734.772191, 77.554, -168.4301
6783.575127, 77.410, -167.1410
6832.731709, 77.319, -165.9608
6882.244499, 77.275, -164.9783
6932.116080, 77.269, -164.2632
6982.349051, 77.287, -163.8605
7032.946030, 77.315, -163.7885
7083.909656, 77.337, -164.0337
7135.242586, 77.338, -164.5500
7186.947495, 77.306, -165.2604
7239.027079, 77.236, -166.0615
7291.484053, 77.128, -166.8396
7344.321152, 76.989, -167.4904
7397.541131, 76.833, -167.9396
7451.146763, 76.681, -168.1677
7505.140844, 76.551, -168.2234
7559.526189, 76.454, -168.2037
7614.305632, 76.391, -168.2117
7669.482029, 76.358, -168.3201
7725.058258, 76.345, -168.5649
7781.037214, 76.342, -168.9541
7837.421817, 76.344, -169.4789
7894.215007, 76.344, -170.1265
7951.419743, 76.338, -170.8862
8009.039008, 76.322, -171.7487
8067.075806, 76.293, -172.6995
8125.533163, 76.248, -173.7208
8184.414126, 76.185, -174.7921
8243.721764, 76.101, -175.8892
8303.459170, 75.997, -176.9812
8363.629458, 75.873, -178.0317
8424.235765, 75.732, -179.0035
8485.281250, 75.578, -179.8652
8546.769096, 75.417, 179.4067
8608.702508, 75.256, 178.8254
8671.084715, 75.100, 178.3982
8733.918969, 74.955, 178.1335
8797.208547, 74.826, 178.0460
8860.956746, 74.722, 178.1521
8925.166891, 74.655, 178.4609
8989.842330, 74.639, 178.9561
9054.986433, 74.692, 179.5754
9120.602598, 74.829, -179.7988
9186.694244, 75.060, -179.3352
9253.264817, 75.382, -179.2350
9320.317788, 75.778, -179.7000
9387.856653, 76.222, 179.1069
9455.884932, 76.677, 177.0895
9524.406173, 77.106, 174.2319
9593.423946, 77.474, 170.6000
9662.941850, 77.755, 166.3252
9732.963510, 77.932, 161.5786
9803.492576, 77.999, 156.5416
9874.532725, 77.960, 151.3804
9946.087659, 77.829, 146.2251
10018.161110, 77.619, 141.1613
10090.756835, 77.349, 136.2322
10163.878619, 77.038, 131.4404
10237.530273, 76.701, 126.7501
10311.715638, 76.351, 122.0944
10386.438580, 75.996, 117.3872
10461.702996, 75.636, 112.5388
10537.512808, 75.262, 107.4766
10613.871970, 74.862, 102.1598
10690.784461, 74.424, 96.5807
10768.254293, 73.936, 90.7554
10846.285502, 73.391, 84.7083
10924.882158, 72.790, 78.4530
11004.048358, 72.138, 71.9797
11083.788228, 71.445, 65.2498
11164.105927, 70.724, 58.1951
11245.005640, 69.996, 50.7217
11326.491587, 69.283, 42.7223
11408.568014, 68.619, 34.0931
11491.239200, 68.042, 24.7576
11574.509457, 67.598, 14.7089
11658.383123, 67.332, 4.0459
11742.864573, 67.277, -7.0198
11827.958211, 67.444, -18.1998
11913.668472, 67.818, -29.2130
11999.999825, 68.369, -39.8691
12086.956770, 69.054, -50.1051
12174.543841, 69.828, -59.9729
12262.765605, 70.647, -69.5938
12351.626659, 71.468, -79.1064
12441.131638, 72.256, -88.6284
12531.285206, 72.979, -98.2340
12622.092064, 73.615, -107.9479
12713.556946, 74.145, -117.7502
12805.684621, 74.560, -127.5847
12898.479890, 74.856, -137.3688
12991.947593, 75.035, -147.0076
13086.092601, 75.107, -156.4111
13180.919822, 75.089, -165.5084
13276.434201, 74.997, -174.2523
13372.640716, 74.851, 177.3799
13469.544383, 74.671, 169.3853
13567.150254, 74.480, 161.7273
13665.463417, 74.299, 154.3269
13764.488998, 74.142, 147.0641
13864.232160, 74.012, 139.7959
13964.698101, 73.897, 132.3867
14065.892060, 73.770, 124.7432
14167.819312, 73.598, 116.8405
14270.485171, 73.350, 108.7301
14373.894990, 73.003, 100.5217
14478.054158, 72.547, 92.3488
14582.968107, 71.986, 84.3308
14688.642305, 71.329, 76.5574
14795.082262, 70.584, 69.1112
14902.293527, 69.754, 62.1381
15010.281689, 68.839, 55.9581
15119.052378, 67.854, 51.2040
15228.611264, 66.868, 48.9396
15338.964058, 66.039, 50.4614
15450.116515, 65.607, 55.8951
15562.074428, 65.727, 62.0516
15674.843635, 66.301, 64.5480
15788.430013, 67.066, 62.1401
15902.839485, 67.805, 55.9508
16018.078016, 68.402, 47.3502
16134.151612, 68.821, 37.3149
16251.066326, 69.062, 26.4650
16368.828251, 69.144, 15.1852
16487.443528, 69.094, 3.7083
16606.918341, 68.945, -7.8434
16727.258917, 68.731, -19.4351
16848.471530, 68.477, -31.0975
16970.562500, 68.202, -42.8973
17093.538192, 67.909, -54.9045
17217.405016, 67.597, -67.1752
17342.169430, 67.259, -79.7450
17467.837939, 66.887, -92.6300
17594.417093, 66.475, -105.8340
17721.913492, 66.015, -119.3499
17850.333783, 65.498, -133.1586
17979.684660, 64.913, -147.2238
18109.972866, 64.251, -161.4839
18241.205195, 63.506, -175.8542
18373.388487, 62.693, 169.7523
18506.529634, 61.853, 155.3734
18640.635577, 61.066, 140.9301
18775.713306, 60.443, 126.1730
18911.769865, 60.082, 110.6777
19048.812345, 60.001, 93.9088
19186.847892, 60.112, 75.3328
19325.883701, 60.276, 54.5133
19465.927021, 60.376, 31.2974
19606.985152, 60.353, 6.4860
19749.065449, 60.221, -17.1260
19892.175318, 60.047, -35.3700
20036.322221, 59.926, -45.1241
