* Measurement data measured by REW V5.40 beta 55
* Source: Headset (USB-C to 3.5mm Headphone Jack Adapter), MICROPHONE (Master Volume), L, volume: 0.250
* Format: 256k Log Swept Sine, 1 sweep at -6.0 dBFS with no timing reference
* Dated: Jan 16, 2025 11:04:41 PM
* REW Settings:
*  C-weighting compensation: Off
*  Target level: 75.0 dB
* Note: ; 
* Measurement: Yaxi Right 19
* Smoothing: 1/12 octave
* Frequency Step: 96 ppo
* Start Frequency: 20.0 Hz
*
* Freq(Hz), SPL(dB), Phase(degrees)
19.995176, 72.519, -14.2774
20.140070, 72.629, -14.7609
20.286013, 72.744, -15.2515
20.433014, 72.863, -15.7583
20.581080, 72.986, -16.2882
20.730219, 73.110, -16.8450
20.880438, 73.234, -17.4289
21.031747, 73.357, -18.0371
21.184151, 73.477, -18.6639
21.337660, 73.594, -19.3013
21.492282, 73.708, -19.9407
21.648024, 73.818, -20.5734
21.804894, 73.926, -21.1923
21.962902, 74.033, -21.7925
22.122054, 74.141, -22.3725
22.282359, 74.250, -22.9341
22.443827, 74.363, -23.4832
22.606464, 74.479, -24.0278
22.770280, 74.599, -24.5783
22.935282, 74.723, -25.1448
23.101481, 74.848, -25.7361
23.268884, 74.973, -26.3573
23.437500, 75.097, -27.0094
23.607337, 75.215, -27.6877
23.778406, 75.328, -28.3827
23.950714, 75.433, -29.0799
24.124271, 75.531, -29.7624
24.299085, 75.622, -30.4124
24.475166, 75.708, -31.0143
24.652524, 75.793, -31.5575
24.831166, 75.881, -32.0390
25.011103, 75.974, -32.4652
25.192344, 76.078, -32.8524
25.374898, 76.194, -33.2256
25.558775, 76.322, -33.6150
25.743984, 76.462, -34.0515
25.930536, 76.609, -34.5616
26.118439, 76.760, -35.1630
26.307704, 76.908, -35.8611
26.498340, 77.048, -36.6483
26.690358, 77.175, -37.5051
26.883768, 77.287, -38.4030
27.078578, 77.382, -39.3081
27.274801, 77.462, -40.1865
27.472445, 77.529, -41.0084
27.671522, 77.589, -41.7532
27.872041, 77.647, -42.4125
28.074014, 77.709, -42.9917
28.277450, 77.778, -43.5089
28.482360, 77.858, -43.9916
28.688755, 77.949, -44.4708
28.896645, 78.049, -44.9753
29.106042, 78.155, -45.5258
29.316956, 78.262, -46.1315
29.529399, 78.366, -46.7902
29.743381, 78.464, -47.4888
29.958914, 78.554, -48.2077
30.176009, 78.636, -48.9245
30.394677, 78.712, -49.6188
30.614929, 78.783, -50.2756
30.836777, 78.852, -50.8876
31.060233, 78.924, -51.4564
31.285309, 79.001, -51.9915
31.512015, 79.083, -52.5082
31.740364, 79.173, -53.0250
31.970368, 79.268, -53.5592
32.202038, 79.366, -54.1241
32.435387, 79.466, -54.7267
32.670428, 79.564, -55.3663
32.907171, 79.657, -56.0344
33.145630, 79.744, -56.7174
33.385817, 79.826, -57.3983
33.627744, 79.902, -58.0608
33.871425, 79.975, -58.6925
34.116871, 80.047, -59.2879
34.364096, 80.122, -59.8500
34.613112, 80.201, -60.3895
34.863933, 80.285, -60.9221
35.116572, 80.375, -61.4643
35.371041, 80.468, -62.0296
35.627354, 80.562, -62.6248
35.885524, 80.654, -63.2491
36.145566, 80.743, -63.8947
36.407491, 80.828, -64.5503
36.671315, 80.910, -65.2043
36.937051, 80.989, -65.8483
37.204712, 81.067, -66.4784
37.474312, 81.145, -67.0965
37.745867, 81.224, -67.7083
38.019389, 81.304, -68.3212
38.294893, 81.384, -68.9420
38.572393, 81.464, -69.5748
38.851905, 81.542, -70.2194
39.133442, 81.617, -70.8710
39.417019, 81.688, -71.5210
39.702651, 81.754, -72.1584
39.990353, 81.818, -72.7725
40.280139, 81.880, -73.3560
40.572026, 81.944, -73.9078
40.866027, 82.011, -74.4351
41.162159, 82.083, -74.9521
41.460437, 82.160, -75.4775
41.760877, 82.240, -76.0283
42.063493, 82.322, -76.6149
42.368303, 82.402, -77.2376
42.675321, 82.478, -77.8873
42.984564, 82.548, -78.5491
43.296048, 82.614, -79.2083
43.609789, 82.677, -79.8550
43.925803, 82.738, -80.4872
44.244108, 82.800, -81.1093
44.564719, 82.863, -81.7282
44.887653, 82.926, -82.3489
45.212928, 82.988, -82.9719
45.540559, 83.050, -83.5934
45.870565, 83.111, -84.2087
46.202962, 83.172, -84.8157
46.537767, 83.235, -85.4167
46.874999, 83.299, -86.0173
47.214675, 83.364, -86.6234
47.556812, 83.428, -87.2373
47.901428, 83.492, -87.8569
48.248542, 83.553, -88.4763
48.598170, 83.613, -89.0892
48.950333, 83.671, -89.6917
49.305047, 83.728, -90.2830
49.662332, 83.785, -90.8646
50.022206, 83.841, -91.4381
50.384687, 83.898, -92.0045
50.749795, 83.954, -92.5652
51.117549, 84.011, -93.1245
51.487968, 84.070, -93.6898
51.861071, 84.129, -94.2706
52.236878, 84.189, -94.8746
52.615408, 84.248, -95.5048
52.996681, 84.304, -96.1582
53.380716, 84.356, -96.8278
53.767535, 84.407, -97.5057
54.157157, 84.455, -98.1855
54.549602, 84.503, -98.8639
54.944891, 84.551, -99.5403
55.343044, 84.602, -100.2173
55.744083, 84.655, -100.8994
56.148027, 84.711, -101.5912
56.554899, 84.768, -102.2957
56.964719, 84.827, -103.0126
57.377509, 84.887, -103.7404
57.793290, 84.946, -104.4791
58.212084, 85.004, -105.2302
58.633913, 85.058, -105.9910
59.058798, 85.105, -106.7480
59.486763, 85.144, -107.4755
59.917828, 85.175, -108.1430
60.352018, 85.204, -108.7324
60.789353, 85.236, -109.2486
61.229858, 85.273, -109.7191
61.673555, 85.317, -110.1792
62.120467, 85.365, -110.6549
62.570617, 85.411, -111.1551
63.024030, 85.456, -111.6757
63.480728, 85.496, -112.2086
63.940735, 85.534, -112.7488
64.404076, 85.570, -113.2951
64.870775, 85.605, -113.8495
65.340855, 85.638, -114.4155
65.814342, 85.672, -114.9969
66.291260, 85.704, -115.5955
66.771634, 85.736, -116.2095
67.255488, 85.767, -116.8342
67.742849, 85.796, -117.4645
68.233742, 85.826, -118.0968
68.728192, 85.856, -118.7289
69.226225, 85.886, -119.3598
69.727866, 85.915, -119.9885
70.233143, 85.945, -120.6138
70.742082, 85.974, -121.2346
71.254708, 86.002, -121.8497
71.771049, 86.029, -122.4587
72.291131, 86.056, -123.0615
72.814983, 86.081, -123.6585
73.342630, 86.105, -124.2500
73.874101, 86.128, -124.8374
74.409423, 86.150, -125.4224
74.948625, 86.172, -126.0073
75.491733, 86.193, -126.5942
76.038777, 86.213, -127.1833
76.589786, 86.233, -127.7734
77.144787, 86.251, -128.3627
77.703810, 86.269, -128.9493
78.266884, 86.286, -129.5327
78.834038, 86.303, -130.1127
79.405302, 86.320, -130.6890
79.980705, 86.337, -131.2610
80.560278, 86.353, -131.8301
81.144051, 86.370, -132.3984
81.732055, 86.386, -132.9679
82.324319, 86.401, -133.5380
82.920875, 86.414, -134.1062
83.521754, 86.427, -134.6711
84.126987, 86.440, -135.2329
84.736605, 86.452, -135.7928
85.350642, 86.464, -136.3518
85.969128, 86.476, -136.9098
86.592096, 86.487, -137.4675
87.219578, 86.499, -138.0255
87.851607, 86.511, -138.5845
88.488216, 86.522, -139.1440
89.129438, 86.532, -139.7028
89.775306, 86.542, -140.2589
90.425855, 86.550, -140.8115
91.081118, 86.559, -141.3608
91.741129, 86.567, -141.9082
92.405924, 86.574, -142.4548
93.075535, 86.580, -143.0007
93.749999, 86.585, -143.5447
94.429350, 86.589, -144.0859
95.113624, 86.592, -144.6252
95.802856, 86.596, -145.1639
96.497083, 86.598, -145.7034
97.196341, 86.599, -146.2430
97.900666, 86.600, -146.7817
98.610094, 86.600, -147.3165
99.324664, 86.599, -147.8455
100.044411, 86.597, -148.3680
100.769374, 86.596, -148.8853
101.499591, 86.594, -149.3976
102.235098, 86.592, -149.9047
102.975936, 86.590, -150.4071
103.722142, 86.589, -150.9082
104.473756, 86.587, -151.4116
105.230815, 86.585, -151.9182
105.993361, 86.583, -152.4269
106.761433, 86.579, -152.9360
107.535070, 86.576, -153.4453
108.314314, 86.572, -153.9551
109.099204, 86.566, -154.4648
109.889782, 86.560, -154.9724
110.686088, 86.553, -155.4751
111.488165, 86.545, -155.9716
112.296055, 86.535, -156.4624
113.109798, 86.524, -156.9476
113.929438, 86.512, -157.4266
114.755018, 86.498, -157.9001
115.586580, 86.484, -158.3699
116.424168, 86.469, -158.8381
117.267826, 86.454, -159.3066
118.117597, 86.438, -159.7769
118.973525, 86.422, -160.2483
119.835657, 86.406, -160.7185
120.704035, 86.390, -161.1832
121.578706, 86.373, -161.6394
122.459716, 86.356, -162.0854
123.347109, 86.340, -162.5216
124.240933, 86.323, -162.9503
125.141234, 86.307, -163.3761
126.048059, 86.290, -163.8025
126.961456, 86.271, -164.2302
127.881471, 86.252, -164.6570
128.808153, 86.231, -165.0803
129.741550, 86.209, -165.4980
130.681710, 86.187, -165.9088
131.628684, 86.164, -166.3140
132.582520, 86.141, -166.7156
133.543267, 86.118, -167.1149
134.510977, 86.094, -167.5112
135.485699, 86.068, -167.9031
136.467484, 86.042, -168.2896
137.456384, 86.016, -168.6711
138.452449, 85.989, -169.0481
139.455733, 85.961, -169.4196
140.466286, 85.932, -169.7834
141.484163, 85.902, -170.1379
142.509416, 85.872, -170.4834
143.542098, 85.840, -170.8235
144.582263, 85.808, -171.1626
145.629965, 85.776, -171.5031
146.685260, 85.744, -171.8420
147.748202, 85.712, -172.1731
148.818846, 85.683, -172.4890
149.897249, 85.656, -172.7839
150.983466, 85.631, -173.0564
152.077555, 85.608, -173.3102
153.179572, 85.587, -173.5535
154.289574, 85.565, -173.7957
155.407620, 85.541, -174.0442
156.533767, 85.514, -174.3013
157.668076, 85.485, -174.5662
158.810603, 85.454, -174.8379
159.961411, 85.424, -175.1157
161.120557, 85.394, -175.3960
162.288103, 85.365, -175.6740
163.464109, 85.337, -175.9458
164.648638, 85.310, -176.2100
165.841750, 85.284, -176.4680
167.043507, 85.258, -176.7227
168.253973, 85.234, -176.9779
169.473211, 85.210, -177.2367
170.701284, 85.187, -177.4990
171.938256, 85.163, -177.7622
173.184191, 85.139, -178.0233
174.439155, 85.114, -178.2803
175.703213, 85.089, -178.5331
176.976431, 85.063, -178.7826
178.258875, 85.037, -179.0291
179.550613, 85.010, -179.2722
180.851710, 84.983, -179.5132
182.162236, 84.956, -179.7545
183.482259, 84.929, -179.9985
184.811847, 84.902, 179.7539
186.151070, 84.874, 179.5039
187.499997, 84.847, 179.2523
188.858700, 84.819, 179.0005
190.227248, 84.790, 178.7506
191.605713, 84.759, 178.5049
192.994167, 84.726, 178.2653
194.392682, 84.691, 178.0322
195.801331, 84.655, 177.8071
197.220189, 84.618, 177.5928
198.649327, 84.581, 177.3943
200.088822, 84.543, 177.2178
201.538748, 84.507, 177.0677
202.999181, 84.470, 176.9443
204.470197, 84.436, 176.8430
205.951872, 84.403, 176.7563
207.444284, 84.374, 176.6768
208.947511, 84.348, 176.5984
210.461631, 84.325, 176.5171
211.986723, 84.306, 176.4275
213.522866, 84.290, 176.3228
215.070141, 84.275, 176.1973
216.628627, 84.261, 176.0490
218.198408, 84.248, 175.8790
219.779563, 84.234, 175.6909
221.372177, 84.219, 175.4882
222.976331, 84.202, 175.2732
224.592109, 84.184, 175.0475
226.219596, 84.165, 174.8130
227.858877, 84.144, 174.5724
229.510036, 84.122, 174.3281
231.173160, 84.098, 174.0820
232.848336, 84.073, 173.8350
234.535651, 84.046, 173.5889
236.235193, 84.017, 173.3458
237.947051, 83.987, 173.1116
239.671313, 83.955, 172.8964
241.408071, 83.922, 172.7100
243.157413, 83.888, 172.5520
244.919432, 83.854, 172.4124
246.694219, 83.819, 172.2778
248.481867, 83.784, 172.1403
250.282469, 83.750, 171.9969
252.096119, 83.716, 171.8503
253.922911, 83.683, 171.7051
255.762941, 83.650, 171.5646
257.616305, 83.616, 171.4297
259.483099, 83.583, 171.2983
261.363421, 83.549, 171.1685
263.257368, 83.515, 171.0405
265.165039, 83.481, 170.9167
267.086534, 83.447, 170.7975
269.021953, 83.412, 170.6805
270.971397, 83.378, 170.5629
272.934968, 83.344, 170.4426
274.912767, 83.310, 170.3203
276.904898, 83.276, 170.1980
278.911465, 83.241, 170.0792
280.932573, 83.205, 169.9667
282.968326, 83.168, 169.8612
285.018831, 83.130, 169.7615
287.084195, 83.093, 169.6658
289.164526, 83.057, 169.5748
291.259931, 83.022, 169.4916
293.370520, 82.989, 169.4194
295.496404, 82.957, 169.3577
297.637693, 82.924, 169.3015
299.794498, 82.889, 169.2467
301.966933, 82.854, 169.1929
304.155110, 82.818, 169.1411
306.359143, 82.782, 169.0913
308.579148, 82.746, 169.0422
310.815239, 82.712, 168.9929
313.067535, 82.678, 168.9443
315.336151, 82.645, 168.8975
317.621207, 82.613, 168.8528
319.922821, 82.580, 168.8103
322.241114, 82.546, 168.7694
324.576206, 82.512, 168.7281
326.928219, 82.477, 168.6840
329.297275, 82.443, 168.6359
331.683499, 82.409, 168.5859
334.087014, 82.377, 168.5367
336.507947, 82.347, 168.4913
338.946422, 82.317, 168.4529
341.402567, 82.288, 168.4236
343.876511, 82.259, 168.4043
346.368382, 82.231, 168.3931
348.878310, 82.202, 168.3875
351.406426, 82.173, 168.3843
353.952862, 82.143, 168.3811
356.517750, 82.112, 168.3751
359.101225, 82.080, 168.3647
361.703421, 82.048, 168.3492
364.324473, 82.015, 168.3307
366.964518, 81.983, 168.3137
369.623694, 81.950, 168.3026
372.302140, 81.918, 168.2988
374.999995, 81.887, 168.3003
377.717399, 81.856, 168.3038
380.454495, 81.826, 168.3082
383.211425, 81.797, 168.3135
385.988333, 81.767, 168.3202
388.785364, 81.737, 168.3284
391.602663, 81.707, 168.3379
394.440377, 81.678, 168.3474
397.298655, 81.648, 168.3551
400.177644, 81.620, 168.3599
403.077497, 81.591, 168.3616
405.998362, 81.562, 168.3601
408.940394, 81.533, 168.3547
411.903744, 81.504, 168.3445
414.888569, 81.474, 168.3313
417.895022, 81.445, 168.3196
420.923262, 81.415, 168.3125
423.973445, 81.386, 168.3086
427.045732, 81.357, 168.3030
430.140281, 81.329, 168.2908
433.257255, 81.301, 168.2689
436.396816, 81.273, 168.2354
439.559127, 81.245, 168.1882
442.744354, 81.216, 168.1260
445.952662, 81.184, 168.0480
449.184218, 81.149, 167.9536
452.439192, 81.109, 167.8452
455.717753, 81.064, 167.7292
459.020072, 81.012, 167.6166
462.346321, 80.951, 167.5223
465.696673, 80.881, 167.4636
469.071303, 80.801, 167.4603
472.470387, 80.715, 167.5348
475.894102, 80.627, 167.7063
479.342627, 80.542, 167.9817
482.816141, 80.466, 168.3496
486.314826, 80.402, 168.7830
489.838864, 80.352, 169.2476
493.388438, 80.316, 169.7102
496.963734, 80.293, 170.1458
500.564938, 80.280, 170.5383
504.192238, 80.274, 170.8809
507.845823, 80.272, 171.1730
511.525883, 80.270, 171.4193
515.232610, 80.268, 171.6265
518.966198, 80.264, 171.8005
522.726841, 80.259, 171.9487
526.514735, 80.252, 172.0803
530.330078, 80.244, 172.2048
534.173068, 80.234, 172.3284
538.043907, 80.222, 172.4531
541.942795, 80.208, 172.5784
545.869936, 80.194, 172.7034
549.825534, 80.179, 172.8281
553.809797, 80.164, 172.9517
557.822931, 80.148, 173.0715
561.865146, 80.132, 173.1860
565.936652, 80.115, 173.2949
570.037662, 80.097, 173.4014
574.168390, 80.079, 173.5095
578.329051, 80.059, 173.6229
582.519862, 80.040, 173.7434
586.741041, 80.021, 173.8702
590.992808, 80.001, 173.9999
595.275386, 79.982, 174.1310
599.588997, 79.963, 174.2656
603.933866, 79.944, 174.4056
608.310219, 79.925, 174.5510
612.718286, 79.905, 174.7003
617.158295, 79.885, 174.8514
621.630479, 79.865, 175.0027
626.135069, 79.845, 175.1527
630.672302, 79.826, 175.3013
635.242414, 79.806, 175.4496
639.845642, 79.786, 175.5994
644.482227, 79.767, 175.7516
649.152411, 79.749, 175.9066
653.856437, 79.731, 176.0640
658.594551, 79.713, 176.2236
663.366998, 79.695, 176.3872
668.174029, 79.678, 176.5559
673.015893, 79.660, 176.7308
677.892844, 79.642, 176.9116
682.805135, 79.626, 177.0964
687.753022, 79.610, 177.2825
692.736764, 79.595, 177.4672
697.756620, 79.580, 177.6497
702.812853, 79.566, 177.8296
707.905724, 79.551, 178.0081
713.035501, 79.535, 178.1858
718.202450, 79.519, 178.3634
723.406841, 79.503, 178.5417
728.648945, 79.488, 178.7219
733.929036, 79.473, 178.9062
739.247388, 79.457, 179.0969
744.604279, 79.441, 179.2947
749.999989, 79.425, 179.4983
755.434798, 79.409, 179.7034
760.908990, 79.393, 179.9069
766.422850, 79.378, -179.8904
771.976666, 79.363, -179.6853
777.570727, 79.348, -179.4758
783.205325, 79.334, -179.2616
788.880754, 79.321, -179.0443
794.597309, 79.308, -178.8271
800.355289, 79.296, -178.6128
806.154993, 79.284, -178.4009
811.996725, 79.271, -178.1890
817.880788, 79.259, -177.9741
823.807489, 79.247, -177.7549
829.777138, 79.235, -177.5320
835.790045, 79.225, -177.3065
841.846524, 79.216, -177.0797
847.946891, 79.207, -176.8523
854.091464, 79.199, -176.6245
860.280562, 79.191, -176.3959
866.514510, 79.183, -176.1656
872.793631, 79.176, -175.9336
879.118254, 79.169, -175.6991
885.488707, 79.162, -175.4624
891.905323, 79.155, -175.2244
898.368437, 79.149, -174.9858
904.878385, 79.143, -174.7477
911.435507, 79.136, -174.5094
918.040144, 79.130, -174.2703
924.692641, 79.124, -174.0302
931.393345, 79.118, -173.7902
938.142606, 79.111, -173.5510
944.940774, 79.105, -173.3121
951.788204, 79.099, -173.0719
958.685254, 79.094, -172.8287
965.632282, 79.089, -172.5829
972.629652, 79.085, -172.3357
979.677727, 79.082, -172.0872
986.776876, 79.078, -171.8364
993.927468, 79.074, -171.5807
1001.129876, 79.070, -171.3164
1008.384476, 79.067, -171.0420
1015.691645, 79.064, -170.7594
1023.051766, 79.063, -170.4739
1030.465221, 79.063, -170.1904
1037.932396, 79.064, -169.9116
1045.453682, 79.065, -169.6373
1053.029471, 79.067, -169.3652
1060.660156, 79.070, -169.0933
1068.346137, 79.073, -168.8207
1076.087813, 79.076, -168.5490
1083.885589, 79.080, -168.2791
1091.739871, 79.084, -168.0095
1099.651068, 79.087, -167.7374
1107.619593, 79.090, -167.4606
1115.645861, 79.094, -167.1787
1123.730291, 79.097, -166.8932
1131.873304, 79.101, -166.6066
1140.075325, 79.104, -166.3193
1148.336780, 79.108, -166.0291
1156.658102, 79.111, -165.7305
1165.039724, 79.115, -165.4197
1173.482082, 79.120, -165.0952
1181.985617, 79.127, -164.7581
1190.550772, 79.135, -164.4103
1199.177993, 79.145, -164.0542
1207.867731, 79.157, -163.6917
1216.620439, 79.171, -163.3245
1225.436572, 79.189, -162.9542
1234.316591, 79.209, -162.5823
1243.260957, 79.232, -162.2100
1252.270139, 79.259, -161.8396
1261.344604, 79.290, -161.4763
1270.484827, 79.325, -161.1272
1279.691284, 79.363, -160.7999
1288.964455, 79.403, -160.5009
1298.304823, 79.443, -160.2361
1307.712874, 79.484, -160.0095
1317.189101, 79.524, -159.8207
1326.733996, 79.562, -159.6631
1336.348058, 79.598, -159.5283
1346.031787, 79.630, -159.4067
1355.785688, 79.659, -159.2889
1365.610270, 79.683, -159.1660
1375.506045, 79.704, -159.0310
1385.473529, 79.722, -158.8796
1395.513241, 79.740, -158.7112
1405.625705, 79.759, -158.5283
1415.811448, 79.777, -158.3354
1426.071002, 79.797, -158.1371
1436.404900, 79.817, -157.9368
1446.813682, 79.837, -157.7368
1457.297890, 79.857, -157.5383
1467.858072, 79.878, -157.3413
1478.494776, 79.899, -157.1448
1489.208559, 79.919, -156.9480
1499.999978, 79.941, -156.7498
1510.869596, 79.962, -156.5505
1521.817980, 79.984, -156.3530
1532.845701, 80.006, -156.1608
1543.953332, 80.027, -155.9741
1555.141455, 80.045, -155.7864
1566.410651, 80.061, -155.5859
1577.761508, 80.077, -155.3601
1589.194618, 80.094, -155.1008
1600.710578, 80.115, -154.8093
1612.309986, 80.145, -154.4944
1623.993449, 80.185, -154.1702
1635.761575, 80.239, -153.8495
1647.614978, 80.306, -153.5405
1659.554275, 80.385, -153.2473
1671.580089, 80.474, -152.9696
1683.693048, 80.568, -152.7059
1695.893782, 80.661, -152.4539
1708.182927, 80.749, -152.2108
1720.561125, 80.828, -151.9742
1733.029020, 80.895, -151.7422
1745.587263, 80.949, -151.5132
1758.236508, 80.990, -151.2876
1770.977414, 81.021, -151.0674
1783.810646, 81.043, -150.8530
1796.736874, 81.058, -150.6410
1809.756770, 81.071, -150.4270
1822.871013, 81.084, -150.2113
1836.080288, 81.099, -149.9982
1849.385283, 81.117, -149.7939
1862.786691, 81.136, -149.6029
1876.285211, 81.156, -149.4246
1889.881547, 81.176, -149.2554
1903.576408, 81.195, -149.0920
1917.370507, 81.212, -148.9336
1931.264564, 81.230, -148.7812
1945.259304, 81.247, -148.6390
1959.355454, 81.264, -148.5131
1973.553752, 81.280, -148.4058
1987.854936, 81.295, -148.3124
2002.259752, 81.309, -148.2229
2016.768952, 81.321, -148.1299
2031.383291, 81.335, -148.0343
2046.103531, 81.352, -147.9460
2060.930441, 81.371, -147.8801
2075.864793, 81.390, -147.8519
2090.907365, 81.408, -147.8690
2106.058941, 81.422, -147.9249
2121.320313, 81.430, -148.0000
2136.692274, 81.433, -148.0726
2152.175627, 81.435, -148.1327
2167.771179, 81.438, -148.1885
2183.479742, 81.445, -148.2648
2199.302137, 81.453, -148.3877
2215.239187, 81.459, -148.5698
2231.291723, 81.459, -148.8047
2247.460582, 81.450, -149.0723
2263.746608, 81.433, -149.3450
2280.150649, 81.409, -149.5979
2296.673561, 81.382, -149.8171
2313.316204, 81.357, -150.0007
2330.079447, 81.335, -150.1539
2346.964163, 81.319, -150.2822
2363.971233, 81.311, -150.3889
2381.101543, 81.312, -150.4766
2398.355986, 81.323, -150.5513
2415.735463, 81.343, -150.6232
2433.240878, 81.371, -150.7031
2450.873144, 81.407, -150.8025
2468.633181, 81.449, -150.9329
2486.521915, 81.496, -151.1068
2504.540278, 81.546, -151.3357
2522.689209, 81.598, -151.6316
2540.969655, 81.648, -152.0006
2559.382568, 81.693, -152.4363
2577.928909, 81.732, -152.9164
2596.609645, 81.764, -153.4055
2615.425749, 81.793, -153.8630
2634.378202, 81.826, -154.2645
2653.467992, 81.870, -154.6204
2672.696115, 81.931, -154.9747
2692.063573, 82.007, -155.3826
2711.571376, 82.090, -155.8760
2731.220539, 82.174, -156.4485
2751.012089, 82.250, -157.0676
2770.947057, 82.319, -157.6930
2791.026482, 82.378, -158.2874
2811.251410, 82.431, -158.8263
2831.622897, 82.482, -159.3046
2852.142003, 82.534, -159.7384
2872.809800, 82.587, -160.1626
2893.627364, 82.639, -160.6154
2914.595781, 82.685, -161.1179
2935.716143, 82.719, -161.6652
2956.989553, 82.738, -162.2368
2978.417118, 82.743, -162.8182
2999.999956, 82.733, -163.4094
3021.739192, 82.709, -164.0166
3043.635960, 82.669, -164.6406
3065.691401, 82.610, -165.2708
3087.906665, 82.533, -165.8855
3110.282909, 82.439, -166.4626
3132.821301, 82.329, -166.9817
3155.523016, 82.207, -167.4197
3178.389237, 82.077, -167.7573
3201.421155, 81.944, -167.9895
3224.619973, 81.816, -168.1335
3247.986898, 81.695, -168.2239
3271.523150, 81.580, -168.2881
3295.229956, 81.471, -168.3347
3319.108550, 81.368, -168.3651
3343.160179, 81.272, -168.3926
3367.386096, 81.182, -168.4414
3391.787563, 81.097, -168.5328
3416.365854, 81.010, -168.6703
3441.122250, 80.919, -168.8333
3466.058040, 80.822, -168.9877
3491.174525, 80.722, -169.1045
3516.473015, 80.626, -169.1816
3541.954828, 80.539, -169.2542
3567.621293, 80.463, -169.3771
3593.473747, 80.394, -169.5989
3619.513539, 80.325, -169.9396
3645.742027, 80.249, -170.3846
3672.160576, 80.164, -170.9055
3698.770566, 80.072, -171.4855
3725.573382, 79.976, -172.1317
3752.570422, 79.875, -172.8668
3779.763094, 79.771, -173.7120
3807.152816, 79.659, -174.6693
3834.741015, 79.540, -175.7209
3862.529129, 79.418, -176.8512
3890.518607, 79.302, -178.0790
3918.710909, 79.200, -179.4702
3947.107503, 79.114, 178.8835
3975.709871, 79.039, 176.8967
4004.519504, 78.966, 174.5050
4033.537903, 78.886, 171.6582
4062.766581, 78.791, 168.3062
4092.207063, 78.673, 164.3884
4121.860882, 78.520, 159.8289
4151.729585, 78.319, 154.5388
4181.814729, 78.053, 148.4275
4212.117883, 77.708, 141.3942
4242.640625, 77.274, 133.3008
4273.384548, 76.752, 123.9247
4304.351254, 76.160, 112.8943
4335.542358, 75.533, 99.6418
4366.959485, 74.928, 83.4968
4398.604273, 74.422, 64.2059
4430.478373, 74.094, 42.9850
4462.583446, 73.998, 22.6537
4494.921165, 74.147, 5.5935
4527.493217, 74.511, -7.6442
4560.301299, 75.044, -17.6158
4593.347122, 75.705, -25.0771
4626.632409, 76.465, -30.6704
4660.158894, 77.307, -34.9144
4693.928327, 78.220, -38.2461
4727.942466, 79.189, -41.0420
4762.203086, 80.197, -43.6180
4796.711973, 81.226, -46.2233
4831.470925, 82.256, -49.0325
4866.481755, 83.272, -52.1486
4901.746288, 84.262, -55.6202
4937.266362, 85.215, -59.4653
4973.043830, 86.125, -63.6898
5009.080555, 86.981, -68.2947
5045.378418, 87.775, -73.2736
5081.939310, 88.496, -78.6058
5118.765137, 89.134, -84.2540
5155.857819, 89.682, -90.1637
5193.219290, 90.131, -96.2671
5230.851498, 90.477, -102.4832
5268.756404, 90.718, -108.7191
5306.935985, 90.856, -114.8793
5345.392231, 90.898, -120.8759
5384.127146, 90.850, -126.6396
5423.142751, 90.725, -132.1219
5462.441079, 90.531, -137.2916
5502.024179, 90.277, -142.1304
5541.894114, 89.972, -146.6338
5582.052963, 89.624, -150.8092
5622.502820, 89.240, -154.6713
5663.245793, 88.827, -158.2389
5704.284007, 88.389, -161.5369
5745.619600, 87.931, -164.5979
5787.254728, 87.454, -167.4580
5829.191562, 86.955, -170.1433
5871.432287, 86.430, -172.6598
5913.979105, 85.872, -174.9888
5956.834236, 85.274, -177.0876
5999.999912, 84.632, -178.8925
6043.478385, 83.943, 179.6814
6087.271921, 83.206, 178.7406
6131.382802, 82.425, 178.4131
6175.813330, 81.612, 178.8251
6220.565819, 80.786, -179.9225
6265.642603, 79.970, -177.7617
6311.046032, 79.193, -174.6654
6356.778473, 78.491, -170.6838
6402.842310, 77.897, -165.9952
6449.239945, 77.439, -160.8901
6495.973796, 77.124, -155.6550
6543.046300, 76.950, -150.4542
6590.459911, 76.911, -145.3369
6638.217100, 77.010, -140.3610
6686.320358, 77.247, -135.7048
6734.772191, 77.611, -131.6514
6783.575127, 78.071, -128.4707
6832.731709, 78.580, -126.3071
6882.244499, 79.092, -125.1451
6932.116080, 79.568, -124.8416
6982.349051, 79.982, -125.1763
7032.946030, 80.320, -125.8948
7083.909656, 80.589, -126.7504
7135.242586, 80.807, -127.5496
7186.947495, 81.000, -128.1906
7239.027079, 81.197, -128.6770
7291.484053, 81.418, -129.1010
7344.321152, 81.670, -129.5958
7397.541131, 81.950, -130.2826
7451.146763, 82.247, -131.2400
7505.140844, 82.550, -132.5024
7559.526189, 82.845, -134.0687
7614.305632, 83.123, -135.9138
7669.482029, 83.376, -138.0006
7725.058258, 83.599, -140.2847
7781.037214, 83.788, -142.7192
7837.421817, 83.943, -145.2634
7894.215007, 84.061, -147.8824
7951.419743, 84.144, -150.5444
8009.039008, 84.191, -153.2189
8067.075806, 84.203, -155.8767
8125.533163, 84.182, -158.4880
8184.414126, 84.130, -161.0234
8243.721764, 84.051, -163.4558
8303.459170, 83.951, -165.7631
8363.629458, 83.837, -167.9342
8424.235765, 83.716, -169.9722
8485.281250, 83.593, -171.8901
8546.769096, 83.472, -173.7040
8608.702508, 83.356, -175.4238
8671.084715, 83.247, -177.0500
8733.918969, 83.148, -178.5797
8797.208547, 83.065, 179.9821
8860.956746, 83.002, 178.6122
8925.166891, 82.965, 177.2694
8989.842330, 82.953, 175.9047
9054.986433, 82.965, 174.4749
9120.602598, 82.996, 172.9481
9186.694244, 83.045, 171.3011
9253.264817, 83.107, 169.5157
9320.317788, 83.182, 167.5759
9387.856653, 83.269, 165.4646
9455.884932, 83.368, 163.1594
9524.406173, 83.480, 160.6267
9593.423946, 83.602, 157.8203
9662.941850, 83.727, 154.6895
9732.963510, 83.843, 151.1931
9803.492576, 83.936, 147.3167
9874.532725, 83.989, 143.0815
9946.087659, 83.989, 138.5441
10018.161110, 83.930, 133.7770
10090.756835, 83.812, 128.8467
10163.878619, 83.635, 123.7996
10237.530273, 83.399, 118.6719
10311.715638, 83.102, 113.5055
10386.438580, 82.743, 108.3533
10461.702996, 82.323, 103.2723
10537.512808, 81.844, 98.3167
10613.871970, 81.311, 93.5306
10690.784461, 80.732, 88.9478
10768.254293, 80.113, 84.5887
10846.285502, 79.465, 80.4598
10924.882158, 78.796, 76.5485
11004.048358, 78.117, 72.8223
11083.788228, 77.435, 69.2332
11164.105927, 76.757, 65.7231
11245.005640, 76.091, 62.2231
11326.491587, 75.446, 58.6455
11408.568014, 74.836, 54.8696
11491.239200, 74.275, 50.7301
11574.509457, 73.780, 46.0111
11658.383123, 73.362, 40.4521
11742.864573, 73.023, 33.7711
11827.958211, 72.747, 25.6948
11913.668472, 72.509, 15.9794
11999.999825, 72.279, 4.4102
12086.956770, 72.031, -9.2073
12174.543841, 71.752, -25.0288
12262.765605, 71.443, -43.0709
12351.626659, 71.119, -62.9928
12441.131638, 70.804, -83.8949
12531.285206, 70.528, -104.4741
12622.092064, 70.320, -123.5869
12713.556946, 70.196, -140.6802
12805.684621, 70.162, -155.7417
12898.479890, 70.212, -169.0284
12991.947593, 70.341, 179.1398
13086.092601, 70.550, 168.4583
13180.919822, 70.846, 158.6348
13276.434201, 71.233, 149.3730
13372.640716, 71.703, 140.3724
13469.544383, 72.230, 131.3527
13567.150254, 72.777, 122.0870
13665.463417, 73.306, 112.4290
13764.488998, 73.781, 102.3164
13864.232160, 74.183, 91.7524
13964.698101, 74.498, 80.7747
14065.892060, 74.725, 69.4291
14167.819312, 74.869, 57.7529
14270.485171, 74.942, 45.7626
14373.894990, 74.960, 33.4421
14478.054158, 74.938, 20.7385
14582.968107, 74.889, 7.5640
14688.642305, 74.821, -6.1868
14795.082262, 74.734, -20.6182
14902.293527, 74.629, -35.8246
15010.281689, 74.508, -51.8868
15119.052378, 74.381, -68.8730
15228.611264, 74.258, -86.8240
15338.964058, 74.144, -105.7202
15450.116515, 74.042, -125.4453
15562.074428, 73.949, -145.7646
15674.843635, 73.861, -166.3525
15788.430013, 73.776, 173.1443
15902.839485, 73.689, 153.0330
16018.078016, 73.592, 133.5269
16134.151612, 73.479, 114.7375
16251.066326, 73.345, 96.6912
16368.828251, 73.189, 79.3560
16487.443528, 73.016, 62.6599
16606.918341, 72.834, 46.5032
16727.258917, 72.652, 30.7605
16848.471530, 72.475, 15.2905
16970.562500, 72.294, -0.0493
17093.538192, 72.088, -15.3728
17217.405016, 71.820, -30.7366
17342.169430, 71.448, -46.1096
17467.837939, 70.933, -61.3647
17594.417093, 70.247, -76.2949
17721.913492, 69.382, -90.6580
17850.333783, 68.353, -104.2419
17979.684660, 67.207, -116.9426
18109.972866, 66.023, -128.8347
18241.205195, 64.916, -140.2112
18373.388487, 64.018, -151.5452
18506.529634, 63.420, -163.3750
18640.635577, 63.127, -176.1660
18775.713306, 63.054, 169.7737
18911.769865, 63.079, 154.3096
19048.812345, 63.087, 137.4448
19186.847892, 62.997, 119.2649
19325.883701, 62.757, 99.8872
19465.927021, 62.344, 79.5076
19606.985152, 61.768, 58.7180
19749.065449, 61.096, 39.1292
19892.175318, 60.465, 23.5481
20036.322221, 60.071, 14.9121
