* Measurement data measured by REW V5.40 beta 55
* Source: EXCL: Headset (USB-C to 3.5mm Headphone Jack Adapter), MICROPHONE (Master Volume), 0, volume: 0.250
* Format: 256k Log Swept Sine, 1 sweep at -6.0 dBFS with no timing reference
* Dated: Jan 21, 2025 11:13:15 PM
* REW Settings:
*  C-weighting compensation: Off
*  Target level: 75.0 dB
* Note: ; 
* Measurement: L 11
* Smoothing: 1/12 octave
* Frequency Step: 96 ppo
* Start Frequency: 20.0 Hz
*
* Freq(Hz), SPL(dB), Phase(degrees)
19.995176, 83.759, 121.1667
20.140070, 83.804, 120.4911
20.286013, 83.850, 119.8360
20.433014, 83.895, 119.1973
20.581080, 83.940, 118.5720
20.730219, 83.982, 117.9588
20.880438, 84.023, 117.3583
21.031747, 84.060, 116.7726
21.184151, 84.094, 116.2054
21.337660, 84.125, 115.6611
21.492282, 84.154, 115.1436
21.648024, 84.181, 114.6553
21.804894, 84.207, 114.1970
21.962902, 84.234, 113.7663
22.122054, 84.263, 113.3581
22.282359, 84.296, 112.9644
22.443827, 84.332, 112.5752
22.606464, 84.373, 112.1794
22.770280, 84.418, 111.7659
22.935282, 84.466, 111.3246
23.101481, 84.516, 110.8474
23.268884, 84.566, 110.3285
23.437500, 84.617, 109.7648
23.607337, 84.667, 109.1550
23.778406, 84.713, 108.5002
23.950714, 84.757, 107.8022
24.124271, 84.797, 107.0641
24.299085, 84.833, 106.2900
24.475166, 84.864, 105.4847
24.652524, 84.889, 104.6543
24.831166, 84.910, 103.8062
25.011103, 84.924, 102.9495
25.192344, 84.933, 102.0944
25.374898, 84.938, 101.2518
25.558775, 84.940, 100.4319
25.743984, 84.941, 99.6428
25.930536, 84.943, 98.8889
26.118439, 84.949, 98.1699
26.307704, 84.961, 97.4803
26.498340, 84.980, 96.8101
26.690358, 85.009, 96.1461
26.883768, 85.045, 95.4752
27.078578, 85.089, 94.7868
27.274801, 85.136, 94.0754
27.472445, 85.186, 93.3422
27.671522, 85.236, 92.5944
27.872041, 85.283, 91.8447
28.074014, 85.328, 91.1078
28.277450, 85.372, 90.3976
28.482360, 85.415, 89.7236
28.688755, 85.461, 89.0892
28.896645, 85.510, 88.4907
29.106042, 85.563, 87.9183
29.316956, 85.622, 87.3588
29.529399, 85.684, 86.7988
29.743381, 85.748, 86.2283
29.958914, 85.811, 85.6422
30.176009, 85.870, 85.0421
30.394677, 85.923, 84.4345
30.614929, 85.969, 83.8301
30.836777, 86.008, 83.2405
31.060233, 86.039, 82.6772
31.285309, 86.063, 82.1498
31.512015, 86.081, 81.6650
31.740364, 86.096, 81.2274
31.970368, 86.109, 80.8381
32.202038, 86.121, 80.4949
32.435387, 86.135, 80.1914
32.670428, 86.154, 79.9156
32.907171, 86.177, 79.6506
33.145630, 86.207, 79.3759
33.385817, 86.241, 79.0709
33.627744, 86.278, 78.7195
33.871425, 86.315, 78.3139
34.116871, 86.348, 77.8578
34.364096, 86.373, 77.3655
34.613112, 86.392, 76.8586
34.863933, 86.403, 76.3599
35.116572, 86.410, 75.8865
35.371041, 86.418, 75.4450
35.627354, 86.429, 75.0289
35.885524, 86.446, 74.6221
36.145566, 86.469, 74.2042
36.407491, 86.497, 73.7593
36.671315, 86.526, 73.2820
36.937051, 86.554, 72.7789
37.204712, 86.578, 72.2659
37.474312, 86.599, 71.7616
37.745867, 86.618, 71.2799
38.019389, 86.639, 70.8243
38.294893, 86.664, 70.3870
38.572393, 86.694, 69.9524
38.851905, 86.727, 69.5048
39.133442, 86.760, 69.0347
39.417019, 86.790, 68.5436
39.702651, 86.816, 68.0436
39.990353, 86.835, 67.5521
40.280139, 86.849, 67.0863
40.572026, 86.861, 66.6561
40.866027, 86.873, 66.2614
41.162159, 86.886, 65.8929
41.460437, 86.903, 65.5366
41.760877, 86.922, 65.1786
42.063493, 86.942, 64.8102
42.368303, 86.962, 64.4287
42.675321, 86.980, 64.0367
42.984564, 86.997, 63.6390
43.296048, 87.012, 63.2400
43.609789, 87.026, 62.8418
43.925803, 87.039, 62.4453
44.244108, 87.052, 62.0508
44.564719, 87.064, 61.6598
44.887653, 87.075, 61.2745
45.212928, 87.087, 60.8970
45.540559, 87.099, 60.5273
45.870565, 87.113, 60.1625
46.202962, 87.128, 59.7978
46.537767, 87.143, 59.4285
46.874999, 87.159, 59.0527
47.214675, 87.173, 58.6726
47.556812, 87.185, 58.2938
47.901428, 87.194, 57.9230
48.248542, 87.203, 57.5642
48.598170, 87.211, 57.2174
48.950333, 87.220, 56.8781
49.305047, 87.229, 56.5399
49.662332, 87.237, 56.1976
50.022206, 87.245, 55.8500
50.384687, 87.251, 55.5005
50.749795, 87.254, 55.1556
51.117549, 87.257, 54.8213
51.487968, 87.260, 54.4997
51.861071, 87.264, 54.1880
52.236878, 87.269, 53.8799
52.615408, 87.277, 53.5693
52.996681, 87.285, 53.2540
53.380716, 87.293, 52.9363
53.767535, 87.300, 52.6207
54.157157, 87.307, 52.3104
54.549602, 87.313, 52.0065
54.944891, 87.319, 51.7092
55.343044, 87.323, 51.4214
55.744083, 87.325, 51.1481
56.148027, 87.327, 50.8930
56.554899, 87.327, 50.6553
56.964719, 87.327, 50.4312
57.377509, 87.325, 50.2211
57.793290, 87.322, 50.0344
58.212084, 87.318, 49.8852
58.633913, 87.319, 49.7756
59.058798, 87.330, 49.6815
59.486763, 87.352, 49.5532
59.917828, 87.382, 49.3397
60.352018, 87.411, 49.0186
60.789353, 87.431, 48.6100
61.229858, 87.438, 48.1640
61.673555, 87.434, 47.7321
62.120467, 87.423, 47.3433
62.570617, 87.412, 47.0004
63.024030, 87.403, 46.6924
63.480728, 87.397, 46.4095
63.940735, 87.394, 46.1484
64.404076, 87.394, 45.9078
64.870775, 87.398, 45.6840
65.340855, 87.405, 45.4701
65.814342, 87.416, 45.2605
66.291260, 87.427, 45.0524
66.771634, 87.440, 44.8453
67.255488, 87.452, 44.6400
67.742849, 87.464, 44.4381
68.233742, 87.475, 44.2422
68.728192, 87.486, 44.0530
69.226225, 87.497, 43.8676
69.727866, 87.509, 43.6788
70.233143, 87.521, 43.4796
70.742082, 87.533, 43.2672
71.254708, 87.543, 43.0452
71.771049, 87.552, 42.8210
72.291131, 87.560, 42.6003
72.814983, 87.568, 42.3829
73.342630, 87.578, 42.1642
73.874101, 87.588, 41.9395
74.409423, 87.599, 41.7081
74.948625, 87.609, 41.4727
75.491733, 87.619, 41.2350
76.038777, 87.629, 40.9939
76.589786, 87.637, 40.7487
77.144787, 87.644, 40.5026
77.703810, 87.648, 40.2626
78.266884, 87.651, 40.0335
78.834038, 87.654, 39.8149
79.405302, 87.656, 39.6028
79.980705, 87.658, 39.3942
80.560278, 87.660, 39.1876
81.144051, 87.661, 38.9821
81.732055, 87.662, 38.7776
82.324319, 87.662, 38.5756
82.920875, 87.662, 38.3788
83.521754, 87.661, 38.1884
84.126987, 87.661, 38.0023
84.736605, 87.661, 37.8174
85.350642, 87.661, 37.6318
85.969128, 87.662, 37.4452
86.592096, 87.662, 37.2590
87.219578, 87.662, 37.0753
87.851607, 87.662, 36.8956
88.488216, 87.661, 36.7205
89.129438, 87.661, 36.5492
89.775306, 87.660, 36.3814
90.425855, 87.660, 36.2173
91.081118, 87.658, 36.0569
91.741129, 87.656, 35.9005
92.405924, 87.652, 35.7491
93.075535, 87.647, 35.6052
93.749999, 87.641, 35.4707
94.429350, 87.635, 35.3452
95.113624, 87.628, 35.2263
95.802856, 87.621, 35.1110
96.497083, 87.615, 34.9963
97.196341, 87.608, 34.8806
97.900666, 87.601, 34.7648
98.610094, 87.593, 34.6517
99.324664, 87.586, 34.5439
100.044411, 87.579, 34.4421
100.769374, 87.574, 34.3444
101.499591, 87.571, 34.2475
102.235098, 87.569, 34.1475
102.975936, 87.568, 34.0429
103.722142, 87.567, 33.9349
104.473756, 87.567, 33.8265
105.230815, 87.566, 33.7212
105.993361, 87.564, 33.6213
106.761433, 87.563, 33.5273
107.535070, 87.561, 33.4385
108.314314, 87.560, 33.3549
109.099204, 87.557, 33.2784
109.889782, 87.555, 33.2095
110.686088, 87.554, 33.1458
111.488165, 87.553, 33.0817
112.296055, 87.552, 33.0117
113.109798, 87.552, 32.9331
113.929438, 87.551, 32.8475
114.755018, 87.549, 32.7580
115.586580, 87.548, 32.6670
116.424168, 87.546, 32.5750
117.267826, 87.545, 32.4821
118.117597, 87.543, 32.3899
118.973525, 87.540, 32.3033
119.835657, 87.537, 32.2305
120.704035, 87.532, 32.1797
121.578706, 87.527, 32.1539
122.459716, 87.524, 32.1489
123.347109, 87.521, 32.1575
124.240933, 87.520, 32.1725
125.141234, 87.520, 32.1873
126.048059, 87.521, 32.1965
126.961456, 87.523, 32.1960
127.881471, 87.525, 32.1824
128.808153, 87.528, 32.1549
129.741550, 87.529, 32.1176
130.681710, 87.530, 32.0766
131.628684, 87.530, 32.0366
132.582520, 87.529, 31.9992
133.543267, 87.527, 31.9636
134.510977, 87.526, 31.9289
135.485699, 87.523, 31.8954
136.467484, 87.520, 31.8640
137.456384, 87.517, 31.8345
138.452449, 87.513, 31.8073
139.455733, 87.508, 31.7838
140.466286, 87.504, 31.7661
141.484163, 87.499, 31.7551
142.509416, 87.495, 31.7501
143.542098, 87.492, 31.7493
144.582263, 87.488, 31.7519
145.629965, 87.486, 31.7580
146.685260, 87.483, 31.7689
147.748202, 87.481, 31.7872
148.818846, 87.478, 31.8152
149.897249, 87.475, 31.8536
150.983466, 87.473, 31.8977
152.077555, 87.471, 31.9380
153.179572, 87.469, 31.9626
154.289574, 87.467, 31.9651
155.407620, 87.465, 31.9490
156.533767, 87.461, 31.9244
157.668076, 87.457, 31.9018
158.810603, 87.454, 31.8904
159.961411, 87.451, 31.8960
161.120557, 87.448, 31.9197
162.288103, 87.446, 31.9584
163.464109, 87.444, 32.0065
164.648638, 87.441, 32.0593
165.841750, 87.438, 32.1144
167.043507, 87.434, 32.1708
168.253973, 87.430, 32.2267
169.473211, 87.426, 32.2789
170.701284, 87.422, 32.3245
171.938256, 87.418, 32.3624
173.184191, 87.415, 32.3947
174.439155, 87.411, 32.4246
175.703213, 87.408, 32.4557
176.976431, 87.406, 32.4924
178.258875, 87.405, 32.5380
179.550613, 87.404, 32.5934
180.851710, 87.403, 32.6583
182.162236, 87.401, 32.7303
183.482259, 87.398, 32.8059
184.811847, 87.394, 32.8812
186.151070, 87.389, 32.9538
187.499997, 87.383, 33.0234
188.858700, 87.376, 33.0918
190.227248, 87.370, 33.1622
191.605713, 87.365, 33.2374
192.994167, 87.362, 33.3183
194.392682, 87.359, 33.4053
195.801331, 87.357, 33.4998
197.220189, 87.356, 33.6025
198.649327, 87.354, 33.7114
200.088822, 87.353, 33.8229
201.538748, 87.352, 33.9338
202.999181, 87.350, 34.0432
204.470197, 87.348, 34.1509
205.951872, 87.347, 34.2564
207.444284, 87.345, 34.3602
208.947511, 87.343, 34.4636
210.461631, 87.341, 34.5684
211.986723, 87.339, 34.6754
213.522866, 87.335, 34.7846
215.070141, 87.331, 34.8959
216.628627, 87.327, 35.0098
218.198408, 87.321, 35.1278
219.779563, 87.315, 35.2525
221.372177, 87.308, 35.3859
222.976331, 87.301, 35.5286
224.592109, 87.295, 35.6797
226.219596, 87.289, 35.8381
227.858877, 87.285, 36.0039
229.510036, 87.283, 36.1782
231.173160, 87.282, 36.3609
232.848336, 87.282, 36.5510
234.535651, 87.282, 36.7474
236.235193, 87.283, 36.9478
237.947051, 87.285, 37.1497
239.671313, 87.289, 37.3540
241.408071, 87.294, 37.5643
243.157413, 87.301, 37.7831
244.919432, 87.309, 38.0104
246.694219, 87.317, 38.2448
248.481867, 87.325, 38.4866
250.282469, 87.332, 38.7358
252.096119, 87.341, 38.9884
253.922911, 87.352, 39.2366
255.762941, 87.367, 39.4717
257.616305, 87.386, 39.6877
259.483099, 87.408, 39.8837
261.363421, 87.430, 40.0602
263.257368, 87.451, 40.2155
265.165039, 87.470, 40.3469
267.086534, 87.485, 40.4544
269.021953, 87.498, 40.5414
270.971397, 87.508, 40.6144
272.934968, 87.517, 40.6815
274.912767, 87.523, 40.7488
276.904898, 87.527, 40.8212
278.911465, 87.529, 40.9025
280.932573, 87.528, 40.9953
282.968326, 87.527, 41.1002
285.018831, 87.526, 41.2165
287.084195, 87.525, 41.3447
289.164526, 87.526, 41.4882
291.259931, 87.527, 41.6503
293.370520, 87.529, 41.8293
295.496404, 87.531, 42.0191
297.637693, 87.532, 42.2125
299.794498, 87.532, 42.4035
301.966933, 87.532, 42.5892
304.155110, 87.532, 42.7695
306.359143, 87.531, 42.9467
308.579148, 87.532, 43.1234
310.815239, 87.534, 43.2995
313.067535, 87.536, 43.4734
315.336151, 87.539, 43.6465
317.621207, 87.541, 43.8224
319.922821, 87.543, 44.0052
322.241114, 87.545, 44.1993
324.576206, 87.548, 44.4083
326.928219, 87.552, 44.6310
329.297275, 87.558, 44.8633
331.683499, 87.564, 45.1014
334.087014, 87.569, 45.3443
336.507947, 87.573, 45.5914
338.946422, 87.574, 45.8412
341.402567, 87.574, 46.0907
343.876511, 87.572, 46.3364
346.368382, 87.571, 46.5745
348.878310, 87.570, 46.8039
351.406426, 87.570, 47.0300
353.952862, 87.571, 47.2628
356.517750, 87.574, 47.5087
359.101225, 87.579, 47.7660
361.703421, 87.585, 48.0286
364.324473, 87.592, 48.2906
366.964518, 87.599, 48.5492
369.623694, 87.604, 48.8032
372.302140, 87.608, 49.0540
374.999995, 87.610, 49.3042
377.717399, 87.612, 49.5568
380.454495, 87.615, 49.8141
383.211425, 87.620, 50.0771
385.988333, 87.625, 50.3455
388.785364, 87.632, 50.6167
391.602663, 87.639, 50.8882
394.440377, 87.646, 51.1586
397.298655, 87.652, 51.4272
400.177644, 87.657, 51.6935
403.077497, 87.663, 51.9583
405.998362, 87.669, 52.2225
408.940394, 87.676, 52.4858
411.903744, 87.683, 52.7466
414.888569, 87.690, 53.0029
417.895022, 87.697, 53.2523
420.923262, 87.705, 53.4942
423.973445, 87.712, 53.7291
427.045732, 87.719, 53.9576
430.140281, 87.724, 54.1808
433.257255, 87.727, 54.4012
436.396816, 87.728, 54.6198
439.559127, 87.725, 54.8352
442.744354, 87.720, 55.0464
445.952662, 87.710, 55.2562
449.184218, 87.697, 55.4719
452.439192, 87.681, 55.7020
455.717753, 87.660, 55.9533
459.020072, 87.637, 56.2318
462.346321, 87.611, 56.5441
465.696673, 87.584, 56.8976
469.071303, 87.556, 57.2976
472.470387, 87.529, 57.7458
475.894102, 87.504, 58.2380
479.342627, 87.484, 58.7653
482.816141, 87.468, 59.3165
486.314826, 87.457, 59.8830
489.838864, 87.453, 60.4595
493.388438, 87.454, 61.0427
496.963734, 87.460, 61.6270
500.564938, 87.469, 62.2029
504.192238, 87.481, 62.7592
507.845823, 87.496, 63.2877
511.525883, 87.512, 63.7869
515.232610, 87.529, 64.2615
518.966198, 87.545, 64.7189
522.726841, 87.560, 65.1677
526.514735, 87.574, 65.6154
530.330078, 87.587, 66.0687
534.173068, 87.599, 66.5341
538.043907, 87.613, 67.0161
541.942795, 87.627, 67.5134
545.869936, 87.642, 68.0184
549.825534, 87.658, 68.5222
553.809797, 87.675, 69.0186
557.822931, 87.692, 69.5060
561.865146, 87.709, 69.9858
565.936652, 87.726, 70.4602
570.037662, 87.743, 70.9323
574.168390, 87.759, 71.4050
578.329051, 87.774, 71.8809
582.519862, 87.789, 72.3602
586.741041, 87.804, 72.8414
590.992808, 87.820, 73.3223
595.275386, 87.837, 73.8019
599.588997, 87.854, 74.2809
603.933866, 87.872, 74.7610
608.310219, 87.889, 75.2435
612.718286, 87.908, 75.7283
617.158295, 87.926, 76.2158
621.630479, 87.945, 76.7067
626.135069, 87.964, 77.2014
630.672302, 87.982, 77.6987
635.242414, 88.000, 78.1976
639.845642, 88.018, 78.6984
644.482227, 88.037, 79.2023
649.152411, 88.057, 79.7086
653.856437, 88.077, 80.2140
658.594551, 88.098, 80.7142
663.366998, 88.118, 81.2065
668.174029, 88.138, 81.6901
673.015893, 88.156, 82.1628
677.892844, 88.174, 82.6213
682.805135, 88.189, 83.0646
687.753022, 88.201, 83.4998
692.736764, 88.208, 83.9428
697.756620, 88.210, 84.4147
702.812853, 88.209, 84.9348
707.905724, 88.208, 85.5132
713.035501, 88.210, 86.1456
718.202450, 88.217, 86.8151
723.406841, 88.231, 87.4998
728.648945, 88.249, 88.1808
733.929036, 88.270, 88.8471
739.247388, 88.292, 89.4946
744.604279, 88.314, 90.1228
749.999989, 88.335, 90.7331
755.434798, 88.354, 91.3314
760.908990, 88.371, 91.9293
766.422850, 88.388, 92.5394
771.976666, 88.405, 93.1708
777.570727, 88.423, 93.8278
783.205325, 88.445, 94.5101
788.880754, 88.470, 95.2114
794.597309, 88.499, 95.9211
800.355289, 88.530, 96.6290
806.154993, 88.564, 97.3301
811.996725, 88.599, 98.0236
817.880788, 88.636, 98.7079
823.807489, 88.673, 99.3818
829.777138, 88.710, 100.0454
835.790045, 88.747, 100.7014
841.846524, 88.783, 101.3541
847.946891, 88.819, 102.0070
854.091464, 88.855, 102.6611
860.280562, 88.892, 103.3148
866.514510, 88.929, 103.9642
872.793631, 88.966, 104.6064
879.118254, 89.002, 105.2426
885.488707, 89.037, 105.8796
891.905323, 89.071, 106.5258
898.368437, 89.104, 107.1838
904.878385, 89.139, 107.8488
911.435507, 89.175, 108.5126
918.040144, 89.211, 109.1711
924.692641, 89.245, 109.8278
931.393345, 89.278, 110.4910
938.142606, 89.311, 111.1672
944.940774, 89.344, 111.8583
951.788204, 89.378, 112.5616
958.685254, 89.415, 113.2728
965.632282, 89.453, 113.9889
972.629652, 89.494, 114.7102
979.677727, 89.535, 115.4363
986.776876, 89.578, 116.1616
993.927468, 89.621, 116.8773
1001.129876, 89.662, 117.5807
1008.384476, 89.702, 118.2800
1015.691645, 89.739, 118.9872
1023.051766, 89.773, 119.7130
1030.465221, 89.807, 120.4690
1037.932396, 89.843, 121.2646
1045.453682, 89.884, 122.0975
1053.029471, 89.932, 122.9497
1060.660156, 89.987, 123.7996
1068.346137, 90.047, 124.6337
1076.087813, 90.111, 125.4483
1083.885589, 90.179, 126.2412
1091.739871, 90.250, 127.0063
1099.651068, 90.323, 127.7339
1107.619593, 90.397, 128.4172
1115.645861, 90.470, 129.0582
1123.730291, 90.538, 129.6660
1131.873304, 90.602, 130.2516
1140.075325, 90.661, 130.8245
1148.336780, 90.714, 131.3920
1156.658102, 90.762, 131.9644
1165.039724, 90.804, 132.5581
1173.482082, 90.842, 133.1918
1181.985617, 90.878, 133.8790
1190.550772, 90.914, 134.6225
1199.177993, 90.954, 135.4164
1207.867731, 90.998, 136.2496
1216.620439, 91.050, 137.1038
1225.436572, 91.110, 137.9531
1234.316591, 91.174, 138.7745
1243.260957, 91.241, 139.5656
1252.270139, 91.308, 140.3469
1261.344604, 91.377, 141.1453
1270.484827, 91.451, 141.9742
1279.691284, 91.535, 142.8185
1288.964455, 91.631, 143.6377
1298.304823, 91.736, 144.3890
1307.712874, 91.846, 145.0521
1317.189101, 91.955, 145.6335
1326.733996, 92.060, 146.1500
1336.348058, 92.161, 146.6121
1346.031787, 92.255, 147.0226
1355.785688, 92.344, 147.3872
1365.610270, 92.425, 147.7161
1375.506045, 92.500, 148.0198
1385.473529, 92.568, 148.3046
1395.513241, 92.628, 148.5740
1405.625705, 92.680, 148.8365
1415.811448, 92.724, 149.1077
1426.071002, 92.761, 149.4069
1436.404900, 92.794, 149.7427
1446.813682, 92.827, 150.0984
1457.297890, 92.858, 150.4445
1467.858072, 92.886, 150.7727
1478.494776, 92.908, 151.1000
1489.208559, 92.923, 151.4449
1499.999978, 92.936, 151.8141
1510.869596, 92.947, 152.2032
1521.817980, 92.958, 152.5947
1532.845701, 92.968, 152.9539
1543.953332, 92.971, 153.2551
1555.141455, 92.958, 153.5198
1566.410651, 92.924, 153.8203
1577.761508, 92.872, 154.2406
1589.194618, 92.813, 154.8363
1600.710578, 92.758, 155.6187
1612.309986, 92.722, 156.5502
1623.993449, 92.711, 157.5573
1635.761575, 92.728, 158.5608
1647.614978, 92.767, 159.5079
1659.554275, 92.822, 160.3928
1671.580089, 92.884, 161.2491
1683.693048, 92.951, 162.1169
1695.893782, 93.024, 163.0161
1708.182927, 93.103, 163.9294
1720.561125, 93.186, 164.8038
1733.029020, 93.266, 165.5753
1745.587263, 93.335, 166.2021
1758.236508, 93.383, 166.6890
1770.977414, 93.406, 167.0760
1783.810646, 93.405, 167.4067
1796.736874, 93.383, 167.7069
1809.756770, 93.345, 167.9811
1822.871013, 93.291, 168.2277
1836.080288, 93.217, 168.4578
1849.385283, 93.120, 168.7166
1862.786691, 92.995, 169.0895
1876.285211, 92.849, 169.6790
1889.881547, 92.695, 170.5589
1903.576408, 92.554, 171.7284
1917.370507, 92.445, 173.0915
1931.264564, 92.379, 174.4757
1945.259304, 92.353, 175.6863
1959.355454, 92.346, 176.5774
1973.553752, 92.332, 177.1172
1987.854936, 92.284, 177.3999
2002.259752, 92.190, 177.5928
2016.768952, 92.050, 177.8608
2031.383291, 91.874, 178.3201
2046.103531, 91.676, 179.0237
2060.930441, 91.470, 179.9705
2075.864793, 91.268, -178.8732
2090.907365, 91.078, -177.5616
2106.058941, 90.905, -176.1689
2121.320313, 90.748, -174.7756
2136.692274, 90.603, -173.4373
2152.175627, 90.460, -172.1678
2167.771179, 90.313, -170.9513
2183.479742, 90.157, -169.7564
2199.302137, 89.990, -168.5487
2215.239187, 89.809, -167.2965
2231.291723, 89.616, -165.9576
2247.460582, 89.412, -164.4745
2263.746608, 89.206, -162.8063
2280.150649, 89.011, -160.9669
2296.673561, 88.836, -159.0291
2313.316204, 88.684, -157.0847
2330.079447, 88.550, -155.1948
2346.964163, 88.427, -153.3693
2363.971233, 88.309, -151.5794
2381.101543, 88.193, -149.7832
2398.355986, 88.078, -147.9388
2415.735463, 87.968, -146.0236
2433.240878, 87.865, -144.0508
2450.873144, 87.768, -142.0516
2468.633181, 87.675, -140.0387
2486.521915, 87.583, -138.0018
2504.540278, 87.493, -135.9313
2522.689209, 87.406, -133.8278
2540.969655, 87.322, -131.6927
2559.382568, 87.242, -129.5165
2577.928909, 87.168, -127.2797
2596.609645, 87.106, -124.9808
2615.425749, 87.060, -122.6517
2634.378202, 87.029, -120.3459
2653.467992, 87.007, -118.1010
2672.696115, 86.984, -115.8910
2692.063573, 86.958, -113.6294
2711.571376, 86.930, -111.2220
2731.220539, 86.910, -108.6084
2751.012089, 86.908, -105.7653
2770.947057, 86.933, -102.6914
2791.026482, 86.997, -99.4139
2811.251410, 87.106, -96.0096
2831.622897, 87.264, -92.6110
2852.142003, 87.465, -89.3816
2872.809800, 87.691, -86.4572
2893.627364, 87.924, -83.8909
2914.595781, 88.143, -81.6458
2935.716143, 88.338, -79.6340
2956.989553, 88.504, -77.7618
2978.417118, 88.643, -75.9537
2999.999956, 88.758, -74.1626
3021.739192, 88.852, -72.3676
3043.635960, 88.929, -70.5561
3065.691401, 88.990, -68.7112
3087.906665, 89.040, -66.8118
3110.282909, 89.085, -64.8503
3132.821301, 89.131, -62.8613
3155.523016, 89.179, -60.9078
3178.389237, 89.225, -59.0302
3201.421155, 89.264, -57.2180
3224.619973, 89.293, -55.4312
3247.986898, 89.313, -53.6322
3271.523150, 89.330, -51.8040
3295.229956, 89.347, -49.9600
3319.108550, 89.369, -48.1511
3343.160179, 89.391, -46.4445
3367.386096, 89.403, -44.8747
3391.787563, 89.393, -43.4128
3416.365854, 89.354, -41.9724
3441.122250, 89.286, -40.4497
3466.058040, 89.197, -38.7701
3491.174525, 89.099, -36.9071
3516.473015, 89.003, -34.8912
3541.954828, 88.916, -32.8102
3567.621293, 88.838, -30.7817
3593.473747, 88.755, -28.8849
3619.513539, 88.649, -27.0861
3645.742027, 88.507, -25.2399
3672.160576, 88.335, -23.1819
3698.770566, 88.150, -20.8418
3725.573382, 87.970, -18.2717
3752.570422, 87.804, -15.5895
3779.763094, 87.650, -12.8999
3807.152816, 87.500, -10.2277
3834.741015, 87.346, -7.5043
3862.529129, 87.190, -4.6246
3890.518607, 87.045, -1.5366
3918.710909, 86.924, 1.7108
3947.107503, 86.834, 5.0115
3975.709871, 86.771, 8.2777
4004.519504, 86.728, 11.4723
4033.537903, 86.696, 14.6232
4062.766581, 86.671, 17.8111
4092.207063, 86.658, 21.1036
4121.860882, 86.663, 24.5082
4151.729585, 86.691, 27.9862
4181.814729, 86.742, 31.4946
4212.117883, 86.815, 34.9958
4242.640625, 86.907, 38.4597
4273.384548, 87.017, 41.8675
4304.351254, 87.143, 45.1811
4335.542358, 87.281, 48.3298
4366.959485, 87.423, 51.2544
4398.604273, 87.555, 53.9494
4430.478373, 87.670, 56.4551
4462.583446, 87.761, 58.8311
4494.921165, 87.827, 61.1478
4527.493217, 87.869, 63.4701
4560.301299, 87.890, 65.8540
4593.347122, 87.896, 68.3557
4626.632409, 87.897, 71.0127
4660.158894, 87.904, 73.8139
4693.928327, 87.923, 76.7098
4727.942466, 87.957, 79.6581
4762.203086, 88.004, 82.6498
4796.711973, 88.068, 85.6996
4831.470925, 88.154, 88.8079
4866.481755, 88.267, 91.9302
4901.746288, 88.407, 94.9920
4937.266362, 88.570, 97.9224
4973.043830, 88.746, 100.6856
5009.080555, 88.927, 103.2919
5045.378418, 89.109, 105.7675
5081.939310, 89.289, 108.1148
5118.765137, 89.464, 110.3086
5155.857819, 89.624, 112.3328
5193.219290, 89.759, 114.2203
5230.851498, 89.864, 116.0522
5268.756404, 89.942, 117.9073
5306.935985, 89.999, 119.8152
5345.392231, 90.039, 121.7471
5384.127146, 90.059, 123.6634
5423.142751, 90.055, 125.5751
5462.441079, 90.025, 127.5357
5502.024179, 89.977, 129.5737
5541.894114, 89.920, 131.6477
5582.052963, 89.856, 133.6723
5622.502820, 89.784, 135.5683
5663.245793, 89.698, 137.2763
5704.284007, 89.592, 138.7458
5745.619600, 89.454, 139.9360
5787.254728, 89.269, 140.8375
5829.191562, 89.018, 141.4951
5871.432287, 88.684, 142.0164
5913.979105, 88.253, 142.5605
5956.834236, 87.721, 143.3095
5999.999912, 87.084, 144.4577
6043.478385, 86.346, 146.2422
6087.271921, 85.515, 148.9796
6131.382802, 84.611, 153.0740
6175.813330, 83.675, 158.9797
6220.565819, 82.770, 167.0799
6265.642603, 81.981, 177.4023
6311.046032, 81.392, -170.7189
6356.778473, 81.059, -158.5857
6402.842310, 80.982, -147.4869
6449.239945, 81.109, -138.1076
6495.973796, 81.367, -130.5156
6543.046300, 81.687, -124.4552
6590.459911, 82.017, -119.5964
6638.217100, 82.328, -115.6680
6686.320358, 82.599, -112.4948
6734.772191, 82.814, -109.9452
6783.575127, 82.961, -107.8877
6832.731709, 83.035, -106.2075
6882.244499, 83.032, -104.8253
6932.116080, 82.948, -103.6834
6982.349051, 82.779, -102.7267
7032.946030, 82.519, -101.8973
7083.909656, 82.161, -101.1302
7135.242586, 81.701, -100.3468
7186.947495, 81.135, -99.4588
7239.027079, 80.459, -98.3775
7291.484053, 79.672, -97.0222
7344.321152, 78.776, -95.3289
7397.541131, 77.770, -93.2587
7451.146763, 76.656, -90.8029
7505.140844, 75.440, -88.0077
7559.526189, 74.139, -85.0518
7614.305632, 72.803, -82.3635
7669.482029, 71.557, -80.9304
7725.058258, 70.664, -83.9571
7781.037214, 70.500, -114.7325
7837.421817, 71.244, 155.3496
7894.215007, 72.657, 140.8387
7951.419743, 74.353, 138.8004
8009.039008, 76.079, 139.1519
8067.075806, 77.723, 140.1019
8125.533163, 79.244, 141.1119
8184.414126, 80.632, 141.9879
8243.721764, 81.887, 142.6700
8303.459170, 83.013, 143.1661
8363.629458, 84.017, 143.5272
8424.235765, 84.905, 143.8278
8485.281250, 85.687, 144.1507
8546.769096, 86.374, 144.5767
8608.702508, 86.980, 145.1754
8671.084715, 87.514, 145.9988
8733.918969, 87.991, 147.0827
8797.208547, 88.420, 148.4505
8860.956746, 88.812, 150.1168
8925.166891, 89.177, 152.0898
8989.842330, 89.527, 154.3737
9054.986433, 89.871, 156.9594
9120.602598, 90.223, 159.8083
9186.694244, 90.591, 162.8385
9253.264817, 90.981, 165.9225
9320.317788, 91.387, 168.9137
9387.856653, 91.800, 171.6931
9455.884932, 92.202, 174.2080
9524.406173, 92.582, 176.4792
9593.423946, 92.930, 178.5761
9662.941850, 93.244, -179.4144
9732.963510, 93.526, -177.4077
9803.492576, 93.782, -175.3344
9874.532725, 94.019, -173.1452
9946.087659, 94.250, -170.8119
10018.161110, 94.485, -168.3295
10090.756835, 94.737, -165.7202
10163.878619, 95.018, -163.0418
10237.530273, 95.339, -160.3922
10311.715638, 95.704, -157.9065
10386.438580, 96.113, -155.7397
10461.702996, 96.556, -154.0479
10537.512808, 97.018, -152.9745
10613.871970, 97.478, -152.6347
10690.784461, 97.909, -153.1027
10768.254293, 98.280, -154.4014
10846.285502, 98.559, -156.4931
10924.882158, 98.715, -159.2764
11004.048358, 98.722, -162.5883
11083.788228, 98.557, -166.2144
11164.105927, 98.211, -169.9080
11245.005640, 97.679, -173.4096
11326.491587, 96.967, -176.4645
11408.568014, 96.089, -178.8383
11491.239200, 95.064, 179.6702
11574.509457, 93.917, 179.2162
11658.383123, 92.678, 179.8887
11742.864573, 91.379, -178.3134
11827.958211, 90.053, -175.5004
11913.668472, 88.733, -171.9000
11999.999825, 87.446, -167.8445
12086.956770, 86.214, -163.7342
12174.543841, 85.045, -159.9797
12262.765605, 83.936, -156.9427
12351.626659, 82.871, -154.9016
12441.131638, 81.825, -154.0507
12531.285206, 80.772, -154.5306
12622.092064, 79.692, -156.4877
12713.556946, 78.586, -160.1417
12805.684621, 77.489, -165.8187
12898.479890, 76.477, -173.8488
12991.947593, 75.675, 175.8019
13086.092601, 75.213, 164.0501
13180.919822, 75.163, 152.6300
13276.434201, 75.482, 143.0686
13372.640716, 76.052, 135.9071
13469.544383, 76.749, 130.9062
13567.150254, 77.479, 127.5449
13665.463417, 78.179, 125.3138
13764.488998, 78.807, 123.8276
13864.232160, 79.338, 122.8562
13964.698101, 79.756, 122.3142
14065.892060, 80.062, 122.2176
14167.819312, 80.267, 122.6148
14270.485171, 80.391, 123.5184
14373.894990, 80.454, 124.8676
14478.054158, 80.468, 126.5326
14582.968107, 80.440, 128.3520
14688.642305, 80.364, 130.1833
14795.082262, 80.233, 131.9470
14902.293527, 80.039, 133.6556
15010.281689, 79.785, 135.4571
15119.052378, 79.493, 137.7569
15228.611264, 79.230, 141.5070
15338.964058, 79.127, 148.8105
15450.116515, 79.364, 163.4776
15562.074428, 80.047, -173.4271
15674.843635, 81.093, -153.4449
15788.430013, 82.281, -144.5335
15902.839485, 83.402, -143.4804
16018.078016, 84.330, -146.6396
16134.151612, 85.014, -152.0114
16251.066326, 85.447, -158.5536
16368.828251, 85.644, -165.7154
16487.443528, 85.630, -173.2192
16606.918341, 85.431, 179.0448
16727.258917, 85.072, 171.0693
16848.471530, 84.578, 162.7535
16970.562500, 83.969, 153.9163
17093.538192, 83.260, 144.3082
17217.405016, 82.457, 133.6019
17342.169430, 81.561, 121.3323
17467.837939, 80.570, 106.7033
17594.417093, 79.484, 88.0592
17721.913492, 78.315, 61.8351
17850.333783, 77.096, 24.1213
17979.684660, 75.893, -15.5555
18109.972866, 74.815, -43.0421
18241.205195, 73.998, -60.5171
18373.388487, 73.553, -72.8539
18506.529634, 73.488, -82.8454
18640.635577, 73.697, -92.0326
18775.713306, 74.032, -101.2728
18911.769865, 74.368, -110.9918
19048.812345, 74.634, -121.3508
19186.847892, 74.801, -132.3603
19325.883701, 74.871, -143.9195
19465.927021, 74.869, -155.7723
19606.985152, 74.832, -167.3962
19749.065449, 74.791, -177.8923
19892.175318, 74.762, 173.9697
20036.322221, 74.749, 169.4666
