* Measurement data measured by REW V5.40 beta 55
* Source: EXCL: Headset (USB-C to 3.5mm Headphone Jack Adapter), MICROPHONE (Master Volume), 0, volume: 0.250
* Format: 256k Log Swept Sine, 1 sweep at -6.0 dBFS with no timing reference
* Dated: Jan 21, 2025 11:29:40 PM
* REW Settings:
*  C-weighting compensation: Off
*  Target level: 75.0 dB
* Note: ; 
* Measurement: R 14
* Smoothing: 1/12 octave
* Frequency Step: 96 ppo
* Start Frequency: 20.0 Hz
*
* Freq(Hz), SPL(dB), Phase(degrees)
19.995176, 84.051, 101.3366
20.140070, 84.048, 100.5823
20.286013, 84.040, 99.8678
20.433014, 84.029, 99.1975
20.581080, 84.017, 98.5725
20.730219, 84.007, 97.9893
20.880438, 84.001, 97.4402
21.031747, 84.000, 96.9133
21.184151, 84.004, 96.3946
21.337660, 84.015, 95.8687
21.492282, 84.031, 95.3222
21.648024, 84.050, 94.7446
21.804894, 84.070, 94.1312
21.962902, 84.088, 93.4834
22.122054, 84.101, 92.8091
22.282359, 84.108, 92.1218
22.443827, 84.108, 91.4391
22.606464, 84.102, 90.7800
22.770280, 84.091, 90.1623
22.935282, 84.077, 89.6001
23.101481, 84.064, 89.1008
23.268884, 84.056, 88.6641
23.437500, 84.056, 88.2817
23.607337, 84.065, 87.9385
23.778406, 84.086, 87.6161
23.950714, 84.116, 87.2959
24.124271, 84.156, 86.9637
24.299085, 84.201, 86.6120
24.475166, 84.249, 86.2416
24.652524, 84.298, 85.8609
24.831166, 84.347, 85.4829
25.011103, 84.397, 85.1214
25.192344, 84.448, 84.7869
25.374898, 84.504, 84.4821
25.558775, 84.568, 84.2002
25.743984, 84.642, 83.9245
25.930536, 84.725, 83.6313
26.118439, 84.817, 83.2951
26.307704, 84.915, 82.8942
26.498340, 85.012, 82.4164
26.690358, 85.104, 81.8625
26.883768, 85.186, 81.2464
27.078578, 85.254, 80.5930
27.274801, 85.306, 79.9339
27.472445, 85.343, 79.3012
27.671522, 85.368, 78.7216
27.872041, 85.386, 78.2110
28.074014, 85.402, 77.7717
28.277450, 85.419, 77.3924
28.482360, 85.441, 77.0515
28.688755, 85.469, 76.7231
28.896645, 85.500, 76.3841
29.106042, 85.533, 76.0197
29.316956, 85.563, 75.6267
29.529399, 85.589, 75.2119
29.743381, 85.608, 74.7887
29.958914, 85.623, 74.3710
30.176009, 85.636, 73.9677
30.394677, 85.648, 73.5789
30.614929, 85.662, 73.1958
30.836777, 85.680, 72.8034
31.060233, 85.700, 72.3868
31.285309, 85.720, 71.9361
31.512015, 85.739, 71.4519
31.740364, 85.752, 70.9449
31.970368, 85.760, 70.4336
32.202038, 85.764, 69.9378
32.435387, 85.766, 69.4722
32.670428, 85.770, 69.0407
32.907171, 85.779, 68.6350
33.145630, 85.796, 68.2366
33.385817, 85.820, 67.8243
33.627744, 85.849, 67.3816
33.871425, 85.880, 66.9031
34.116871, 85.907, 66.3974
34.364096, 85.929, 65.8839
34.613112, 85.947, 65.3869
34.863933, 85.960, 64.9267
35.116572, 85.974, 64.5133
35.371041, 85.992, 64.1426
35.627354, 86.016, 63.7986
35.885524, 86.045, 63.4593
36.145566, 86.079, 63.1053
36.407491, 86.114, 62.7265
36.671315, 86.145, 62.3259
36.937051, 86.171, 61.9172
37.204712, 86.190, 61.5196
37.474312, 86.204, 61.1503
37.745867, 86.216, 60.8182
38.019389, 86.227, 60.5213
38.294893, 86.241, 60.2476
38.572393, 86.259, 59.9802
38.851905, 86.278, 59.7037
39.133442, 86.297, 59.4092
39.417019, 86.314, 59.0968
39.702651, 86.328, 58.7739
39.990353, 86.338, 58.4520
40.280139, 86.345, 58.1415
40.572026, 86.350, 57.8482
40.866027, 86.357, 57.5716
41.162159, 86.365, 57.3061
41.460437, 86.377, 57.0436
41.760877, 86.391, 56.7762
42.063493, 86.406, 56.4985
42.368303, 86.423, 56.2087
42.675321, 86.440, 55.9076
42.984564, 86.457, 55.5976
43.296048, 86.472, 55.2822
43.609789, 86.487, 54.9650
43.925803, 86.499, 54.6503
44.244108, 86.511, 54.3425
44.564719, 86.520, 54.0455
44.887653, 86.529, 53.7621
45.212928, 86.537, 53.4929
45.540559, 86.545, 53.2365
45.870565, 86.552, 52.9907
46.202962, 86.560, 52.7537
46.537767, 86.568, 52.5256
46.874999, 86.575, 52.3077
47.214675, 86.583, 52.1012
47.556812, 86.593, 51.9050
47.901428, 86.605, 51.7135
48.248542, 86.621, 51.5173
48.598170, 86.641, 51.3056
48.950333, 86.662, 51.0697
49.305047, 86.685, 50.8064
49.662332, 86.706, 50.5190
50.022206, 86.726, 50.2156
50.384687, 86.744, 49.9061
50.749795, 86.760, 49.5987
51.117549, 86.775, 49.2979
51.487968, 86.790, 49.0045
51.861071, 86.804, 48.7172
52.236878, 86.818, 48.4350
52.615408, 86.831, 48.1589
52.996681, 86.841, 47.8922
53.380716, 86.849, 47.6399
53.767535, 86.855, 47.4067
54.157157, 86.858, 47.1950
54.549602, 86.861, 47.0036
54.944891, 86.864, 46.8273
55.343044, 86.866, 46.6585
55.744083, 86.868, 46.4903
56.148027, 86.869, 46.3176
56.554899, 86.869, 46.1376
56.964719, 86.867, 45.9486
57.377509, 86.864, 45.7500
57.793290, 86.858, 45.5445
58.212084, 86.850, 45.3411
58.633913, 86.841, 45.1546
59.058798, 86.832, 44.9986
59.486763, 86.828, 44.8763
59.917828, 86.833, 44.7737
60.352018, 86.849, 44.6640
60.789353, 86.874, 44.5204
61.229858, 86.903, 44.3301
61.673555, 86.934, 44.0982
62.120467, 86.962, 43.8420
62.570617, 86.988, 43.5806
63.024030, 87.012, 43.3277
63.480728, 87.033, 43.0917
63.940735, 87.052, 42.8783
64.404076, 87.069, 42.6923
64.870775, 87.086, 42.5352
65.340855, 87.104, 42.4022
65.814342, 87.124, 42.2825
66.291260, 87.145, 42.1635
66.771634, 87.168, 42.0353
67.255488, 87.190, 41.8936
67.742849, 87.213, 41.7379
68.233742, 87.235, 41.5686
68.728192, 87.257, 41.3845
69.226225, 87.279, 41.1829
69.727866, 87.300, 40.9620
70.233143, 87.321, 40.7228
70.742082, 87.340, 40.4698
71.254708, 87.356, 40.2102
71.771049, 87.370, 39.9523
72.291131, 87.381, 39.7039
72.814983, 87.391, 39.4695
73.342630, 87.400, 39.2498
73.874101, 87.409, 39.0418
74.409423, 87.417, 38.8405
74.948625, 87.425, 38.6411
75.491733, 87.431, 38.4401
76.038777, 87.437, 38.2361
76.589786, 87.440, 38.0295
77.144787, 87.443, 37.8220
77.703810, 87.444, 37.6160
78.266884, 87.444, 37.4131
78.834038, 87.445, 37.2141
79.405302, 87.446, 37.0182
79.980705, 87.448, 36.8240
80.560278, 87.452, 36.6305
81.144051, 87.455, 36.4372
81.732055, 87.459, 36.2444
82.324319, 87.462, 36.0534
82.920875, 87.464, 35.8659
83.521754, 87.464, 35.6843
84.126987, 87.463, 35.5107
84.736605, 87.461, 35.3466
85.350642, 87.458, 35.1930
85.969128, 87.454, 35.0496
86.592096, 87.450, 34.9137
87.219578, 87.447, 34.7813
87.851607, 87.445, 34.6490
88.488216, 87.444, 34.5159
89.129438, 87.442, 34.3836
89.775306, 87.440, 34.2552
90.425855, 87.439, 34.1342
91.081118, 87.437, 34.0216
91.741129, 87.437, 33.9148
92.405924, 87.436, 33.8085
93.075535, 87.436, 33.6999
93.749999, 87.434, 33.5906
94.429350, 87.432, 33.4845
95.113624, 87.430, 33.3825
95.802856, 87.429, 33.2825
96.497083, 87.429, 33.1816
97.196341, 87.429, 33.0795
97.900666, 87.429, 32.9775
98.610094, 87.429, 32.8781
99.324664, 87.429, 32.7834
100.044411, 87.429, 32.6954
100.769374, 87.428, 32.6148
101.499591, 87.426, 32.5413
102.235098, 87.424, 32.4746
102.975936, 87.422, 32.4132
103.722142, 87.421, 32.3520
104.473756, 87.419, 32.2845
105.230815, 87.418, 32.2084
105.993361, 87.416, 32.1281
106.761433, 87.414, 32.0500
107.535070, 87.412, 31.9770
108.314314, 87.411, 31.9081
109.099204, 87.411, 31.8400
109.889782, 87.411, 31.7698
110.686088, 87.412, 31.6971
111.488165, 87.412, 31.6252
112.296055, 87.413, 31.5597
113.109798, 87.414, 31.5046
113.929438, 87.415, 31.4622
114.755018, 87.418, 31.4345
115.586580, 87.421, 31.4250
116.424168, 87.424, 31.4367
117.267826, 87.427, 31.4693
118.117597, 87.431, 31.5140
118.973525, 87.435, 31.5514
119.835657, 87.438, 31.5593
120.704035, 87.437, 31.5276
121.578706, 87.432, 31.4650
122.459716, 87.422, 31.3889
123.347109, 87.410, 31.3131
124.240933, 87.400, 31.2444
125.141234, 87.392, 31.1844
126.048059, 87.388, 31.1323
126.961456, 87.386, 31.0885
127.881471, 87.386, 31.0553
128.808153, 87.386, 31.0330
129.741550, 87.386, 31.0176
130.681710, 87.386, 31.0039
131.628684, 87.385, 30.9878
132.582520, 87.385, 30.9665
133.543267, 87.385, 30.9385
134.510977, 87.386, 30.9032
135.485699, 87.388, 30.8617
136.467484, 87.390, 30.8178
137.456384, 87.391, 30.7785
138.452449, 87.389, 30.7511
139.455733, 87.386, 30.7389
140.466286, 87.381, 30.7404
141.484163, 87.376, 30.7500
142.509416, 87.371, 30.7615
143.542098, 87.366, 30.7710
144.582263, 87.362, 30.7787
145.629965, 87.359, 30.7874
146.685260, 87.356, 30.8004
147.748202, 87.354, 30.8201
148.818846, 87.351, 30.8472
149.897249, 87.348, 30.8807
150.983466, 87.344, 30.9178
152.077555, 87.341, 30.9546
153.179572, 87.337, 30.9863
154.289574, 87.335, 31.0106
155.407620, 87.333, 31.0287
156.533767, 87.330, 31.0443
157.668076, 87.328, 31.0629
158.810603, 87.325, 31.0893
159.961411, 87.321, 31.1269
161.120557, 87.317, 31.1758
162.288103, 87.314, 31.2327
163.464109, 87.311, 31.2928
164.648638, 87.309, 31.3522
165.841750, 87.307, 31.4093
167.043507, 87.304, 31.4650
168.253973, 87.301, 31.5210
169.473211, 87.298, 31.5778
170.701284, 87.295, 31.6331
171.938256, 87.293, 31.6835
173.184191, 87.291, 31.7290
174.439155, 87.289, 31.7747
175.703213, 87.287, 31.8274
176.976431, 87.285, 31.8908
178.258875, 87.283, 31.9641
179.550613, 87.281, 32.0433
180.851710, 87.280, 32.1241
182.162236, 87.279, 32.2031
183.482259, 87.279, 32.2798
184.811847, 87.279, 32.3559
186.151070, 87.277, 32.4336
187.499997, 87.275, 32.5135
188.858700, 87.271, 32.5944
190.227248, 87.266, 32.6756
191.605713, 87.260, 32.7574
192.994167, 87.255, 32.8412
194.392682, 87.251, 32.9294
195.801331, 87.246, 33.0234
197.220189, 87.242, 33.1237
198.649327, 87.237, 33.2300
200.088822, 87.231, 33.3409
201.538748, 87.224, 33.4558
202.999181, 87.218, 33.5756
204.470197, 87.211, 33.7016
205.951872, 87.205, 33.8350
207.444284, 87.198, 33.9748
208.947511, 87.192, 34.1188
210.461631, 87.185, 34.2649
211.986723, 87.178, 34.4120
213.522866, 87.171, 34.5602
215.070141, 87.163, 34.7108
216.628627, 87.156, 34.8662
218.198408, 87.149, 35.0285
219.779563, 87.142, 35.1986
221.372177, 87.136, 35.3772
222.976331, 87.131, 35.5644
224.592109, 87.127, 35.7597
226.219596, 87.122, 35.9623
227.858877, 87.118, 36.1713
229.510036, 87.114, 36.3858
231.173160, 87.111, 36.6047
232.848336, 87.107, 36.8272
234.535651, 87.103, 37.0541
236.235193, 87.099, 37.2882
237.947051, 87.094, 37.5330
239.671313, 87.090, 37.7916
241.408071, 87.087, 38.0661
243.157413, 87.085, 38.3563
244.919432, 87.086, 38.6595
246.694219, 87.089, 38.9716
248.481867, 87.095, 39.2885
250.282469, 87.103, 39.6078
252.096119, 87.115, 39.9278
253.922911, 87.129, 40.2476
255.762941, 87.147, 40.5668
257.616305, 87.167, 40.8856
259.483099, 87.189, 41.2037
261.363421, 87.213, 41.5194
263.257368, 87.241, 41.8286
265.165039, 87.273, 42.1245
267.086534, 87.309, 42.3983
269.021953, 87.350, 42.6412
270.971397, 87.392, 42.8470
272.934968, 87.435, 43.0121
274.912767, 87.477, 43.1366
276.904898, 87.516, 43.2250
278.911465, 87.552, 43.2849
280.932573, 87.584, 43.3255
282.968326, 87.612, 43.3548
285.018831, 87.635, 43.3792
287.084195, 87.653, 43.4041
289.164526, 87.665, 43.4352
291.259931, 87.674, 43.4792
293.370520, 87.680, 43.5412
295.496404, 87.683, 43.6223
297.637693, 87.686, 43.7191
299.794498, 87.687, 43.8254
301.966933, 87.688, 43.9349
304.155110, 87.689, 44.0445
306.359143, 87.690, 44.1561
308.579148, 87.691, 44.2743
310.815239, 87.692, 44.4024
313.067535, 87.694, 44.5409
315.336151, 87.695, 44.6892
317.621207, 87.696, 44.8467
319.922821, 87.696, 45.0133
322.241114, 87.696, 45.1880
324.576206, 87.696, 45.3684
326.928219, 87.695, 45.5521
329.297275, 87.694, 45.7395
331.683499, 87.693, 45.9335
334.087014, 87.692, 46.1381
336.507947, 87.693, 46.3554
338.946422, 87.693, 46.5848
341.402567, 87.694, 46.8235
343.876511, 87.696, 47.0668
346.368382, 87.697, 47.3095
348.878310, 87.700, 47.5472
351.406426, 87.702, 47.7785
353.952862, 87.705, 48.0051
356.517750, 87.708, 48.2323
359.101225, 87.712, 48.4662
361.703421, 87.715, 48.7107
364.324473, 87.719, 48.9656
366.964518, 87.724, 49.2276
369.623694, 87.729, 49.4926
372.302140, 87.734, 49.7576
374.999995, 87.739, 50.0217
377.717399, 87.745, 50.2856
380.454495, 87.751, 50.5496
383.211425, 87.757, 50.8134
385.988333, 87.764, 51.0759
388.785364, 87.772, 51.3366
391.602663, 87.780, 51.5957
394.440377, 87.788, 51.8538
397.298655, 87.795, 52.1113
400.177644, 87.803, 52.3686
403.077497, 87.811, 52.6263
405.998362, 87.819, 52.8850
408.940394, 87.828, 53.1456
411.903744, 87.838, 53.4077
414.888569, 87.848, 53.6691
417.895022, 87.860, 53.9264
420.923262, 87.871, 54.1756
423.973445, 87.882, 54.4144
427.045732, 87.892, 54.6427
430.140281, 87.900, 54.8624
433.257255, 87.906, 55.0767
436.396816, 87.910, 55.2889
439.559127, 87.913, 55.5028
442.744354, 87.916, 55.7205
445.952662, 87.918, 55.9400
449.184218, 87.921, 56.1545
452.439192, 87.924, 56.3554
455.717753, 87.925, 56.5356
459.020072, 87.922, 56.6934
462.346321, 87.914, 56.8327
465.696673, 87.900, 56.9630
469.071303, 87.878, 57.0979
472.470387, 87.849, 57.2546
475.894102, 87.813, 57.4520
479.342627, 87.772, 57.7067
482.816141, 87.728, 58.0268
486.314826, 87.684, 58.4092
489.838864, 87.641, 58.8427
493.388438, 87.600, 59.3136
496.963734, 87.562, 59.8126
500.564938, 87.526, 60.3380
504.192238, 87.492, 60.8934
507.845823, 87.461, 61.4843
511.525883, 87.434, 62.1145
515.232610, 87.413, 62.7847
518.966198, 87.399, 63.4905
522.726841, 87.392, 64.2206
526.514735, 87.394, 64.9590
530.330078, 87.404, 65.6896
534.173068, 87.421, 66.3998
538.043907, 87.443, 67.0818
541.942795, 87.468, 67.7316
545.869936, 87.496, 68.3482
549.825534, 87.526, 68.9333
553.809797, 87.556, 69.4896
557.822931, 87.586, 70.0197
561.865146, 87.615, 70.5257
565.936652, 87.642, 71.0107
570.037662, 87.666, 71.4803
574.168390, 87.688, 71.9429
578.329051, 87.706, 72.4084
582.519862, 87.723, 72.8836
586.741041, 87.738, 73.3713
590.992808, 87.752, 73.8705
595.275386, 87.766, 74.3798
599.588997, 87.781, 74.8981
603.933866, 87.797, 75.4251
608.310219, 87.815, 75.9591
612.718286, 87.834, 76.4959
617.158295, 87.855, 77.0308
621.630479, 87.877, 77.5606
626.135069, 87.899, 78.0842
630.672302, 87.920, 78.6026
635.242414, 87.941, 79.1190
639.845642, 87.962, 79.6369
644.482227, 87.983, 80.1577
649.152411, 88.005, 80.6796
653.856437, 88.027, 81.1966
658.594551, 88.049, 81.7024
663.366998, 88.069, 82.1953
668.174029, 88.088, 82.6788
673.015893, 88.103, 83.1596
677.892844, 88.116, 83.6451
682.805135, 88.126, 84.1428
687.753022, 88.133, 84.6600
692.736764, 88.138, 85.2045
697.756620, 88.143, 85.7832
702.812853, 88.148, 86.3991
707.905724, 88.156, 87.0492
713.035501, 88.168, 87.7254
718.202450, 88.185, 88.4168
723.406841, 88.208, 89.1113
728.648945, 88.234, 89.7981
733.929036, 88.264, 90.4693
739.247388, 88.295, 91.1218
744.604279, 88.328, 91.7572
749.999989, 88.360, 92.3790
755.434798, 88.393, 92.9893
760.908990, 88.425, 93.5881
766.422850, 88.457, 94.1754
771.976666, 88.487, 94.7544
777.570727, 88.515, 95.3311
783.205325, 88.541, 95.9125
788.880754, 88.565, 96.5039
794.597309, 88.588, 97.1064
800.355289, 88.611, 97.7180
806.154993, 88.633, 98.3375
811.996725, 88.654, 98.9675
817.880788, 88.675, 99.6116
823.807489, 88.697, 100.2717
829.777138, 88.720, 100.9469
835.790045, 88.744, 101.6358
841.846524, 88.770, 102.3357
847.946891, 88.800, 103.0428
854.091464, 88.831, 103.7539
860.280562, 88.865, 104.4677
866.514510, 88.900, 105.1832
872.793631, 88.937, 105.8988
879.118254, 88.976, 106.6112
885.488707, 89.016, 107.3167
891.905323, 89.057, 108.0131
898.368437, 89.099, 108.6998
904.878385, 89.141, 109.3769
911.435507, 89.182, 110.0447
918.040144, 89.223, 110.7039
924.692641, 89.263, 111.3560
931.393345, 89.301, 112.0036
938.142606, 89.337, 112.6500
944.940774, 89.371, 113.3013
951.788204, 89.404, 113.9664
958.685254, 89.436, 114.6525
965.632282, 89.468, 115.3605
972.629652, 89.502, 116.0842
979.677727, 89.537, 116.8134
986.776876, 89.574, 117.5422
993.927468, 89.610, 118.2732
1001.129876, 89.647, 119.0139
1008.384476, 89.683, 119.7722
1015.691645, 89.721, 120.5542
1023.051766, 89.762, 121.3621
1030.465221, 89.808, 122.1891
1037.932396, 89.859, 123.0195
1045.453682, 89.915, 123.8368
1053.029471, 89.974, 124.6300
1060.660156, 90.036, 125.3945
1068.346137, 90.098, 126.1307
1076.087813, 90.160, 126.8410
1083.885589, 90.220, 127.5289
1091.739871, 90.276, 128.2015
1099.651068, 90.330, 128.8710
1107.619593, 90.381, 129.5503
1115.645861, 90.431, 130.2464
1123.730291, 90.482, 130.9551
1131.873304, 90.534, 131.6640
1140.075325, 90.585, 132.3677
1148.336780, 90.635, 133.0752
1156.658102, 90.684, 133.8008
1165.039724, 90.733, 134.5512
1173.482082, 90.784, 135.3244
1181.985617, 90.838, 136.1162
1190.550772, 90.895, 136.9246
1199.177993, 90.958, 137.7431
1207.867731, 91.027, 138.5542
1216.620439, 91.102, 139.3361
1225.436572, 91.179, 140.0758
1234.316591, 91.256, 140.7744
1243.260957, 91.332, 141.4434
1252.270139, 91.406, 142.0978
1261.344604, 91.479, 142.7491
1270.484827, 91.552, 143.3998
1279.691284, 91.627, 144.0409
1288.964455, 91.702, 144.6577
1298.304823, 91.775, 145.2493
1307.712874, 91.846, 145.8312
1317.189101, 91.914, 146.4161
1326.733996, 91.981, 147.0060
1336.348058, 92.049, 147.6066
1346.031787, 92.118, 148.2284
1355.785688, 92.193, 148.8687
1365.610270, 92.278, 149.5031
1375.506045, 92.372, 150.0911
1385.473529, 92.473, 150.5932
1395.513241, 92.576, 150.9834
1405.625705, 92.674, 151.2521
1415.811448, 92.760, 151.4089
1426.071002, 92.829, 151.4880
1436.404900, 92.879, 151.5407
1446.813682, 92.912, 151.6124
1457.297890, 92.933, 151.7248
1467.858072, 92.945, 151.8792
1478.494776, 92.952, 152.0682
1489.208559, 92.953, 152.2825
1499.999978, 92.950, 152.5161
1510.869596, 92.943, 152.7687
1521.817980, 92.931, 153.0403
1532.845701, 92.916, 153.3226
1543.953332, 92.899, 153.5963
1555.141455, 92.875, 153.8427
1566.410651, 92.840, 154.0659
1577.761508, 92.790, 154.2923
1589.194618, 92.726, 154.5565
1600.710578, 92.646, 154.8895
1612.309986, 92.554, 155.3230
1623.993449, 92.452, 155.8980
1635.761575, 92.347, 156.6684
1647.614978, 92.248, 157.6986
1659.554275, 92.172, 159.0301
1671.580089, 92.137, 160.6296
1683.693048, 92.152, 162.3769
1695.893782, 92.218, 164.1078
1708.182927, 92.321, 165.6592
1720.561125, 92.440, 166.9174
1733.029020, 92.553, 167.8484
1745.587263, 92.638, 168.4903
1758.236508, 92.683, 168.9317
1770.977414, 92.683, 169.2884
1783.810646, 92.643, 169.6726
1796.736874, 92.574, 170.1562
1809.756770, 92.489, 170.7524
1822.871013, 92.397, 171.4359
1836.080288, 92.300, 172.1801
1849.385283, 92.199, 172.9851
1862.786691, 92.095, 173.8708
1876.285211, 91.989, 174.8545
1889.881547, 91.886, 175.9373
1903.576408, 91.791, 177.0883
1917.370507, 91.707, 178.2496
1931.264564, 91.630, 179.3634
1945.259304, 91.554, -179.6021
1959.355454, 91.469, -178.6325
1973.553752, 91.372, -177.6771
1987.854936, 91.263, -176.6853
2002.259752, 91.146, -175.6319
2016.768952, 91.025, -174.5201
2031.383291, 90.901, -173.3679
2046.103531, 90.772, -172.1909
2060.930441, 90.634, -170.9705
2075.864793, 90.487, -169.6530
2090.907365, 90.338, -168.2001
2106.058941, 90.194, -166.6178
2121.320313, 90.065, -164.9622
2136.692274, 89.951, -163.3160
2152.175627, 89.846, -161.7513
2167.771179, 89.741, -160.2810
2183.479742, 89.625, -158.8543
2199.302137, 89.497, -157.3946
2215.239187, 89.361, -155.8411
2231.291723, 89.223, -154.1810
2247.460582, 89.092, -152.4513
2263.746608, 88.969, -150.7046
2280.150649, 88.850, -148.9613
2296.673561, 88.736, -147.2138
2313.316204, 88.627, -145.4554
2330.079447, 88.523, -143.6845
2346.964163, 88.425, -141.9025
2363.971233, 88.332, -140.1110
2381.101543, 88.243, -138.3084
2398.355986, 88.154, -136.4755
2415.735463, 88.063, -134.5671
2433.240878, 87.972, -132.5286
2450.873144, 87.891, -130.3342
2468.633181, 87.826, -128.0136
2486.521915, 87.784, -125.6400
2504.540278, 87.764, -123.2990
2522.689209, 87.759, -121.0528
2540.969655, 87.762, -118.9119
2559.382568, 87.767, -116.8470
2577.928909, 87.771, -114.8211
2596.609645, 87.776, -112.8010
2615.425749, 87.783, -110.7506
2634.378202, 87.796, -108.6359
2653.467992, 87.823, -106.4426
2672.696115, 87.870, -104.2032
2692.063573, 87.941, -101.9963
2711.571376, 88.028, -99.9090
2731.220539, 88.119, -97.9753
2751.012089, 88.198, -96.1476
2770.947057, 88.258, -94.3121
2791.026482, 88.303, -92.3359
2811.251410, 88.343, -90.1252
2831.622897, 88.394, -87.6584
2852.142003, 88.469, -84.9847
2872.809800, 88.576, -82.2046
2893.627364, 88.716, -79.4514
2914.595781, 88.880, -76.8624
2935.716143, 89.055, -74.5349
2956.989553, 89.221, -72.4878
2978.417118, 89.364, -70.6544
2999.999956, 89.479, -68.9264
3021.739192, 89.571, -67.2220
3043.635960, 89.646, -65.5217
3065.691401, 89.708, -63.8481
3087.906665, 89.754, -62.2216
3110.282909, 89.783, -60.6317
3132.821301, 89.793, -59.0438
3155.523016, 89.786, -57.4266
3178.389237, 89.765, -55.7657
3201.421155, 89.732, -54.0495
3224.619973, 89.689, -52.2565
3247.986898, 89.641, -50.3768
3271.523150, 89.594, -48.4325
3295.229956, 89.548, -46.4670
3319.108550, 89.501, -44.5062
3343.160179, 89.448, -42.5420
3367.386096, 89.390, -40.5542
3391.787563, 89.327, -38.5349
3416.365854, 89.258, -36.4886
3441.122250, 89.182, -34.4121
3466.058040, 89.098, -32.2879
3491.174525, 89.008, -30.1023
3516.473015, 88.912, -27.8513
3541.954828, 88.811, -25.5306
3567.621293, 88.706, -23.1356
3593.473747, 88.597, -20.6650
3619.513539, 88.484, -18.1147
3645.742027, 88.370, -15.4659
3672.160576, 88.256, -12.7017
3698.770566, 88.148, -9.8337
3725.573382, 88.052, -6.9109
3752.570422, 87.968, -3.9998
3779.763094, 87.891, -1.1418
3807.152816, 87.815, 1.6692
3834.741015, 87.737, 4.4811
3862.529129, 87.659, 7.3567
3890.518607, 87.586, 10.3415
3918.710909, 87.529, 13.4337
3947.107503, 87.494, 16.5789
3975.709871, 87.481, 19.7043
4004.519504, 87.486, 22.7711
4033.537903, 87.502, 25.7896
4062.766581, 87.527, 28.7915
4092.207063, 87.558, 31.8044
4121.860882, 87.597, 34.8455
4151.729585, 87.644, 37.9198
4181.814729, 87.696, 41.0179
4212.117883, 87.753, 44.1332
4242.640625, 87.808, 47.2902
4273.384548, 87.863, 50.5485
4304.351254, 87.924, 53.9706
4335.542358, 88.002, 57.5658
4366.959485, 88.109, 61.2634
4398.604273, 88.248, 64.9467
4430.478373, 88.419, 68.5062
4462.583446, 88.614, 71.8633
4494.921165, 88.826, 74.9648
4527.493217, 89.047, 77.7714
4560.301299, 89.263, 80.2699
4593.347122, 89.461, 82.5111
4626.632409, 89.638, 84.6074
4660.158894, 89.798, 86.6569
4693.928327, 89.950, 88.6813
4727.942466, 90.096, 90.6524
4762.203086, 90.235, 92.5570
4796.711973, 90.364, 94.4235
4831.470925, 90.483, 96.3086
4866.481755, 90.599, 98.2534
4901.746288, 90.720, 100.2454
4937.266362, 90.849, 102.2373
4973.043830, 90.982, 104.2009
5009.080555, 91.119, 106.1334
5045.378418, 91.259, 108.0264
5081.939310, 91.402, 109.8543
5118.765137, 91.545, 111.5849
5155.857819, 91.683, 113.1929
5193.219290, 91.811, 114.6675
5230.851498, 91.924, 116.0018
5268.756404, 92.017, 117.1809
5306.935985, 92.081, 118.1915
5345.392231, 92.107, 119.0424
5384.127146, 92.086, 119.7727
5423.142751, 92.012, 120.4431
5462.441079, 91.882, 121.1146
5502.024179, 91.697, 121.8381
5541.894114, 91.456, 122.6637
5582.052963, 91.160, 123.6481
5622.502820, 90.813, 124.8514
5663.245793, 90.421, 126.3223
5704.284007, 89.994, 128.0739
5745.619600, 89.539, 130.0958
5787.254728, 89.062, 132.3831
5829.191562, 88.567, 134.9250
5871.432287, 88.062, 137.6747
5913.979105, 87.547, 140.5621
5956.834236, 87.019, 143.5363
5999.999912, 86.469, 146.5852
6043.478385, 85.888, 149.7406
6087.271921, 85.262, 153.1178
6131.382802, 84.582, 156.9615
6175.813330, 83.852, 161.6324
6220.565819, 83.096, 167.5403
6265.642603, 82.359, 175.0687
6311.046032, 81.708, -175.5729
6356.778473, 81.222, -164.6767
6402.842310, 80.965, -153.2969
6449.239945, 80.947, -142.8548
6495.973796, 81.117, -134.3222
6543.046300, 81.391, -127.9082
6590.459911, 81.681, -123.3278
6638.217100, 81.922, -120.1331
6686.320358, 82.072, -117.8748
6734.772191, 82.112, -116.1689
6783.575127, 82.041, -114.7431
6832.731709, 81.859, -113.4222
6882.244499, 81.570, -112.0735
6932.116080, 81.178, -110.5906
6982.349051, 80.692, -108.9150
7032.946030, 80.115, -107.0253
7083.909656, 79.446, -104.8966
7135.242586, 78.684, -102.4843
7186.947495, 77.823, -99.7146
7239.027079, 76.856, -96.4456
7291.484053, 75.781, -92.4570
7344.321152, 74.607, -87.4799
7397.541131, 73.352, -81.1565
7451.146763, 72.064, -72.8979
7505.140844, 70.834, -61.5359
7559.526189, 69.838, -44.2925
7614.305632, 69.330, -13.9991
7669.482029, 69.527, 35.7159
7725.058258, 70.425, 76.9711
7781.037214, 71.807, 99.7963
7837.421817, 73.425, 113.8369
7894.215007, 75.112, 123.5226
7951.419743, 76.773, 130.5900
8009.039008, 78.363, 135.8638
8067.075806, 79.860, 139.8157
8125.533163, 81.254, 142.7706
8184.414126, 82.542, 144.9575
8243.721764, 83.724, 146.5354
8303.459170, 84.801, 147.6289
8363.629458, 85.774, 148.3402
8424.235765, 86.645, 148.7546
8485.281250, 87.416, 148.9539
8546.769096, 88.088, 149.0244
8608.702508, 88.664, 149.0507
8671.084715, 89.150, 149.1150
8733.918969, 89.549, 149.3029
8797.208547, 89.870, 149.6942
8860.956746, 90.120, 150.3602
8925.166891, 90.308, 151.3721
8989.842330, 90.443, 152.7994
9054.986433, 90.540, 154.7104
9120.602598, 90.614, 157.1700
9186.694244, 90.686, 160.2234
9253.264817, 90.777, 163.8759
9320.317788, 90.912, 168.0756
9387.856653, 91.111, 172.6926
9455.884932, 91.386, 177.5232
9524.406173, 91.739, -177.6814
9593.423946, 92.161, -173.1555
9662.941850, 92.634, -169.0454
9732.963510, 93.144, -165.3986
9803.492576, 93.683, -162.2192
9874.532725, 94.245, -159.5286
9946.087659, 94.826, -157.3911
10018.161110, 95.414, -155.9009
10090.756835, 95.994, -155.1541
10163.878619, 96.543, -155.2246
10237.530273, 97.035, -156.1423
10311.715638, 97.439, -157.8824
10386.438580, 97.726, -160.3604
10461.702996, 97.870, -163.4294
10537.512808, 97.849, -166.8920
10613.871970, 97.647, -170.5114
10690.784461, 97.260, -174.0269
10768.254293, 96.689, -177.1747
10846.285502, 95.948, -179.7095
10924.882158, 95.054, 178.5767
11004.048358, 94.032, 177.8425
11083.788228, 92.907, 178.1975
11164.105927, 91.707, 179.7076
11245.005640, 90.456, -177.5933
11326.491587, 89.179, -173.6984
11408.568014, 87.901, -168.6343
11491.239200, 86.647, -162.4924
11574.509457, 85.443, -155.4775
11658.383123, 84.314, -147.9414
11742.864573, 83.277, -140.3678
11827.958211, 82.340, -133.2896
11913.668472, 81.489, -127.1722
11999.999825, 80.697, -122.3248
12086.956770, 79.924, -118.9006
12174.543841, 79.129, -116.9668
12262.765605, 78.278, -116.6072
12351.626659, 77.351, -118.0320
12441.131638, 76.354, -121.7076
12531.285206, 75.327, -128.5154
12622.092064, 74.377, -139.8130
12713.556946, 73.687, -156.5464
12805.684621, 73.462, -176.3494
12898.479890, 73.780, 166.4868
12991.947593, 74.518, 154.8093
13086.092601, 75.464, 147.6957
13180.919822, 76.449, 143.5613
13276.434201, 77.385, 141.3190
13372.640716, 78.238, 140.3293
13469.544383, 78.996, 140.2031
13567.150254, 79.660, 140.7001
13665.463417, 80.233, 141.6982
13764.488998, 80.726, 143.1644
13864.232160, 81.154, 145.0909
13964.698101, 81.538, 147.4291
14065.892060, 81.893, 150.0648
14167.819312, 82.225, 152.8386
14270.485171, 82.532, 155.5925
14373.894990, 82.804, 158.2178
14478.054158, 83.029, 160.6802
14582.968107, 83.196, 163.0164
14688.642305, 83.303, 165.3052
14795.082262, 83.351, 167.6326
14902.293527, 83.347, 170.0652
15010.281689, 83.297, 172.6501
15119.052378, 83.209, 175.4399
15228.611264, 83.093, 178.5294
15338.964058, 82.967, -177.9302
15450.116515, 82.866, -173.7909
15562.074428, 82.841, -169.0708
15674.843635, 82.943, -164.1511
15788.430013, 83.185, -159.7594
15902.839485, 83.526, -156.6172
16018.078016, 83.889, -155.0667
16134.151612, 84.194, -155.0204
16251.066326, 84.384, -156.1443
16368.828251, 84.429, -158.0385
16487.443528, 84.322, -160.3379
16606.918341, 84.073, -162.7550
16727.258917, 83.706, -165.0972
16848.471530, 83.254, -167.2876
16970.562500, 82.757, -169.3967
17093.538192, 82.247, -171.6467
17217.405016, 81.737, -174.3468
17342.169430, 81.203, -177.7565
17467.837939, 80.596, 178.0377
17594.417093, 79.863, 173.1411
17721.913492, 78.965, 167.7682
17850.333783, 77.886, 162.1379
17979.684660, 76.636, 156.4078
18109.972866, 75.259, 150.6583
18241.205195, 73.864, 144.9492
18373.388487, 72.665, 139.6299
18506.529634, 71.996, 139.0366
18640.635577, 72.107, -67.5432
18775.713306, 72.909, -70.2062
18911.769865, 74.073, -78.5044
19048.812345, 75.320, -88.4828
19186.847892, 76.496, -99.6665
19325.883701, 77.531, -111.7828
19465.927021, 78.394, -124.3894
19606.985152, 79.076, -136.7230
19749.065449, 79.573, -147.6942
19892.175318, 79.895, -156.0447
20036.322221, 80.051, -160.6029
