* Measurement data measured by REW V5.40 beta 55
* Source: EXCL: Headset (USB-C to 3.5mm Headphone Jack Adapter), MICROPHONE (Master Volume), 0, volume: 0.250
* Format: 256k Log Swept Sine, 1 sweep at -6.0 dBFS with no timing reference
* Dated: Jan 21, 2025 11:25:29 PM
* REW Settings:
*  C-weighting compensation: Off
*  Target level: 75.0 dB
* Note: ; 
* Measurement: R 5
* Smoothing: 1/12 octave
* Frequency Step: 96 ppo
* Start Frequency: 20.0 Hz
*
* Freq(Hz), SPL(dB), Phase(degrees)
19.995176, 83.068, 111.4620
20.140070, 83.064, 111.1810
20.286013, 83.078, 110.9745
20.433014, 83.112, 110.8034
20.581080, 83.167, 110.6235
20.730219, 83.241, 110.3920
20.880438, 83.330, 110.0720
21.031747, 83.427, 109.6382
21.184151, 83.526, 109.0793
21.337660, 83.621, 108.3980
21.492282, 83.704, 107.6107
21.648024, 83.772, 106.7445
21.804894, 83.820, 105.8338
21.962902, 83.849, 104.9178
22.122054, 83.860, 104.0363
22.282359, 83.854, 103.2258
22.443827, 83.837, 102.5170
22.606464, 83.815, 101.9305
22.770280, 83.795, 101.4745
22.935282, 83.784, 101.1429
23.101481, 83.790, 100.9148
23.268884, 83.816, 100.7565
23.437500, 83.867, 100.6246
23.607337, 83.942, 100.4721
23.778406, 84.039, 100.2535
23.950714, 84.154, 99.9309
24.124271, 84.282, 99.4773
24.299085, 84.415, 98.8787
24.475166, 84.548, 98.1340
24.652524, 84.673, 97.2534
24.831166, 84.787, 96.2563
25.011103, 84.885, 95.1693
25.192344, 84.965, 94.0226
25.374898, 85.025, 92.8492
25.558775, 85.066, 91.6812
25.743984, 85.090, 90.5491
25.930536, 85.098, 89.4789
26.118439, 85.095, 88.4908
26.307704, 85.084, 87.5974
26.498340, 85.070, 86.8027
26.690358, 85.058, 86.1021
26.883768, 85.049, 85.4834
27.078578, 85.047, 84.9291
27.274801, 85.052, 84.4194
27.472445, 85.063, 83.9358
27.671522, 85.080, 83.4642
27.872041, 85.100, 82.9969
28.074014, 85.121, 82.5331
28.277450, 85.141, 82.0775
28.482360, 85.160, 81.6378
28.688755, 85.180, 81.2215
28.896645, 85.200, 80.8327
29.106042, 85.223, 80.4695
29.316956, 85.251, 80.1237
29.529399, 85.284, 79.7817
29.743381, 85.324, 79.4269
29.958914, 85.367, 79.0443
30.176009, 85.412, 78.6234
30.394677, 85.456, 78.1608
30.614929, 85.497, 77.6612
30.836777, 85.533, 77.1355
31.060233, 85.562, 76.5980
31.285309, 85.586, 76.0628
31.512015, 85.606, 75.5403
31.740364, 85.624, 75.0350
31.970368, 85.641, 74.5449
32.202038, 85.660, 74.0636
32.435387, 85.680, 73.5829
32.670428, 85.700, 73.0971
32.907171, 85.719, 72.6048
33.145630, 85.736, 72.1107
33.385817, 85.751, 71.6241
33.627744, 85.763, 71.1555
33.871425, 85.774, 70.7138
34.116871, 85.786, 70.3022
34.364096, 85.802, 69.9171
34.613112, 85.822, 69.5485
34.863933, 85.847, 69.1838
35.116572, 85.876, 68.8115
35.371041, 85.907, 68.4250
35.627354, 85.937, 68.0247
35.885524, 85.965, 67.6173
36.145566, 85.991, 67.2130
36.407491, 86.014, 66.8208
36.671315, 86.037, 66.4455
36.937051, 86.060, 66.0859
37.204712, 86.084, 65.7352
37.474312, 86.109, 65.3846
37.745867, 86.134, 65.0265
38.019389, 86.158, 64.6582
38.294893, 86.179, 64.2827
38.572393, 86.195, 63.9073
38.851905, 86.208, 63.5411
39.133442, 86.218, 63.1912
39.417019, 86.226, 62.8610
39.702651, 86.235, 62.5492
39.990353, 86.244, 62.2512
40.280139, 86.255, 61.9603
40.572026, 86.268, 61.6699
40.866027, 86.283, 61.3744
41.162159, 86.299, 61.0694
41.460437, 86.316, 60.7529
41.760877, 86.332, 60.4260
42.063493, 86.348, 60.0938
42.368303, 86.362, 59.7651
42.675321, 86.375, 59.4503
42.984564, 86.390, 59.1570
43.296048, 86.408, 58.8859
43.609789, 86.431, 58.6276
43.925803, 86.460, 58.3647
44.244108, 86.495, 58.0781
44.564719, 86.532, 57.7549
44.887653, 86.567, 57.3950
45.212928, 86.597, 57.0115
45.540559, 86.621, 56.6256
45.870565, 86.640, 56.2578
46.202962, 86.655, 55.9196
46.537767, 86.671, 55.6111
46.874999, 86.687, 55.3231
47.214675, 86.704, 55.0441
47.556812, 86.721, 54.7664
47.901428, 86.738, 54.4881
48.248542, 86.754, 54.2100
48.598170, 86.770, 53.9312
48.950333, 86.786, 53.6472
49.305047, 86.800, 53.3519
49.662332, 86.813, 53.0426
50.022206, 86.822, 52.7246
50.384687, 86.827, 52.4107
50.749795, 86.829, 52.1161
51.117549, 86.829, 51.8507
51.487968, 86.831, 51.6136
51.861071, 86.838, 51.3929
52.236878, 86.848, 51.1712
52.615408, 86.862, 50.9338
52.996681, 86.876, 50.6753
53.380716, 86.889, 50.4006
53.767535, 86.899, 50.1213
54.157157, 86.906, 49.8494
54.549602, 86.911, 49.5918
54.944891, 86.915, 49.3495
55.343044, 86.919, 49.1204
55.744083, 86.923, 48.9022
56.148027, 86.926, 48.6939
56.554899, 86.929, 48.4937
56.964719, 86.932, 48.2971
57.377509, 86.935, 48.0988
57.793290, 86.937, 47.8982
58.212084, 86.935, 47.7051
58.633913, 86.931, 47.5385
59.058798, 86.928, 47.4151
59.486763, 86.930, 47.3364
59.917828, 86.941, 47.2816
60.352018, 86.964, 47.2150
60.789353, 86.994, 47.1039
61.229858, 87.029, 46.9345
61.673555, 87.063, 46.7153
62.120467, 87.094, 46.4678
62.570617, 87.121, 46.2137
63.024030, 87.148, 45.9658
63.480728, 87.174, 45.7271
63.940735, 87.200, 45.4944
64.404076, 87.228, 45.2628
64.870775, 87.255, 45.0280
65.340855, 87.283, 44.7880
65.814342, 87.309, 44.5432
66.291260, 87.334, 44.2954
66.771634, 87.358, 44.0456
67.255488, 87.381, 43.7935
67.742849, 87.402, 43.5377
68.233742, 87.421, 43.2782
68.728192, 87.438, 43.0175
69.226225, 87.453, 42.7594
69.727866, 87.467, 42.5068
70.233143, 87.479, 42.2590
70.742082, 87.492, 42.0122
71.254708, 87.504, 41.7620
71.771049, 87.516, 41.5058
72.291131, 87.526, 41.2437
72.814983, 87.535, 40.9774
73.342630, 87.543, 40.7084
73.874101, 87.549, 40.4382
74.409423, 87.553, 40.1695
74.948625, 87.556, 39.9063
75.491733, 87.557, 39.6527
76.038777, 87.559, 39.4098
76.589786, 87.561, 39.1754
77.144787, 87.564, 38.9461
77.703810, 87.568, 38.7196
78.266884, 87.571, 38.4968
78.834038, 87.575, 38.2791
79.405302, 87.579, 38.0659
79.980705, 87.583, 37.8543
80.560278, 87.586, 37.6410
81.144051, 87.589, 37.4254
81.732055, 87.589, 37.2106
82.324319, 87.588, 37.0007
82.920875, 87.585, 36.7979
83.521754, 87.581, 36.6011
84.126987, 87.577, 36.4080
84.736605, 87.572, 36.2177
85.350642, 87.567, 36.0321
85.969128, 87.560, 35.8553
86.592096, 87.554, 35.6915
87.219578, 87.547, 35.5425
87.851607, 87.542, 35.4070
88.488216, 87.538, 35.2812
89.129438, 87.535, 35.1623
89.775306, 87.533, 35.0494
90.425855, 87.531, 34.9413
91.081118, 87.529, 34.8330
91.741129, 87.529, 34.7168
92.405924, 87.528, 34.5883
93.075535, 87.525, 34.4492
93.749999, 87.522, 34.3045
94.429350, 87.517, 34.1598
95.113624, 87.512, 34.0199
95.802856, 87.507, 33.8891
96.497083, 87.503, 33.7686
97.196341, 87.501, 33.6565
97.900666, 87.501, 33.5491
98.610094, 87.502, 33.4428
99.324664, 87.503, 33.3362
100.044411, 87.504, 33.2315
100.769374, 87.504, 33.1320
101.499591, 87.503, 33.0397
102.235098, 87.501, 32.9534
102.975936, 87.499, 32.8711
103.722142, 87.496, 32.7931
104.473756, 87.493, 32.7201
105.230815, 87.490, 32.6509
105.993361, 87.487, 32.5823
106.761433, 87.484, 32.5114
107.535070, 87.481, 32.4380
108.314314, 87.478, 32.3630
109.099204, 87.474, 32.2865
109.889782, 87.471, 32.2082
110.686088, 87.468, 32.1288
111.488165, 87.466, 32.0499
112.296055, 87.466, 31.9733
113.109798, 87.466, 31.9012
113.929438, 87.468, 31.8366
114.755018, 87.471, 31.7815
115.586580, 87.474, 31.7371
116.424168, 87.477, 31.7037
117.267826, 87.479, 31.6799
118.117597, 87.482, 31.6602
118.973525, 87.483, 31.6356
119.835657, 87.483, 31.5981
120.704035, 87.480, 31.5464
121.578706, 87.475, 31.4864
122.459716, 87.468, 31.4256
123.347109, 87.460, 31.3716
124.240933, 87.453, 31.3325
125.141234, 87.446, 31.3120
126.048059, 87.443, 31.3049
126.961456, 87.443, 31.3005
127.881471, 87.444, 31.2897
128.808153, 87.445, 31.2685
129.741550, 87.445, 31.2387
130.681710, 87.444, 31.2061
131.628684, 87.442, 31.1757
132.582520, 87.440, 31.1493
133.543267, 87.439, 31.1258
134.510977, 87.438, 31.1032
135.485699, 87.437, 31.0809
136.467484, 87.437, 31.0593
137.456384, 87.435, 31.0380
138.452449, 87.433, 31.0153
139.455733, 87.430, 30.9908
140.466286, 87.427, 30.9655
141.484163, 87.422, 30.9399
142.509416, 87.418, 30.9152
143.542098, 87.414, 30.8937
144.582263, 87.409, 30.8793
145.629965, 87.405, 30.8749
146.685260, 87.400, 30.8807
147.748202, 87.396, 30.8930
148.818846, 87.391, 30.9071
149.897249, 87.387, 30.9191
150.983466, 87.382, 30.9266
152.077555, 87.377, 30.9288
153.179572, 87.373, 30.9265
154.289574, 87.369, 30.9231
155.407620, 87.366, 30.9254
156.533767, 87.363, 30.9412
157.668076, 87.360, 30.9744
158.810603, 87.359, 31.0238
159.961411, 87.357, 31.0843
161.120557, 87.356, 31.1497
162.288103, 87.354, 31.2148
163.464109, 87.350, 31.2766
164.648638, 87.345, 31.3340
165.841750, 87.340, 31.3878
167.043507, 87.335, 31.4389
168.253973, 87.331, 31.4878
169.473211, 87.327, 31.5357
170.701284, 87.325, 31.5845
171.938256, 87.323, 31.6365
173.184191, 87.322, 31.6930
174.439155, 87.319, 31.7535
175.703213, 87.316, 31.8172
176.976431, 87.311, 31.8847
178.258875, 87.305, 31.9571
179.550613, 87.299, 32.0330
180.851710, 87.294, 32.1084
182.162236, 87.290, 32.1785
183.482259, 87.287, 32.2403
184.811847, 87.284, 32.2944
186.151070, 87.281, 32.3442
187.499997, 87.276, 32.3942
188.858700, 87.270, 32.4489
190.227248, 87.263, 32.5111
191.605713, 87.256, 32.5818
192.994167, 87.251, 32.6606
194.392682, 87.246, 32.7454
195.801331, 87.242, 32.8342
197.220189, 87.237, 32.9281
198.649327, 87.233, 33.0295
200.088822, 87.228, 33.1396
201.538748, 87.222, 33.2571
202.999181, 87.216, 33.3802
204.470197, 87.209, 33.5072
205.951872, 87.202, 33.6378
207.444284, 87.195, 33.7715
208.947511, 87.187, 33.9077
210.461631, 87.179, 34.0447
211.986723, 87.170, 34.1818
213.522866, 87.160, 34.3207
215.070141, 87.151, 34.4651
216.628627, 87.142, 34.6180
218.198408, 87.133, 34.7813
219.779563, 87.124, 34.9547
221.372177, 87.115, 35.1369
222.976331, 87.107, 35.3265
224.592109, 87.100, 35.5223
226.219596, 87.093, 35.7244
227.858877, 87.088, 35.9331
229.510036, 87.084, 36.1465
231.173160, 87.080, 36.3622
232.848336, 87.076, 36.5786
234.535651, 87.072, 36.7966
236.235193, 87.068, 37.0196
237.947051, 87.063, 37.2531
239.671313, 87.059, 37.5035
241.408071, 87.054, 37.7762
243.157413, 87.051, 38.0721
244.919432, 87.050, 38.3878
246.694219, 87.052, 38.7178
248.481867, 87.057, 39.0563
250.282469, 87.065, 39.3983
252.096119, 87.076, 39.7398
253.922911, 87.091, 40.0784
255.762941, 87.107, 40.4133
257.616305, 87.127, 40.7437
259.483099, 87.149, 41.0687
261.363421, 87.174, 41.3857
263.257368, 87.204, 41.6916
265.165039, 87.238, 41.9816
267.086534, 87.276, 42.2502
269.021953, 87.318, 42.4912
270.971397, 87.362, 42.6995
272.934968, 87.407, 42.8710
274.912767, 87.450, 43.0047
276.904898, 87.490, 43.1025
278.911465, 87.527, 43.1696
280.932573, 87.559, 43.2122
282.968326, 87.586, 43.2358
285.018831, 87.609, 43.2459
287.084195, 87.627, 43.2498
289.164526, 87.640, 43.2567
291.259931, 87.650, 43.2758
293.370520, 87.657, 43.3151
295.496404, 87.661, 43.3792
297.637693, 87.663, 43.4684
299.794498, 87.663, 43.5784
301.966933, 87.662, 43.7028
304.155110, 87.660, 43.8343
306.359143, 87.658, 43.9674
308.579148, 87.657, 44.1001
310.815239, 87.657, 44.2324
313.067535, 87.657, 44.3657
315.336151, 87.657, 44.5018
317.621207, 87.657, 44.6432
319.922821, 87.656, 44.7922
322.241114, 87.655, 44.9502
324.576206, 87.653, 45.1172
326.928219, 87.652, 45.2936
329.297275, 87.651, 45.4813
331.683499, 87.650, 45.6822
334.087014, 87.650, 45.8962
336.507947, 87.649, 46.1207
338.946422, 87.649, 46.3519
341.402567, 87.650, 46.5863
343.876511, 87.651, 46.8220
346.368382, 87.654, 47.0588
348.878310, 87.656, 47.2979
351.406426, 87.660, 47.5394
353.952862, 87.664, 47.7829
356.517750, 87.668, 48.0276
359.101225, 87.672, 48.2731
361.703421, 87.676, 48.5193
364.324473, 87.680, 48.7667
366.964518, 87.684, 49.0157
369.623694, 87.687, 49.2665
372.302140, 87.691, 49.5186
374.999995, 87.694, 49.7710
377.717399, 87.698, 50.0226
380.454495, 87.703, 50.2733
383.211425, 87.709, 50.5234
385.988333, 87.716, 50.7729
388.785364, 87.723, 51.0215
391.602663, 87.729, 51.2693
394.440377, 87.734, 51.5168
397.298655, 87.738, 51.7658
400.177644, 87.742, 52.0194
403.077497, 87.744, 52.2804
405.998362, 87.747, 52.5497
408.940394, 87.750, 52.8257
411.903744, 87.754, 53.1066
414.888569, 87.760, 53.3901
417.895022, 87.766, 53.6728
420.923262, 87.774, 53.9502
423.973445, 87.781, 54.2186
427.045732, 87.788, 54.4774
430.140281, 87.794, 54.7287
433.257255, 87.799, 54.9751
436.396816, 87.802, 55.2187
439.559127, 87.805, 55.4611
442.744354, 87.808, 55.7029
445.952662, 87.810, 55.9428
449.184218, 87.811, 56.1764
452.439192, 87.811, 56.3973
455.717753, 87.808, 56.6018
459.020072, 87.801, 56.7934
462.346321, 87.788, 56.9833
465.696673, 87.770, 57.1866
469.071303, 87.748, 57.4173
472.470387, 87.721, 57.6857
475.894102, 87.691, 57.9984
479.342627, 87.661, 58.3582
482.816141, 87.630, 58.7637
486.314826, 87.601, 59.2090
489.838864, 87.575, 59.6862
493.388438, 87.551, 60.1879
496.963734, 87.531, 60.7087
500.564938, 87.514, 61.2459
504.192238, 87.499, 61.7989
507.845823, 87.487, 62.3677
511.525883, 87.477, 62.9532
515.232610, 87.471, 63.5561
518.966198, 87.470, 64.1744
522.726841, 87.474, 64.8022
526.514735, 87.483, 65.4305
530.330078, 87.497, 66.0521
534.173068, 87.515, 66.6627
538.043907, 87.537, 67.2585
541.942795, 87.561, 67.8349
545.869936, 87.587, 68.3874
549.825534, 87.614, 68.9130
553.809797, 87.642, 69.4120
557.822931, 87.668, 69.8870
561.865146, 87.693, 70.3422
565.936652, 87.717, 70.7818
570.037662, 87.737, 71.2112
574.168390, 87.754, 71.6385
578.329051, 87.767, 72.0733
582.519862, 87.779, 72.5233
586.741041, 87.789, 72.9919
590.992808, 87.799, 73.4789
595.275386, 87.809, 73.9821
599.588997, 87.821, 74.4987
603.933866, 87.834, 75.0259
608.310219, 87.850, 75.5596
612.718286, 87.869, 76.0944
617.158295, 87.889, 76.6250
621.630479, 87.911, 77.1485
626.135069, 87.933, 77.6642
630.672302, 87.955, 78.1739
635.242414, 87.977, 78.6798
639.845642, 87.998, 79.1836
644.482227, 88.019, 79.6859
649.152411, 88.040, 80.1860
653.856437, 88.061, 80.6814
658.594551, 88.082, 81.1691
663.366998, 88.102, 81.6473
668.174029, 88.120, 82.1175
673.015893, 88.135, 82.5835
677.892844, 88.147, 83.0521
682.805135, 88.155, 83.5331
687.753022, 88.159, 84.0374
692.736764, 88.161, 84.5735
697.756620, 88.163, 85.1472
702.812853, 88.165, 85.7598
707.905724, 88.171, 86.4065
713.035501, 88.181, 87.0771
718.202450, 88.196, 87.7591
723.406841, 88.217, 88.4402
728.648945, 88.242, 89.1105
733.929036, 88.270, 89.7642
739.247388, 88.299, 90.4003
744.604279, 88.329, 91.0220
749.999989, 88.359, 91.6343
755.434798, 88.389, 92.2407
760.908990, 88.419, 92.8405
766.422850, 88.448, 93.4315
771.976666, 88.476, 94.0137
777.570727, 88.502, 94.5912
783.205325, 88.526, 95.1703
788.880754, 88.548, 95.7573
794.597309, 88.569, 96.3553
800.355289, 88.589, 96.9650
806.154993, 88.610, 97.5866
811.996725, 88.629, 98.2220
817.880788, 88.649, 98.8739
823.807489, 88.669, 99.5444
829.777138, 88.690, 100.2325
835.790045, 88.712, 100.9348
841.846524, 88.737, 101.6461
847.946891, 88.765, 102.3609
854.091464, 88.794, 103.0756
860.280562, 88.825, 103.7895
866.514510, 88.858, 104.5029
872.793631, 88.893, 105.2150
879.118254, 88.930, 105.9234
885.488707, 88.968, 106.6262
891.905323, 89.008, 107.3236
898.368437, 89.048, 108.0178
904.878385, 89.088, 108.7098
911.435507, 89.130, 109.3972
918.040144, 89.172, 110.0750
924.692641, 89.213, 110.7402
931.393345, 89.253, 111.3949
938.142606, 89.291, 112.0457
944.940774, 89.326, 112.7016
951.788204, 89.361, 113.3713
958.685254, 89.394, 114.0601
965.632282, 89.429, 114.7668
972.629652, 89.465, 115.4828
979.677727, 89.503, 116.1960
986.776876, 89.541, 116.8980
993.927468, 89.577, 117.5928
1001.129876, 89.610, 118.2970
1008.384476, 89.642, 119.0295
1015.691645, 89.673, 119.8017
1023.051766, 89.708, 120.6139
1030.465221, 89.748, 121.4561
1037.932396, 89.795, 122.3096
1045.453682, 89.849, 123.1526
1053.029471, 89.908, 123.9684
1060.660156, 89.969, 124.7491
1068.346137, 90.032, 125.4961
1076.087813, 90.094, 126.2152
1083.885589, 90.155, 126.9092
1091.739871, 90.214, 127.5789
1099.651068, 90.270, 128.2298
1107.619593, 90.322, 128.8735
1115.645861, 90.370, 129.5232
1123.730291, 90.415, 130.1881
1131.873304, 90.456, 130.8727
1140.075325, 90.494, 131.5818
1148.336780, 90.530, 132.3270
1156.658102, 90.566, 133.1204
1165.039724, 90.605, 133.9634
1173.482082, 90.650, 134.8466
1181.985617, 90.702, 135.7544
1190.550772, 90.762, 136.6710
1199.177993, 90.831, 137.5824
1207.867731, 90.909, 138.4747
1216.620439, 90.993, 139.3339
1225.436572, 91.083, 140.1496
1234.316591, 91.175, 140.9154
1243.260957, 91.269, 141.6262
1252.270139, 91.362, 142.2784
1261.344604, 91.452, 142.8761
1270.484827, 91.537, 143.4362
1279.691284, 91.616, 143.9832
1288.964455, 91.692, 144.5313
1298.304823, 91.765, 145.0789
1307.712874, 91.836, 145.6234
1317.189101, 91.905, 146.1676
1326.733996, 91.973, 146.7097
1336.348058, 92.040, 147.2450
1346.031787, 92.104, 147.7841
1355.785688, 92.166, 148.3519
1365.610270, 92.232, 148.9636
1375.506045, 92.305, 149.6065
1385.473529, 92.390, 150.2425
1395.513241, 92.486, 150.8248
1405.625705, 92.589, 151.3108
1415.811448, 92.694, 151.6714
1426.071002, 92.793, 151.9033
1436.404900, 92.880, 152.0308
1446.813682, 92.953, 152.0913
1457.297890, 93.011, 152.1142
1467.858072, 93.056, 152.1136
1478.494776, 93.086, 152.1007
1489.208559, 93.102, 152.0901
1499.999978, 93.105, 152.0960
1510.869596, 93.094, 152.1307
1521.817980, 93.072, 152.2054
1532.845701, 93.039, 152.3292
1543.953332, 92.998, 152.5042
1555.141455, 92.949, 152.7201
1566.410651, 92.893, 152.9691
1577.761508, 92.827, 153.2623
1589.194618, 92.752, 153.6224
1600.710578, 92.671, 154.0717
1612.309986, 92.587, 154.6198
1623.993449, 92.506, 155.2660
1635.761575, 92.429, 156.0117
1647.614978, 92.360, 156.8752
1659.554275, 92.301, 157.8969
1671.580089, 92.259, 159.1138
1683.693048, 92.244, 160.5187
1695.893782, 92.259, 162.0514
1708.182927, 92.308, 163.6131
1720.561125, 92.386, 165.0760
1733.029020, 92.479, 166.3201
1745.587263, 92.572, 167.2770
1758.236508, 92.646, 167.9398
1770.977414, 92.686, 168.3577
1783.810646, 92.685, 168.6267
1796.736874, 92.642, 168.8616
1809.756770, 92.565, 169.1575
1822.871013, 92.462, 169.5646
1836.080288, 92.344, 170.0970
1849.385283, 92.215, 170.7554
1862.786691, 92.081, 171.5437
1876.285211, 91.944, 172.4683
1889.881547, 91.809, 173.5312
1903.576408, 91.680, 174.7214
1917.370507, 91.565, 175.9964
1931.264564, 91.465, 177.2862
1945.259304, 91.377, 178.5166
1959.355454, 91.294, 179.6451
1973.553752, 91.203, -179.3117
1987.854936, 91.101, -178.2970
2002.259752, 90.987, -177.2572
2016.768952, 90.863, -176.1584
2031.383291, 90.733, -174.9837
2046.103531, 90.600, -173.7381
2060.930441, 90.465, -172.4425
2075.864793, 90.328, -171.1031
2090.907365, 90.187, -169.7021
2106.058941, 90.046, -168.2234
2121.320313, 89.909, -166.6683
2136.692274, 89.782, -165.0712
2152.175627, 89.664, -163.4893
2167.771179, 89.551, -161.9698
2183.479742, 89.435, -160.5130
2199.302137, 89.308, -159.0728
2215.239187, 89.170, -157.5835
2231.291723, 89.024, -155.9903
2247.460582, 88.879, -154.2771
2263.746608, 88.744, -152.4807
2280.150649, 88.622, -150.6696
2296.673561, 88.511, -148.8938
2313.316204, 88.407, -147.1697
2330.079447, 88.306, -145.4886
2346.964163, 88.203, -143.8217
2363.971233, 88.100, -142.1336
2381.101543, 87.996, -140.4017
2398.355986, 87.893, -138.6221
2415.735463, 87.791, -136.7924
2433.240878, 87.687, -134.8985
2450.873144, 87.582, -132.9059
2468.633181, 87.479, -130.7772
2486.521915, 87.384, -128.4995
2504.540278, 87.306, -126.0988
2522.689209, 87.250, -123.6429
2540.969655, 87.217, -121.2174
2559.382568, 87.202, -118.8846
2577.928909, 87.200, -116.6709
2596.609645, 87.200, -114.5739
2615.425749, 87.198, -112.5603
2634.378202, 87.188, -110.5650
2653.467992, 87.171, -108.5056
2672.696115, 87.153, -106.3075
2692.063573, 87.147, -103.9441
2711.571376, 87.161, -101.4499
2731.220539, 87.199, -98.9030
2751.012089, 87.256, -96.3787
2770.947057, 87.323, -93.9087
2791.026482, 87.390, -91.4577
2811.251410, 87.452, -88.9391
2831.622897, 87.515, -86.2597
2852.142003, 87.588, -83.3682
2872.809800, 87.686, -80.2849
2893.627364, 87.819, -77.1046
2914.595781, 87.989, -73.9755
2935.716143, 88.188, -71.0527
2956.989553, 88.399, -68.4473
2978.417118, 88.603, -66.1921
2999.999956, 88.782, -64.2287
3021.739192, 88.925, -62.4314
3043.635960, 89.035, -60.6648
3065.691401, 89.121, -58.8413
3087.906665, 89.195, -56.9474
3110.282909, 89.264, -55.0249
3132.821301, 89.329, -53.1250
3155.523016, 89.389, -51.2731
3178.389237, 89.438, -49.4614
3201.421155, 89.476, -47.6651
3224.619973, 89.504, -45.8553
3247.986898, 89.524, -44.0027
3271.523150, 89.542, -42.0973
3295.229956, 89.564, -40.1713
3319.108550, 89.591, -38.2942
3343.160179, 89.615, -36.5269
3367.386096, 89.626, -34.8721
3391.787563, 89.615, -33.2685
3416.365854, 89.580, -31.6303
3441.122250, 89.529, -29.9008
3466.058040, 89.465, -28.0721
3491.174525, 89.395, -26.1622
3516.473015, 89.320, -24.1912
3541.954828, 89.239, -22.1723
3567.621293, 89.150, -20.1078
3593.473747, 89.054, -17.9898
3619.513539, 88.949, -15.8046
3645.742027, 88.836, -13.5401
3672.160576, 88.716, -11.1882
3698.770566, 88.591, -8.7370
3725.573382, 88.463, -6.1673
3752.570422, 88.338, -3.4750
3779.763094, 88.221, -0.6923
3807.152816, 88.116, 2.1286
3834.741015, 88.022, 4.9489
3862.529129, 87.934, 7.7659
3890.518607, 87.851, 10.6085
3918.710909, 87.774, 13.5164
3947.107503, 87.708, 16.5161
3975.709871, 87.659, 19.6058
4004.519504, 87.630, 22.7569
4033.537903, 87.623, 25.9301
4062.766581, 87.637, 29.0933
4092.207063, 87.666, 32.2235
4121.860882, 87.707, 35.3050
4151.729585, 87.752, 38.3488
4181.814729, 87.796, 41.4117
4212.117883, 87.841, 44.5667
4242.640625, 87.893, 47.8461
4273.384548, 87.958, 51.2246
4304.351254, 88.038, 54.6596
4335.542358, 88.135, 58.1302
4366.959485, 88.252, 61.6154
4398.604273, 88.392, 65.0421
4430.478373, 88.553, 68.2914
4462.583446, 88.721, 71.2748
4494.921165, 88.882, 73.9987
4527.493217, 89.026, 76.5605
4560.301299, 89.154, 79.0790
4593.347122, 89.276, 81.6053
4626.632409, 89.397, 84.1107
4660.158894, 89.517, 86.5638
4693.928327, 89.635, 88.9839
4727.942466, 89.752, 91.4133
4762.203086, 89.874, 93.8699
4796.711973, 90.007, 96.3356
4831.470925, 90.152, 98.7677
4866.481755, 90.306, 101.1341
4901.746288, 90.465, 103.4390
4937.266362, 90.631, 105.6991
4973.043830, 90.802, 107.9033
5009.080555, 90.978, 110.0201
5045.378418, 91.152, 112.0346
5081.939310, 91.321, 113.9588
5118.765137, 91.482, 115.8118
5155.857819, 91.635, 117.6037
5193.219290, 91.778, 119.3319
5230.851498, 91.911, 120.9895
5268.756404, 92.030, 122.5721
5306.935985, 92.136, 124.0725
5345.392231, 92.226, 125.4690
5384.127146, 92.295, 126.7312
5423.142751, 92.338, 127.8373
5462.441079, 92.347, 128.7867
5502.024179, 92.316, 129.5974
5541.894114, 92.242, 130.2857
5582.052963, 92.121, 130.8613
5622.502820, 91.947, 131.3438
5663.245793, 91.714, 131.7768
5704.284007, 91.418, 132.2308
5745.619600, 91.060, 132.7771
5787.254728, 90.647, 133.4507
5829.191562, 90.180, 134.2584
5871.432287, 89.661, 135.2102
5913.979105, 89.090, 136.3107
5956.834236, 88.469, 137.5382
5999.999912, 87.788, 138.8759
6043.478385, 87.037, 140.3797
6087.271921, 86.199, 142.2094
6131.382802, 85.267, 144.6132
6175.813330, 84.241, 147.9443
6220.565819, 83.134, 152.7449
6265.642603, 81.983, 159.8487
6311.046032, 80.862, 170.3870
6356.778473, 79.895, -174.6495
6402.842310, 79.231, -155.9374
6449.239945, 78.973, -137.1026
6495.973796, 79.108, -121.9005
6543.046300, 79.508, -111.1398
6590.459911, 80.020, -103.7979
6638.217100, 80.534, -98.6700
6686.320358, 80.987, -94.9045
6734.772191, 81.351, -91.9846
6783.575127, 81.614, -89.5782
6832.731709, 81.777, -87.4568
6882.244499, 81.845, -85.4875
6932.116080, 81.824, -83.6108
6982.349051, 81.713, -81.7911
7032.946030, 81.513, -79.9920
7083.909656, 81.218, -78.1694
7135.242586, 80.824, -76.2552
7186.947495, 80.326, -74.1514
7239.027079, 79.725, -71.7651
7291.484053, 79.017, -69.0092
7344.321152, 78.200, -65.7376
7397.541131, 77.276, -61.7027
7451.146763, 76.257, -56.5298
7505.140844, 75.181, -49.5959
7559.526189, 74.127, -39.7184
7614.305632, 73.248, -24.4315
7669.482029, 72.772, 1.0521
7725.058258, 72.903, 38.9036
7781.037214, 73.669, 73.9037
7837.421817, 74.897, 96.3540
7894.215007, 76.370, 110.6948
7951.419743, 77.927, 120.6715
8009.039008, 79.476, 127.9808
8067.075806, 80.967, 133.4492
8125.533163, 82.376, 137.5524
8184.414126, 83.689, 140.5965
8243.721764, 84.901, 142.8121
8303.459170, 86.008, 144.3884
8363.629458, 87.012, 145.4720
8424.235765, 87.914, 146.1802
8485.281250, 88.717, 146.6171
8546.769096, 89.422, 146.8732
8608.702508, 90.034, 147.0294
8671.084715, 90.554, 147.1700
8733.918969, 90.987, 147.3817
8797.208547, 91.340, 147.7474
8860.956746, 91.618, 148.3519
8925.166891, 91.832, 149.2811
8989.842330, 91.993, 150.6158
9054.986433, 92.117, 152.4307
9120.602598, 92.222, 154.7793
9186.694244, 92.331, 157.6719
9253.264817, 92.465, 161.0607
9320.317788, 92.642, 164.8284
9387.856653, 92.872, 168.7938
9455.884932, 93.155, 172.7531
9524.406173, 93.483, 176.5347
9593.423946, 93.842, -179.9586
9662.941850, 94.222, -176.7421
9732.963510, 94.619, -173.8026
9803.492576, 95.032, -171.1565
9874.532725, 95.462, -168.8685
9946.087659, 95.901, -167.0361
10018.161110, 96.339, -165.7571
10090.756835, 96.759, -165.1077
10163.878619, 97.141, -165.1322
10237.530273, 97.462, -165.8336
10311.715638, 97.697, -167.1705
10386.438580, 97.823, -169.0524
10461.702996, 97.819, -171.3391
10537.512808, 97.668, -173.8503
10613.871970, 97.359, -176.3704
10690.784461, 96.888, -178.6593
10768.254293, 96.261, 179.5291
10846.285502, 95.490, 178.4271
10924.882158, 94.597, 178.2286
11004.048358, 93.608, 179.0710
11083.788228, 92.553, -178.9792
11164.105927, 91.462, -175.9351
11245.005640, 90.361, -171.8849
11326.491587, 89.273, -166.9700
11408.568014, 88.210, -161.3334
11491.239200, 87.181, -155.0698
11574.509457, 86.191, -148.2157
11658.383123, 85.250, -140.8007
11742.864573, 84.371, -132.9273
11827.958211, 83.571, -124.8293
11913.668472, 82.863, -116.8732
11999.999825, 82.250, -109.4914
12086.956770, 81.720, -103.0714
12174.543841, 81.243, -97.8560
12262.765605, 80.779, -93.9186
12351.626659, 80.284, -91.2059
12441.131638, 79.723, -89.6081
12531.285206, 79.070, -89.0392
12622.092064, 78.319, -89.5201
12713.556946, 77.480, -91.2611
12805.684621, 76.588, -94.7334
12898.479890, 75.712, -100.7286
12991.947593, 74.967, -110.3111
13086.092601, 74.507, -124.2645
13180.919822, 74.470, -141.5201
13276.434201, 74.876, -158.4524
13372.640716, 75.604, -171.9219
13469.544383, 76.489, 178.5454
13567.150254, 77.399, 172.0973
13665.463417, 78.264, 167.8610
13764.488998, 79.057, 165.2265
13864.232160, 79.775, 163.7706
13964.698101, 80.422, 163.1762
14065.892060, 81.000, 163.2062
14167.819312, 81.514, 163.6919
14270.485171, 81.965, 164.5137
14373.894990, 82.359, 165.5829
14478.054158, 82.700, 166.8352
14582.968107, 82.993, 168.2219
14688.642305, 83.242, 169.6955
14795.082262, 83.454, 171.1919
14902.293527, 83.631, 172.6271
15010.281689, 83.767, 173.9122
15119.052378, 83.850, 174.9929
15228.611264, 83.863, 175.9022
15338.964058, 83.790, 176.8036
15450.116515, 83.630, 177.9902
15562.074428, 83.408, 179.7917
15674.843635, 83.182, -177.6388
15788.430013, 83.018, -174.5587
15902.839485, 82.953, -171.6136
16018.078016, 82.961, -169.4620
16134.151612, 82.976, -168.4021
16251.066326, 82.928, -168.3173
16368.828251, 82.769, -168.8503
16487.443528, 82.484, -169.5970
16606.918341, 82.086, -170.2296
16727.258917, 81.609, -170.5707
16848.471530, 81.099, -170.6415
16970.562500, 80.600, -170.6801
17093.538192, 80.133, -171.0802
17217.405016, 79.685, -172.2332
17342.169430, 79.204, -174.3467
17467.837939, 78.620, -177.3621
17594.417093, 77.878, 178.9952
17721.913492, 76.946, 175.1053
17850.333783, 75.829, 171.4003
17979.684660, 74.574, 168.4811
18109.972866, 73.305, 167.7042
18241.205195, 72.271, 174.1180
18373.388487, 71.823, -144.9993
18506.529634, 72.155, -87.1757
18640.635577, 73.095, -77.2172
18775.713306, 74.299, -79.5084
18911.769865, 75.524, -85.8399
19048.812345, 76.656, -94.2859
19186.847892, 77.654, -104.1428
19325.883701, 78.507, -114.9875
19465.927021, 79.210, -126.3518
19606.985152, 79.761, -137.5435
19749.065449, 80.163, -147.5789
19892.175318, 80.422, -155.2758
20036.322221, 80.548, -159.5006
